USID51 WIMM 050000
TTAA  55001 96035 99007 26021 34004 00075 25622 06502
92759 22015 32513 85490 18626 30506 70134 09625 16005
50587 03559 10002 40760 13768 09533 30971 30175 09044
25098 40740 12025 20245 53157 16024 15424 68159 13536
10658 80759 07052 88115 79558 07031 77999 31313 73508
82330=

NNNNN

UKID51 WIMM 050000
TTBB  55008 96035 00007 26021 11901 20609 22875 20041 33796
15209 44673 07420 55638 06450 66608 03416 77582 02648 88561
00856 99554 00047 11541 01123 22515 02359 33488 04939 44477
05359 55429 10362 66420 11358 77396 14169 88359 20360 99350
21958 11341 23366 22325 25970 33310 28958 44308 29157 55301
30168 66277 34760 77267 37146 88244 41736 99211 49958 11194
54757 22189 55960 33173 61158 44166 62561 55115 79558 66100
80759 21212 00007 34004 11910 31513 22849 30505 33820 35001
44792 08003 55764 16504 66738 17505 77712 10505 88687 15505
99638 12005 11615 08008 22593 06511 33550 06010 44511 07503
55492 15504 66473 16505 77438 13020 88421 11027 99405 10030
11374 09031 22318 09545 33268 10529 44257 11527 55195 16525
66186 17531 77178 17529 88169 17027 99154 14034 11146 13037
22139 12529 33119 07529 44113 06534 55107 06541 66102 07049
31313 73508 82330 41414 59478=

NNNNN

ULID51 WIMM 050000
TTCC  55002 96035 70863 76966 14506 50063 67382 22516
30373 59984 03017 20630 54585 23512 88999 77999 31313
73508 82330=

NNNNN

UEID51 WIMM 050000
TTDD  5500/ 96035 11886 75565 22707 76966 33590 70771 44550
65582 55497 67582 66469 65182 77420 67982 88332 65382 99287
58184 11259 59384 22239 58984 33225 55185 44181 56585 21212
11963 08551 22913 08536 33867 11025 44823 16519 55781 18017
66704 15506 77668 10005 88635 24504 99604 03007 11574 04008
22546 24007 33494 22015 44448 29511 55405 24515 66349 33524
77317 36019 88302 03017 99288 03509 11274 34014 22262 36017
33249 00519 44238 03011 55227 12510 66216 17518 77206 18514
88188 34005 31313 73508 82330=

NNNNN

UPID51 WIMM 050000
PPAA  55008 96035 55385 30506 16005 10002 55340 09533
09044 12025 55320 16024 13536 07052 77999=

NNNNN

UGID51 WIMM 050000
PPBB  55008 96035 90/35 34004 31513 30505 90678 35001 08003
16504 909// 17505 91013 10505 15505 12005 91457 08008 06511
06010 919// 07503 92013 15504 16505 13020 92457 11027 10030
09031 93156 09545 10529 11527 94234 16525 17531 17529 94578
17027 14034 13037 949// 12529 95234 07529 06534 06541 955//
07049=

NNNNN

UHID51 WIMM 050000
PPCC  55008 96035 55370 14506 22516 03017 55120 23512
77999=

NNNNN

UQID51 WIMM 050000
PPDD  55008 96035 95678 08551 08536 11025 959// 16519 96023
18017 15506 10005 96456 24504 03007 04008 9679/ 24007 22015
97136 29511 24515 33524 9789/ 36019 03017 98012 03509 34014
36017 98345 00519 03011 12510 98679 17518 18514 34005=

NNNNN
