USID51 WIMM 050000
TTAA  55001 96035 99009 24813 00000 00088 25030 24507
92776 22420 07503 85507 17821 02504 70161 11056 27011
50588 04917 26003 40760 15322 11012 30971 30141 11510
25098 40158 10018 20246 53358 09021 15424 68943 10038
10659 78356 26014 88999 77999 31313 73508 82330=

NNNNN

UKID51 WIMM 050000
TTBB  55008 96035 00009 24813 11992 25841 22821 15610 33763
14056 44723 12456 55560 00022 66510 03920 77437 12704 88400
15322 99342 23345 11318 27123 22270 36336 33251 39958 44229
45542 55211 50358 66178 60145 77141 71934 88132 74950 99115
79544 11114 78750 22109 76357 33100 78356 21212 00009 00000
11976 22003 22944 11006 33912 04503 44881 09003 55851 02504
66822 33503 77793 02008 88766 29504 99688 26012 11617 29505
22573 20006 33531 23506 44512 28505 55493 23002 66474 10009
77439 10512 88422 11516 99318 08010 11305 11510 22268 09015
33161 09027 44154 09535 55119 09048 66113 09026 77107 13004
88102 24007 31313 73508 82330 41414 35436=

NNNNN

ULID51 WIMM 050000
TTCC  55002 96035 70860 75758 29029 50057 70358 26037
30367 58558 27020 20622 56159 03531 88835 83946 25017
77999 31313 73508 82330=

NNNNN

UEID51 WIMM 050000
TTDD  5500/ 96035 11974 78956 22835 83946 33772 82750 44743
79358 55716 78556 66694 74559 77643 74956 88564 72158 99407
65358 11378 66157 22307 59159 33274 57158 44241 60156 55192
56158 66182 53361 77147 50763 88131 46769 21212 11964 27018
22821 24012 33778 31512 44700 29029 55665 28547 66570 26037
77421 25540 88363 28034 99329 27525 11299 27021 22285 28017
33271 04501 44259 18509 55247 18517 66235 18012 77204 03023
88195 04539 99177 09036 11154 09543 22141 07554 33134 08059
31313 73508 82330=

NNNNN

UPID51 WIMM 050000
PPAA  55008 96035 55385 02504 27011 26003 55340 11012
11510 10018 55320 09021 10038 26014 77999=

NNNNN

UGID51 WIMM 050000
PPBB  55008 96035 90/12 00000 22003 11006 90345 04503 09003
02504 90678 33503 02008 29504 91146 26012 29505 20006 9189/
23506 28505 92013 23002 10009 10512 924// 11516 93125 08010
11510 09015 9467/ 09027 09535 95234 09048 09026 13004 955//
24007=

NNNNN

UHID51 WIMM 050000
PPCC  55008 96035 55370 29029 26037 27020 55120 03531
77999=

NNNNN

UQID51 WIMM 050000
PPDD  55008 96035 9569/ 27018 24012 96023 31512 29029 28547
966// 26037 97257 25540 28034 27525 979// 27021 98012 28017
04501 18509 98347 18517 18012 03023 988// 04539 99035 09036
09543 07554 996// 08059=

NNNNN
