USID51 WIMM 110000
TTAA  61001 96035 99007 24206 00000 00072 24621 24003
92755 23239 27508 85493 19456 27508 70140 10849 31011
50587 05132 00000 40759 15525 31506 30970 29348 12509
25097 39533 07514 20246 53156 08013 15423 69157 10032
10656 84148 06523 88102 84932 06532 77999 31313 73508
82330=

NNNNN

UKID51 WIMM 110000
TTBB  61008 96035 00007 24206 11978 24840 22933 23856 33872
20229 44849 19457 55713 11042 66689 10656 77567 00015 88456
09123 99443 09745 11405 14739 22394 16312 33376 17756 44346
22144 55338 23550 66332 24559 77329 25162 88321 26750 99296
29943 11160 65750 22144 70357 33112 81756 44102 84932 55100
84148 21212 00007 00000 11974 28511 22941 28508 33879 26007
44849 28008 55820 29011 66792 28510 77765 27509 88712 31012
99662 34011 11639 03005 22616 02005 33572 06504 44551 31503
55530 15004 66511 12504 77492 27503 88455 35508 99421 30506
11405 34505 22389 32508 33374 34503 44359 21001 55345 15005
66331 12508 77304 13010 88292 15503 99280 08002 11268 11007
22245 07014 33178 09519 44154 10024 55146 10039 66139 10524
77119 09520 88107 06035 31313 73508 82330 41414 35477=

NNNNN

ULID51 WIMM 110000
TTCC  61002 96035 70859 73157 26530 50056 71158 26030
30367 57971 22035 20624 56374 09034 88999 77999 31313
73508 82330=

NNNNN

UEID51 WIMM 110000
TTDD  6100/ 96035 11952 83746 22913 78359 33852 80150 44811
78558 55713 73358 66633 74142 77590 71357 88529 73556 99513
72358 11482 70756 22444 67160 33392 64561 44364 65960 55335
62568 66290 56371 77270 55172 88252 58374 99236 59169 11222
54977 22200 56374 33195 57376 44193 57976 55190 54380 66160
51979 21212 11958 07010 22908 00513 33862 35519 44817 33009
55775 26518 66736 30521 77699 26531 88489 26530 99442 27531
11400 26529 22363 27028 33345 22023 44329 22034 55298 21536
66285 22013 77272 31013 88259 33025 99247 33033 11235 34526
22224 02525 33204 08533 44177 08048 55162 09549 31313 73508
82330=

NNNNN

UPID51 WIMM 110000
PPAA  61008 96035 55385 27508 31011 00000 55340 31506
12509 07514 55320 08013 10032 06523 77999=

NNNNN

UGID51 WIMM 110000
PPBB  61008 96035 90/12 00000 28511 28508 90456 26007 28008
29011 9078/ 28510 27509 91023 31012 34011 03005 91467 02005
06504 31503 9189/ 15004 12504 92024 27503 35508 30506 92567
34505 32508 34503 9289/ 21001 15005 93023 12508 13010 15503
93457 08002 11007 07014 94478 09519 10024 10039 949// 10524
9524/ 09520 06035=

NNNNN

UHID51 WIMM 110000
PPCC  61008 96035 55370 26530 26030 22035 55120 09034
77999=

NNNNN

UQID51 WIMM 110000
PPDD  61008 96035 95678 07010 00513 35519 959// 33009 96012
26518 30521 26531 969// 26530 97135 27531 26529 27028 97679
22023 22034 21536 98012 22013 31013 33025 98345 33033 34526
02525 987// 08533 9902/ 08048 09549=

NNNNN
