USID51 WIMM 280000
TTAA  78001 96035 99006 25620 16004 00059 25423 16002
92746 22830 32513 85484 19228 02008 70133 10032 30506
50586 05117 14006 40758 15119 02513 30970 29333 08514
25097 39926 09523 20246 52938 11531 15425 67156 11067
10659 82156 10028 88999 77999 31313 73508 82330=

NNNNN

UKID51 WIMM 280000
TTBB  78008 96035 00006 25620 11980 26241 22781 15026 33725
10610 44697 10045 55555 00015 66523 03306 77439 10315 88330
24130 99277 33733 11205 51335 22160 64950 33132 71760 44100
82156 21212 00006 16004 11973 30008 22941 32511 33909 33010
44879 01010 55849 02008 66764 02505 77737 34007 88711 33006
99686 27008 11661 28503 22638 25506 33615 28006 44571 24008
55550 33503 66530 05504 77510 10007 88473 13510 99455 07508
11437 09519 22404 03514 33359 10010 44344 09007 55330 08510
66317 12016 77292 08516 88235 10027 99224 10031 11214 11528
22205 11530 33170 12047 44154 11564 55119 08552 31313 73508
82330 41414 45478=

NNNNN

ULID51 WIMM 280000
TTCC  78002 96035 70861 76956 29030 50056 74142 26526
30362 63344 23020 20615 57350 33520 88878 85350 12015
77999 31313 73508 82330=

NNNNN

UEID51 WIMM 280000
TTDD  7800/ 96035 11878 85350 22846 81158 33797 80956 44779
77158 55606 72957 66505 73941 77497 74541 88490 72357 99449
71348 11367 67356 22306 63743 33277 64730 44259 62150 55234
60740 66227 58556 77204 57939 88180 55157 21212 11964 10521
22914 13017 33865 10017 44820 03521 55777 03011 66738 30012
77701 29029 88665 32521 99600 26528 11541 29031 22514 27026
33488 24533 44464 24527 55419 27029 66399 28531 77361 27530
88327 24524 99269 22518 11232 28515 22211 34019 33192 35506
44183 03018 31313 73508 82330=

NNNNN

UPID51 WIMM 280000
PPAA  78008 96035 55385 02008 30506 14006 55340 02513
08514 09523 55320 11531 11067 10028 77999=

NNNNN

UGID51 WIMM 280000
PPBB  78008 96035 90/12 16004 30008 32511 90345 33010 01010
02008 9089/ 02505 34007 91012 33006 27008 28503 91346 25506
28006 24008 91789 33503 05504 10007 92123 13510 07508 09519
92589 03514 10010 09007 93013 08510 12016 08516 9389/ 10027
10031 94015 11528 11530 12047 947// 11564 952// 08552=

NNNNN

UHID51 WIMM 280000
PPCC  78008 96035 55370 29030 26526 23020 55120 33520
77999=

NNNNN

UQID51 WIMM 280000
PPDD  78008 96035 95678 10521 13017 10017 959// 03521 96012
03011 30012 29029 96357 32521 26528 29031 9689/ 27026 24533
97023 24527 27029 28531 9757/ 27530 24524 98146 22518 28515
34019 9889/ 35506 03018=

NNNNN
