USID51 WIMM 140000
TTAA  64001 96035 99009 25020 00000 00083 27056 24005
92769 23044 29503 85508 19856 33003 70148 10256 01004
50587 04731 13014 40759 15717 11518 30970 29556 12031
25097 39959 12529 20245 52745 10035 15424 67956 10536
10662 79563 35005 88999 77999 31313 73508 82330=

NNNNN

UKID51 WIMM 140000
TTBB  64008 96035 00009 25020 11001 26856 22983 26020 33888
22056 44792 15232 55612 03457 66591 01847 77582 01258 88566
00046 99557 01126 11546 01750 22533 03121 33505 04331 44398
15916 55360 21113 66348 22723 77337 23758 88327 25361 99296
30550 11267 36356 22262 37160 33221 47932 44183 57956 55155
66749 66138 71558 77125 69766 88100 79563 21212 00009 00000
11976 36003 22943 04504 33911 04004 44881 00000 55851 33503
66793 35506 77739 34505 88713 02502 99687 34504 11663 04003
22616 01003 33594 11004 44551 08505 55531 12012 66389 13515
77373 16020 88344 13026 99317 12531 11292 12030 22279 12028
33268 11530 44235 13530 55214 12028 66205 11030 77169 08538
88132 10534 99125 14511 11119 22512 22113 24514 33102 33508
31313 73508 82330 41414 25436=

NNNNN

ULID51 WIMM 140000
TTCC  64002 96035 70862 80360 24520 50059 64372 28036
30371 61383 15012 20627 57184 05040 88804 84158 22519
88422 67174 27540 88208 57784 04038 77999 31313 73508
82330=

NNNNN

UEID51 WIMM 140000
TTDD  6400/ 96035 11804 84158 22652 80559 33591 72164 44495
63773 55422 67174 66363 63379 77342 64779 88296 61783 99275
57384 11253 58184 22236 53585 33208 57784 44158 50599 21212
11969 02006 22919 04017 33871 18005 44826 22519 55741 24519
66666 23516 77570 28024 88542 27020 99516 28030 11403 27035
22384 26028 33348 25517 44331 25009 55315 14012 66301 15011
77286 12514 88260 16529 99248 14024 11237 03013 22226 03026
33216 03536 44187 08033 55170 09051 66163 09551 31313 73508
82330=

NNNNN

UPID51 WIMM 140000
PPAA  64008 96035 55385 33003 01004 13014 55340 11518
12031 12529 55320 10035 10536 35005 77999=

NNNNN

UGID51 WIMM 140000
PPBB  64008 96035 90/12 00000 36003 04504 90345 04004 00000
33503 9079/ 35506 34505 91012 02502 34504 04003 91457 01003
11004 08505 918// 12012 92679 13515 16020 13026 93134 12531
12030 12028 9358/ 11530 13530 94015 12028 11030 08538 95012
10534 14511 22512 9535/ 24514 33508=

NNNNN

UHID51 WIMM 140000
PPCC  64008 96035 55370 24520 28036 15012 55120 05040
77999=

NNNNN

UQID51 WIMM 140000
PPDD  64008 96035 95678 02006 04017 18005 959// 22519 96136
24519 23516 28024 9678/ 27020 28030 97346 27035 26028 25517
97789 25009 14012 15011 98023 12514 16529 14024 98456 03013
03026 03536 989// 08033 9912/ 09051 09551=

NNNNN
