USID51 WIMM 090000
TTAA  59001 96035 99009 25003 00000 00090 24207 25503
92772 23029 30508 85506 19640 27510 70148 10643 23005
50588 05113 22010 40760 14518 14511 30973 29528 09507
25100 39934 12507 20248 52743 07019 15427 68542 09538
10662 82928 07505 88999 77999 31313 73508 82330=

NNNNN

UKID51 WIMM 090000
TTBB  59008 96035 00009 25003 11924 23029 22673 08843 33572
00008 44473 07315 55409 13520 66338 23121 77273 34731 88159
65745 99127 72956 11100 82928 21212 00009 00000 11976 31504
22944 34003 33912 28010 44850 27510 55821 29006 66663 20504
77639 24506 88616 23511 99594 23005 11572 22507 22551 19011
33531 19509 44511 22510 55474 22505 66438 21510 77422 20508
88390 14013 99360 17008 11332 14510 22318 15506 33293 07508
44246 12506 55206 05017 66187 08021 77170 09526 88162 09535
99147 09538 11140 08523 22133 05005 33126 01008 44114 01507
55108 08010 31313 73508 82330 41414 4542/=

NNNNN

ULID51 WIMM 090000
TTCC  59002 96035 70860 78150 28025 50057 67736 26035
30366 62914 33023 20624 56358 06032 88855 87925 15508
88396 68316 27026 77999 31313 73508 82330=

NNNNN

UEID51 WIMM 090000
TTDD  5900/ 96035 11921 85136 22855 87925 33840 85341 44810
85726 55793 84931 66784 82150 77735 81728 88719 78950 99655
77536 11625 71757 22617 69957 33601 70737 44546 71525 55496
66349 66455 65717 77396 68316 88347 67516 99322 65118 11314
63339 22312 62350 33307 62727 44303 62718 55297 62914 66293
62932 77289 62516 88283 62923 99278 58556 11273 56157 22261
56143 33243 55136 44240 55550 55236 55749 66227 52958 77225
52957 88215 54767 99213 55370 11210 55761 22209 55758 33206
56159 44205 55962 55203 55760 66202 55757 77194 57160 88188
55775 21212 11968 11502 22917 16511 33868 15510 44822 20509
55778 29502 66738 23011 77700 28025 88631 27029 99541 27037
11466 27032 22444 26526 33346 30014 44298 33023 55284 32518
66271 21022 77235 18022 88214 05519 99204 06028 11195 05533
31313 73508 82330=

NNNNN

UPID51 WIMM 090000
PPAA  59008 96035 55385 27510 23005 22010 55340 14511
09507 12507 55320 07019 09538 07505 77999=

NNNNN

UGID51 WIMM 090000
PPBB  59008 96035 90/12 00000 31504 34003 90356 28010 27510
29006 91234 20504 24506 23511 91567 23005 22507 19011 9189/
19509 22510 92134 22505 21510 20508 9268/ 14013 17008 93013
14510 15506 07508 937// 12506 94135 05017 08021 09526 94689
09535 09538 08523 95013 05005 01008 01507 954// 08010=

NNNNN

UHID51 WIMM 090000
PPCC  59008 96035 55370 28025 26035 33023 55120 06032
77999=

NNNNN

UQID51 WIMM 090000
PPDD  59008 96035 95678 11502 16511 15510 959// 20509 96012
29502 23011 28025 9647/ 27029 27037 97016 27032 26526 30014
979// 33023 98014 32518 21022 18022 98678 05519 06028 05533=

NNNNN
