USID51 WIMM 030000
TTAA  53001 96035 99009 26007 00000 00084 27247 26507
92770 22823 36007 85508 19039 03005 70153 10846 32508
50588 05714 01509 40760 15146 16508 30970 30732 09521
25097 40946 09526 20245 53357 08034 15424 68758 09046
10658 79359 11021 88106 79959 11536 77999 31313 73508
82330=

NNNNN

UKID51 WIMM 030000
TTBB  53008 96035 00009 26007 11000 27247 22939 23417 33796
16657 44746 13635 55736 13457 66720 12034 77661 08256 88568
00021 99532 03156 11518 04322 22483 07308 33471 08132 44449
10714 55412 13356 66332 25525 77275 35327 88205 51958 99153
67758 11106 79959 22100 79359 21212 00009 00000 11976 29007
22943 35507 33912 01006 44881 00502 55851 03505 66822 00505
77766 08002 88739 32003 99713 30007 11688 33009 22664 34010
33617 30012 44594 31012 55573 29511 66531 30004 77511 00507
88474 02513 99456 02009 11438 03007 22405 17509 33389 11504
44374 04504 55359 10008 66331 06512 77280 10523 88268 10530
99257 10026 11224 07526 22205 08533 33153 08547 44146 10049
55119 09549 66113 10031 77101 11022 31313 73508 82330 41414
32476=

NNNNN

ULID51 WIMM 030000
TTCC  53002 96035 70860 78560 29014 50056 69366 29027
30367 57974 27021 20623 51586 09529 88999 77999 31313
73508 82330=

NNNNN

UEID51 WIMM 030000
TTDD  5300/ 96035 11776 80959 22711 80958 33644 74362 44541
73162 55504 69566 66471 71162 77386 66965 88314 57972 99234
61183 11227 61183 22218 55385 33206 51986 44184 50586 55157
53185 66138 50986 21212 11962 11009 22914 25509 33866 28519
44665 30512 55631 25020 66514 28027 77465 29036 88420 28532
99400 26527 11381 26531 22329 26033 33299 26520 44235 34012
55224 09012 66214 11524 77186 08029 88178 08539 99141 09048
31313 73508 82330=

NNNNN

UPID51 WIMM 030000
PPAA  53008 96035 55385 03005 32508 01509 55340 16508
09521 09526 55320 08034 09046 11021 77999=

NNNNN

UGID51 WIMM 030000
PPBB  53008 96035 90/12 00000 29007 35507 90345 01006 00502
03505 90689 00505 08002 32003 91012 30007 33009 34010 91456
30012 31012 29511 9189/ 30004 00507 92123 02513 02009 03007
92567 17509 11504 04504 928// 10008 93045 06512 10523 10530
9369/ 10026 07526 94178 08533 08547 10049 95235 09549 10031
11022=

NNNNN

UHID51 WIMM 030000
PPCC  53008 96035 55370 29014 29027 27021 55120 09529
77999=

NNNNN

UQID51 WIMM 030000
PPDD  53008 96035 95678 11009 25509 28519 96348 30512 25020
28027 97023 29036 28532 26527 97479 26531 26033 26520 98456
34012 09012 11524 989// 08029 9905/ 08539 09048=

NNNNN
