USID51 WIMM 040000
TTAA  54001 96035 99007 26003 29004 00066 26832 29506
92752 24659 33513 85490 18628 29507 70132 10237 20008
50586 04762 13514 40758 13592 07536 30970 29375 08031
25097 40164 08524 20244 52961 11032 15424 67756 13012
10658 81756 07530 88999 77999 31313 73508 82330=

NNNNN

UKID51 WIMM 040000
TTBB  54008 96035 00007 26003 11005 25818 22999 27037 33972
26657 44926 24659 55879 20830 66802 15640 77761 13012 88644
07862 99625 06058 11609 05062 22580 01658 33558 00060 44537
00768 55484 06959 66462 08970 77419 11587 88350 21784 99330
23388 11211 50164 22186 56756 33140 71157 44121 77150 55113
77757 66100 81756 21212 00007 29004 11974 31513 22910 33512
33849 29507 44820 26005 55792 14502 66764 18504 77686 18007
88662 11502 99550 11006 11530 12511 22473 13014 33455 09518
44437 10023 55404 07535 66344 07535 77330 07535 88317 08029
99304 08029 11292 08526 22256 09021 33234 08527 44214 10526
55205 10530 66186 12030 77178 12526 88146 12012 99125 10023
11119 10030 22113 09026 33107 06028 31313 73508 82330 41414
25476=

NNNNN

ULID51 WIMM 040000
TTCC  54002 96035 70861 73565 04009 50059 66174 30006
30374 61183 28008 20626 57384 04516 88990 82356 08031
77999 31313 73508 82330=

NNNNN

UEID51 WIMM 040000
TTDD  5400/ 96035 11990 82356 22835 82956 33813 82757 44794
75963 55617 73566 66533 66373 77440 62981 88387 63982 99369
61783 11268 62583 22222 60184 33171 53185 44139 51186 21212
11961 09031 22911 08029 33818 06021 44737 36011 55701 04009
66665 05012 77600 14509 88570 17006 99542 24507 11492 30004
22468 30007 33446 29010 44385 24018 55333 25013 66317 24009
77274 35509 88261 21002 99248 21008 11237 24006 22225 31510
33215 06506 44205 04014 55195 04008 66187 35513 77178 34021
88170 03026 99155 08046 11141 09052 31313 73508 82330=

NNNNN

UPID51 WIMM 040000
PPAA  54008 96035 55385 29507 20008 13514 55340 07536
08031 08524 55320 11032 13012 07530 77999=

NNNNN

UGID51 WIMM 040000
PPBB  54008 96035 90/13 29004 31513 33512 90567 29507 26005
14502 908// 18504 91127 18007 11502 11006 918// 12511 92123
13014 09518 10023 9259/ 07535 07535 93012 07535 08029 08029
93368 08526 09021 08527 94013 10526 10530 12030 9448/ 12526
12012 95123 10023 10030 09026 954// 06028=

NNNNN

UHID51 WIMM 040000
PPCC  54008 96035 55370 04009 30006 28008 55120 04516
77999=

NNNNN

UQID51 WIMM 040000
PPDD  54008 96035 95679 09031 08029 06021 96123 36011 04009
05012 96567 14509 17006 24507 969// 30004 97014 30007 29010
24018 9778/ 25013 24009 98123 35509 21002 21008 98456 24006
31510 06506 98789 04014 04008 35513 99013 34021 03026 08046
995// 09052=

NNNNN
