USID51 WIMM 280000
TTAA  78001 96035 99009 24006 22004 00087 24424 25005
92772 21423 14015 85505 17811 11012 70144 11456 08516
50587 05516 32012 40759 15718 30011 30971 30928 30503
25097 41526 18005 20245 53158 17023 15425 66159 28016
10660 81541 16515 88105 81734 22517 77999 31313 73508
82330=

NNNNN

UKID51 WIMM 280000
TTBB  78008 96035 00009 24006 11004 24014 22983 24835 33906
20015 44803 15606 55739 10831 66726 12048 77707 11856 88652
08856 99597 02627 11561 00017 22446 10320 33357 21120 44237
44530 55224 47156 66171 59160 77153 65160 88105 81734 99100
81541 21212 00009 22004 11976 15514 22850 11012 33712 09016
44639 04012 55616 01006 66594 30009 77572 26507 88551 26010
99531 26008 11511 31010 22474 31514 33438 31008 44422 30010
55405 29010 66374 31009 77317 28006 88304 33003 99292 22004
11280 27002 22256 26002 33235 17005 44214 16523 55186 17021
66169 14008 77154 28009 88139 27524 99119 28513 11113 25009
22102 19515 31313 73508 82330 41414 68418=

NNNNN

ULID51 WIMM 280000
TTCC  78002 96035 70862 71756 21513 50063 66937 27522
30375 59525 26010 20628 54356 20509 88247 62314 28009
77999 31313 73508 82330=

NNNNN

UEID51 WIMM 280000
TTDD  7800/ 96035 11950 82730 22907 81545 33810 81529 44784
80341 55763 75557 66749 72958 77676 72340 88624 70356 99592
71530 11569 71729 22548 68356 33488 67527 44398 62542 55365
62921 66298 59324 77247 62314 88223 63114 99212 61914 11204
56750 22200 54356 33179 56132 44154 56758 21212 11965 17513
22914 11506 33867 08510 44779 08516 55740 21507 66703 21514
77604 30524 88545 24516 99470 27526 11405 29520 22350 29016
33318 25510 44303 26009 55289 26514 66262 27011 77250 26509
88227 28004 99216 26506 11206 21005 22196 20015 33187 17004
44179 01510 55170 05514 66154 06033 31313 73508 82330=

NNNNN

UPID51 WIMM 280000
PPAA  78008 96035 55385 11012 08516 32012 55340 30011
30503 18005 55320 17023 28016 16515 77999=

NNNNN

UGID51 WIMM 280000
PPBB  78008 96035 90/15 22004 15514 11012 91034 09016 04012
01006 91567 30009 26507 26010 9189/ 26008 31010 92134 31514
31008 30010 9257/ 29010 31009 93123 28006 33003 22004 93468
27002 26002 17005 94035 16523 17021 14008 9479/ 28009 27524
95235 28513 25009 19515=

NNNNN

UHID51 WIMM 280000
PPCC  78008 96035 55370 21513 27522 26010 55120 20509
77999=

NNNNN

UQID51 WIMM 280000
PPDD  78008 96035 95678 17513 11506 08510 96012 08516 21507
21514 9657/ 30524 24516 97036 27526 29520 29016 9789/ 25510
26009 98023 26514 27011 26509 98567 28004 26506 21005 9889/
20015 17004 99013 01510 05514 06033=

NNNNN
