USID51 WIMM 300000
TTAA  80001 96035 99008 25615 00000 00076 27240 27006
92766 23234 32503 85501 18827 16004 70146 11059 21504
50587 04350 07012 40759 15949 08524 30971 29558 09022
25098 40350 10024 20246 52956 12030 15424 67758 10047
10659 81557 08542 88999 77999 31313 73508 82330=

NNNNN

UKID51 WIMM 300000
TTBB  80008 96035 00008 25615 11001 27037 22899 22050 33872
19816 44805 15817 55776 15257 66698 11060 77666 07846 88643
06458 99629 05029 11558 00021 22485 05750 33459 09131 44409
14756 55397 16150 66395 16336 77370 18559 88349 20958 99220
47341 11165 63347 22144 69559 33100 81557 21212 00008 00000
11975 31509 22911 28004 33880 28501 44850 16004 55821 15004
66792 09502 77765 18005 88713 24006 99616 11008 11531 07516
22389 08525 33345 10518 44280 09029 55268 09031 66257 09527
77225 11528 88215 12532 99146 09547 11139 09550 22107 09052
33102 09045 31313 73508 82330 41414 35436=

NNNNN

ULID51 WIMM 300000
TTCC  80002 96035 70861 79961 21016 50057 69968 28035
30368 61775 28520 20623 53585 14510 88969 82156 07540
77999 31313 73508 82330=

NNNNN

UEID51 WIMM 300000
TTDD  8000/ 96035 11969 82156 22906 79761 33696 80361 44652
77961 55645 75363 66602 74363 77555 69167 88471 70971 99402
64972 11369 65782 22342 64583 33328 60983 44280 62574 55257
61983 66223 54185 77153 50986 88144 52386 99137 52586 11133
49786 22120 48387 21212 11963 08039 22913 10522 33866 14504
44822 32016 55739 20007 66701 21016 77665 25516 88569 23526
99541 27022 11490 28031 22443 23528 33401 26530 44382 26528
55314 26522 66285 29024 77246 29516 88235 22506 99224 18023
11204 17011 22195 11014 33177 09527 44169 08529 55162 07538
66147 08547 77141 08050 88122 08055 31313 73508 82330=

NNNNN

UPID51 WIMM 300000
PPAA  80008 96035 55385 16004 21504 07012 55340 08524
09022 10024 55320 12030 10047 08542 77999=

NNNNN

UGID51 WIMM 300000
PPBB  80008 96035 90/13 00000 31509 28004 90456 28501 16004
15004 9078/ 09502 18005 91048 24006 11008 07516 9269/ 08525
10518 93456 09029 09031 09527 939// 11528 94089 12532 09547
09550 9545/ 09052 09045=

NNNNN

UHID51 WIMM 300000
PPCC  80008 96035 55370 21016 28035 28520 55120 14510
77999=

NNNNN

UQID51 WIMM 300000
PPDD  80008 96035 95678 08039 10522 14504 959// 32016 96123
20007 21016 25516 96679 23526 27022 28031 97134 23528 26530
26528 978// 26522 98034 29024 29516 22506 98578 18023 17011
11014 99012 09527 08529 07538 99458 08547 08050 08055=

NNNNN
