USID51 WIMM 080000
TTAA  58001 96035 99007 24811 00000 00065 25012 29505
92755 23034 10005 85487 19256 17018 70137 10644 15018
50586 05157 09012 40759 15157 15013 30970 29958 14516
25097 40160 10019 20246 53161 11521 15424 68359 12031
10656 77560 07516 88106 82756 07521 77999 31313 73508
82330=

NNNNN

UKID51 WIMM 080000
TTBB  58008 96035 00007 24811 11003 24611 22976 26242 33744
12438 44692 10442 55593 02237 66550 00057 77546 00062 88532
00966 99489 06347 11468 07757 22451 09337 33422 12158 44376
18356 55366 20139 66352 21358 77344 22757 88334 23962 99324
25964 11320 26565 22314 27757 33311 28347 44302 29558 55220
47563 66190 56158 77157 66360 88141 71556 99106 82756 11104
82956 22100 77560 21212 00007 00000 11974 28503 22941 06506
33910 14505 44878 18014 55764 17521 66737 15516 77638 17021
88530 08014 99438 14012 11389 14513 22374 13009 33345 12015
44292 14014 55268 10520 66178 12529 77161 12532 88139 11535
99132 11525 11113 10017 22107 07021 33101 08521 31313 73508
82330 41414 25536=

NNNNN

ULID51 WIMM 080000
TTCC  58002 96035 70861 74365 30019 50059 71571 26022
30371 62383 27023 20622 60584 34514 88820 81359 20012
77999 31313 73508 82330=

NNNNN

UEID51 WIMM 080000
TTDD  5800/ 96035 11937 76760 22820 81359 33802 76563 44723
76563 55615 69569 66530 72369 77450 69374 88424 63779 99371
60584 11278 63983 22233 60384 33202 60184 44193 57584 55182
58584 66176 55185 77161 53985 21212 11961 08002 22912 23510
33865 22507 44820 20012 55778 25514 66666 31017 77602 26024
88491 26520 99467 28517 11422 25013 22402 28506 33383 22513
44348 22519 55236 33018 66204 33014 77194 07006 88177 15023
99169 18517 31313 73508 82330=

NNNNN

UPID51 WIMM 080000
PPAA  58008 96035 55385 17018 15018 09012 55340 15013
14516 10019 55320 11521 12031 07516 77999=

NNNNN

UGID51 WIMM 080000
PPBB  58008 96035 90/12 00000 28503 06506 90348 14505 18014
17521 909// 15516 9138/ 17021 08014 92367 14012 14513 13009
929// 12015 9335/ 14014 10520 94469 12529 12532 11535 95034
11525 10017 07021 955// 08521=

NNNNN

UHID51 WIMM 080000
PPCC  58008 96035 55370 30019 26022 27023 55120 34514
77999=

NNNNN

UQID51 WIMM 080000
PPDD  58008 96035 95678 08002 23510 22507 959// 20012 96035
25514 31017 26024 969// 26520 97023 28517 25013 28506 9746/
22513 22519 98478 33018 33014 07006 9901/ 15023 18517=

NNNNN
