USID51 WIMM 120000
TTAA  62001 96035 99008 25003 00000 00078 24819 25504
92765 22622 35005 85501 19049 34514 70144 10244 35007
50587 05515 10008 40759 14757 10517 30970 29760 07016
25098 40161 08519 20246 52947 12020 15425 68545 11040
10658 78357 19504 88110 80550 09535 77999 31313 73508
82330=

NNNNN

UKID51 WIMM 120000
TTBB  62008 96035 00008 25003 11972 24842 22955 23410 33880
20850 44730 12241 55645 04814 66565 00017 77511 04712 88494
05914 99484 05756 11434 09959 22421 11756 33395 15359 44386
16960 55380 17958 66376 18728 77367 19157 88363 19760 99359
20360 11355 21138 22353 21522 33339 23531 44333 23942 55328
24759 66323 25563 77319 26559 88293 30962 99270 35758 11256
38563 22243 41957 33168 62737 44123 78150 55110 80550 66100
78357 21212 00008 00000 11976 28006 22943 33005 33911 34505
44880 34511 55850 34514 66821 33517 77738 35012 88712 36008
99663 05504 11639 03504 22615 07006 33593 04512 44551 06008
55530 09506 66511 07504 77473 10519 88374 11013 99331 08013
11268 06515 22225 09021 33187 11022 44178 10026 55170 10534
66119 10041 77107 11527 88101 20506 31313 73508 82330 41414
45478=

NNNNN

ULID51 WIMM 120000
TTCC  62002 96035 70862 77160 27540 50057 69166 26029
30370 62783 28010 20622 54185 10541 88999 77999 31313
73508 82330=

NNNNN

UEID51 WIMM 120000
TTDD  6200/ 96035 11922 80357 22892 77360 33817 79758 44725
76761 55636 78759 66601 74763 77572 75561 88462 64970 99363
62372 11266 63783 22249 63783 33242 62983 44236 59184 55189
52786 66174 49986 77142 50786 21212 11963 06509 22914 04515
33866 24512 44780 26521 55740 26025 66702 27540 77666 27535
88632 27528 99600 27029 11570 28525 22514 26030 33489 25528
44465 25029 55443 25530 66422 26530 77382 25531 88347 25531
99330 24525 11315 28014 22285 29008 33272 34016 44259 00518
55247 01024 66235 07030 77204 11037 88177 08550 99162 08549
11154 07546 22147 07057 31313 73508 82330=

NNNNN

UPID51 WIMM 120000
PPAA  62008 96035 55385 34514 35007 10008 55340 10517
07016 08519 55320 12020 11040 19504 77999=

NNNNN

UGID51 WIMM 120000
PPBB  62008 96035 90/12 00000 28006 33005 90345 34505 34511
34514 9069/ 33517 35012 91023 36008 05504 03504 91457 07006
04512 06008 9189/ 09506 07504 9217/ 10519 11013 93059 08013
06515 09021 94345 11022 10026 10534 95245 10041 11527 20506=

NNNNN

UHID51 WIMM 120000
PPCC  62008 96035 55370 27540 26029 28010 55120 10541
77999=

NNNNN

UQID51 WIMM 120000
PPDD  62008 96035 95678 06509 04515 24512 96012 26521 26025
27540 96345 27535 27528 27029 96689 28525 26030 25528 97012
25029 25530 26530 97467 25531 25531 24525 978// 28014 98012
29008 34016 00518 98347 01024 07030 11037 99023 08550 08549
07546 994// 07057=

NNNNN
