USID51 WIMM 200000
TTAA  70001 96035 99012 24817 00000 00110 25430 28503
92795 23858 01507 85530 17623 02004 70169 09263 05020
50589 05156 07531 40761 14349 09028 30973 30340 08032
25099 41130 10532 20247 54539 11038 15424 69557 09554
10660 77963 10505 88999 77132 09575 31313 73508 82330=

NNNNN

UKID51 WIMM 200000
TTBB  70008 96035 00012 24817 11009 24415 22992 26249 33967
26050 44907 22658 55837 16617 66762 12436 77709 10062 88662
06867 99649 06066 11640 05460 22636 05667 33625 04463 44594
02465 55592 02467 66588 01657 77566 00057 88559 00564 99550
00971 11529 03348 22510 04931 33491 05562 44473 06767 55445
09756 66402 14150 77360 20325 88286 32948 99240 43524 11130
75758 22127 73761 33114 75563 44100 77963 21212 00012 00000
11979 31007 22946 35504 33914 02506 44824 04504 55768 02512
66641 06526 77532 07528 88512 08024 99493 07536 11422 08535
22406 09027 33375 07528 44360 07529 55346 07529 66332 08033
77293 08531 88281 09029 99235 11032 11178 10043 22170 09549
33139 09566 44132 09575 55113 08026 66107 07520 77102 10504
31313 73508 82330 41414 25436=

NNNNN

ULID51 WIMM 200000
TTCC  70002 96035 70863 77960 25553 50056 72764 26526
30366 62579 26521 20620 57584 01513 88865 82760 20506
88679 78960 25550 88167 59784 09013 77999 31313 73508
82330=

NNNNN

UEID51 WIMM 200000
TTDD  7000/ 96035 11865 82760 22835 82560 33809 77163 44758
75163 55679 78960 66623 79559 77535 73364 88448 72766 99420
68369 11409 63973 22301 62579 33273 61783 44259 57184 55204
57584 66192 55785 77167 59784 88162 59584 99160 59584 11156
56785 22155 54385 33148 51386 44131 49986 21212 11965 10005
22915 25504 33867 21006 44822 18512 55780 24536 66703 25553
77633 26049 88600 25540 99570 27540 11514 27030 22464 25526
33441 23526 44419 23532 55380 26027 66328 24026 77284 28520
88271 28016 99258 31018 11246 28016 22224 28513 33213 32515
44203 01516 55194 03510 66185 11009 77176 15512 88160 05516
99146 09053 11133 09552 31313 73508 82330=

NNNNN

UPID51 WIMM 200000
PPAA  70008 96035 55385 02004 05020 07531 55340 09028
08032 10532 55320 11038 09554 10505 71499 09575=

NNNNN

UGID51 WIMM 200000
PPBB  70008 96035 90/12 00000 31007 35504 90368 02506 04504
02512 91389 06526 07528 08024 92045 07536 08535 09027 92789
07528 07529 07529 93034 08033 08531 09029 938// 11032 94459
10043 09549 09566 95034 09575 08026 07520 955// 10504=

NNNNN

UHID51 WIMM 200000
PPCC  70008 96035 55370 25553 26526 26521 55120 01513
77999=

NNNNN

UQID51 WIMM 200000
PPDD  70008 96035 95678 10005 25504 21006 959// 18512 96024
24536 25553 26049 96568 25540 27540 27030 97012 25526 23526
23532 9747/ 26027 24026 98012 28520 28016 31018 98356 28016
28513 32515 98789 01516 03510 11009 99024 15512 05516 09053
996// 09552=

NNNNN
