USID51 WIMM 290000
TTAA  79001 96035 99006 25003 00000 00060 25227 24008
92751 23250 32007 85478 18220 32003 70129 10445 14002
50586 04336 23001 40758 16127 07008 30970 29558 09521
25097 40157 12036 20245 52759 11544 15424 68357 11056
10658 81945 11036 88999 77999 31313 73508 82331=

NNNNN

UKID51 WIMM 290000
TTBB  79008 96035 00006 25003 11003 24817 22996 26242 33967
26056 44885 20013 55781 15044 66766 15460 77656 06829 88617
05846 99553 00021 11518 01950 22376 19709 33369 19331 44333
23950 55271 35560 66259 38550 77225 45959 88205 51558 99191
54762 11174 59963 22144 70356 33115 79742 44100 81945 21212
00006 00000 11973 31009 22909 32506 33878 31003 44848 33503
55819 05006 66791 33001 77763 29504 88737 00000 99711 13504
11686 19003 22661 19004 33638 16005 44593 16005 55571 21504
66550 20005 77530 22003 88510 00001 99473 04502 11455 36002
22438 02004 33421 02008 44405 07008 55389 09013 66304 09519
77279 11530 88195 11547 99187 11551 11178 12047 22161 12052
33113 09056 44102 11038 31313 73508 82331 41414 35476=

NNNNN

ULID51 WIMM 290000
TTCC  79002 96035 70860 79361 34011 50056 65178 25532
30363 61783 25022 20618 52186 04008 88968 83345 11035
88398 71981 25525 77999 31313 73508 82331=

NNNNN

UEID51 WIMM 290000
TTDD  7900/ 96035 11968 83345 22888 82356 33867 79359 44798
76360 55738 79159 66616 74965 77587 76964 88567 77165 99524
65175 11398 71981 22360 66982 33335 67982 44316 66382 55295
59784 66261 61183 77238 60184 88209 52786 99188 51386 21212
11911 08539 22864 10023 33819 18005 44778 28516 55700 34011
66664 27008 77630 26523 88598 27020 99540 24524 11489 26535
22465 28541 33420 27032 44400 25525 55344 23029 66311 24024
77257 29023 88245 30529 99233 30528 11222 34513 22212 04006
33202 05004 44193 06023 31313 73508 82331=

NNNNN

UPID51 WIMM 290000
PPAA  79008 96035 55385 32003 14002 23001 55340 07008
09521 12036 55320 11544 11056 11036 77999=

NNNNN

UGID51 WIMM 290000
PPBB  79008 96035 90/13 00000 31009 32506 90456 31003 33503
05006 90789 33001 29504 00000 91012 13504 19003 19004 91356
16005 16005 21504 91789 20005 22003 00001 92123 04502 36002
02004 92456 02008 07008 09013 9324/ 09519 11530 94234 11547
11551 12047 946// 12052 9535/ 09056 11038=

NNNNN

UHID51 WIMM 290000
PPCC  79008 96035 55370 34011 25532 25022 55120 04008
77999=

NNNNN

UQID51 WIMM 290000
PPDD  79008 96035 95789 08539 10023 18005 96023 28516 34011
27008 96457 26523 27020 24524 969// 26535 97023 28541 27032
25525 9768/ 23029 24024 98234 29023 30529 30528 98567 34513
04006 05004 988// 06023=

NNNNN
