USID51 WIMM 120000
TTAA  62001 96035 99008 25003 00000 00082 26027 27006
92767 23041 34507 85500 18015 01506 70149 10036 03514
50586 07310 08510 40758 15935 09021 30969 29758 14021
25096 40338 11020 20244 53337 11025 15423 66557 31505
10658 83556 34026 88999 77999 31313 73508 82331=

NNNNN

UKID51 WIMM 120000
TTBB  62008 96035 00008 25003 11004 26020 22936 23638 33872
19020 44820 17846 55572 00018 66499 07508 77493 07931 88446
11916 99432 12947 11422 14136 22420 13958 33413 14945 44409
15150 55405 15357 66403 15556 77402 15733 88399 15950 99393
16559 11368 18963 22343 22756 33319 27136 44303 29158 55245
41535 66234 44329 77225 46547 88210 50529 99174 59156 11132
72359 22100 83556 21212 00008 00000 11975 30507 22911 34003
33880 03003 44793 04507 55765 01008 66739 01515 77687 02015
88639 03510 99594 06505 11511 09007 22491 09510 33473 12507
44455 09008 55420 08014 66344 09520 77291 15019 88245 11022
99177 12022 11169 14507 22153 32504 33139 30013 44113 31037
55102 33029 31313 73508 82331 41414 35476=

NNNNN

ULID51 WIMM 120000
TTCC  6200/ 96035 88986 84156 34524 77999 31313 73508
82331=

NNNNN

UEID51 WIMM 120000
TTDD  6200/ 96035 11986 84156 22819 83357 33764 78360 44750
75162 21212 11962 01023 22864 02027 33776 07020 31313 73508
82331=

NNNNN

UPID51 WIMM 120000
PPAA  62008 96035 55385 01506 03514 08510 55340 09021
14021 11020 55320 11025 31505 34026 77999=

NNNNN

UGID51 WIMM 120000
PPBB  62008 96035 90/13 00000 30507 34003 90478 03003 04507
01008 909// 01515 91135 02015 03510 06505 919// 09007 92012
09510 12507 09008 9249/ 08014 09520 9337/ 15019 11022 94457
12022 14507 32504 949// 30013 9535/ 31037 33029=

NNNNN

UHID51 WIMM 120000
PPCC  62008 96035 77999=

NNNNN

UQID51 WIMM 120000
PPDD  62008 96035 9568/ 01023 02027 960// 07020=

NNNNN
