USID51 WIMM 160000
TTAA  66001 96035 99009 24003 22004 00082 25828 26002
92774 23430 08003 85505 18417 13009 70144 10042 05505
50586 06111 07027 40758 14547 07527 30970 30547 08012
25097 40362 10527 20244 53556 11527 15423 67742 11554
10656 79357 05532 88106 81949 10035 77999 31313 73508
82330=

NNNNN

UKID51 WIMM 160000
TTBB  66008 96035 00009 24003 11996 26643 22903 22656 33850
18417 44668 07231 55610 02858 66603 01820 77572 00035 88549
01909 99449 09336 11432 11916 22413 12945 33341 22760 44307
29156 55290 32917 66278 35324 77273 36156 88269 36959 99263
37756 11257 38962 22230 45560 33221 47956 44196 54757 55142
70529 66134 72949 77106 81949 88100 79357 21212 00009 22004
11976 32005 22943 14003 33912 10005 44881 13009 55793 10005
66738 11507 77663 08009 88616 06512 99593 09013 11510 06527
22473 07028 33455 07533 44421 08530 55389 08525 66359 09020
77344 06515 88331 04009 99304 07511 11279 10516 22195 12029
33178 10534 44161 11543 55146 11554 66125 10531 77107 10534
31313 73508 82330 41414 45476=

NNNNN

ULID51 WIMM 160000
TTCC  66002 96035 70860 74964 27045 50056 70372 24519
30364 68981 24019 20617 58784 21513 88923 83156 03526
88190 61183 22015 77999 31313 73508 82330=

NNNNN

UEID51 WIMM 160000
TTDD  6600/ 96035 11923 83156 22853 83756 33824 78361 44777
74362 55620 75366 66550 74368 77509 72370 88496 68973 99455
65578 11359 69381 22308 69581 33279 63183 44255 59384 55237
60184 66215 56785 77190 61183 88147 50186 99128 51186 11125
51586 22122 48787 33112 45987 21212 11959 04530 22862 05036
33817 13008 44775 23026 55700 27045 66631 28530 77570 25519
88541 22522 99465 26020 11401 26515 22363 27023 33345 24023
44313 26020 55269 24026 66245 29023 77233 28022 88222 29514
99212 20507 11193 22017 22175 34515 33167 03015 44159 07514
55152 05028 66139 08554 77126 10059 88121 10546 99115 10556
31313 73508 82330=

NNNNN

UPID51 WIMM 160000
PPAA  66008 96035 55385 13009 05505 07027 55340 07527
08012 10527 55320 11527 11554 05532 77999=

NNNNN

UGID51 WIMM 160000
PPBB  66008 96035 90/12 22004 32005 14003 90347 10005 13009
10005 909// 11507 91245 08009 06512 09013 919// 06527 92124
07028 07533 08530 92689 08525 09020 06515 93024 04009 07511
10516 94246 12029 10534 11543 948// 11554 9514/ 10531 10534=

NNNNN

UHID51 WIMM 160000
PPCC  66008 96035 55370 27045 24519 24019 55120 21513
77999=

NNNNN

UQID51 WIMM 160000
PPDD  66008 96035 95689 04530 05036 13008 96024 23026 27045
28530 9667/ 25519 22522 97035 26020 26515 27023 9768/ 24023
26020 98134 24026 29023 28022 98568 29514 20507 22017 99012
34515 03015 07514 99357 05028 08554 10059 9989/ 10546 10556=

NNNNN
