USID51 WIMM 310000
TTAA  81001 96035 99008 26003 23004 00076 25423 21505
92762 24257 27009 85505 19648 00510 70152 10232 18005
50588 05916 07521 40760 14934 12017 30971 29749 09512
25099 39759 09515 20247 53360 10027 15425 68350 09551
10657 84528 08051 88104 84125 08551 77999 31313 73508
82330=

NNNNN

UKID51 WIMM 310000
TTBB  81008 96035 00008 26003 11003 25220 22976 26856 33793
15218 44666 08650 55570 00013 66397 15336 77340 22356 88298
30146 99254 38759 11220 47757 22186 56962 33104 84125 44100
84528 21212 00008 23004 11975 28508 22943 27511 33911 31006
44880 35508 55850 00510 66821 34005 77793 35505 88765 21503
99739 27002 11687 16005 22639 14008 33617 17001 44594 11010
55572 12508 66551 12012 77531 08514 88511 09018 99492 07525
11456 11516 22405 12018 33359 11014 44345 11512 55331 07509
66318 09012 77268 11017 88257 09012 99215 10523 11196 10528
22187 10039 33178 10046 44170 10051 55146 09551 66139 09043
77119 09547 88113 09552 99101 08053 31313 73508 82330 41414
35436=

NNNNN

ULID51 WIMM 310000
TTCC  81002 96035 70858 79558 31017 50056 72165 27530
30362 63766 26535 20618 55572 00522 88999 77999 31313
73508 82330=

NNNNN

UEID51 WIMM 310000
TTDD  8100/ 96035 11964 80956 22741 81556 33696 79358 44665
73962 55622 74761 66551 69966 77509 72365 88432 71766 99396
66968 11366 68165 22329 63967 33294 63767 44257 56568 55218
53370 66204 55169 77190 53574 88166 55976 99133 50986 21212
11960 08022 22910 18509 33863 23018 44736 27014 55698 31018
66629 29027 77598 27530 88568 26526 99540 27033 11513 27534
22488 27529 33463 26529 44440 26530 55398 26522 66326 26529
77311 26535 88282 26533 99268 27526 11222 20518 22212 34512
33202 36022 44176 08036 55146 09060 66139 10058 77133 10046
31313 73508 82330=

NNNNN

UPID51 WIMM 310000
PPAA  81008 96035 55385 00510 18005 07521 55340 12017
09512 09515 55320 10027 09551 08051 77999=

NNNNN

UGID51 WIMM 310000
PPBB  81008 96035 90/12 23004 28508 27511 90345 31006 35508
00510 90678 34005 35505 21503 909// 27002 91134 16005 14008
17001 91567 11010 12508 12012 9189/ 08514 09018 92025 07525
11516 12018 9289/ 11014 11512 93015 07509 09012 11017 936//
09012 94023 10523 10528 10039 94458 10046 10051 09551 949//
09043 95235 09547 09552 08053=

NNNNN

UHID51 WIMM 310000
PPCC  81008 96035 55370 31017 27530 26535 55120 00522
77999=

NNNNN

UQID51 WIMM 310000
PPDD  81008 96035 95678 08022 18509 23018 96124 27014 31018
29027 96567 27530 26526 27033 9689/ 27534 27529 97013 26529
26530 26522 9778/ 26529 26535 98015 26533 27526 20518 9867/
34512 36022 99045 08036 09060 10058 996// 10046=

NNNNN
