USID51 WIMM 030000
TTAA  53001 96035 99007 24613 23006 00071 25427 25507
92758 23456 34010 85492 18858 36007 70135 12058 07507
50587 04165 15007 40758 14577 06028 30969 29574 06021
25097 39570 07518 20245 52364 07021 15425 66957 08512
10659 81156 03518 88999 77999 31313 73508 82330=

NNNNN

UKID51 WIMM 030000
TTBB  53008 96035 00007 24613 11005 24415 22999 25829 33971
24813 44954 25256 55860 18430 66845 18658 77771 13430 88754
13858 99740 13457 11723 13667 22700 12058 33679 10863 44588
03257 55584 03464 66548 00061 77490 05366 88469 07959 99455
09168 11388 15584 22349 22172 33333 23585 44276 34767 55191
54964 66160 64157 77125 75956 88100 81156 21212 00007 23006
11975 31009 22942 34007 33879 35512 44849 00506 55764 14008
66711 07505 77662 06508 88616 08011 99593 09011 11572 13012
22551 13508 33511 15506 44473 11507 55438 07019 66405 06527
77374 07032 88344 06032 99317 05021 11279 07519 22256 07519
33196 06524 44169 07018 55125 13020 31313 73508 82330 41414
25436=

NNNNN

ULID51 WIMM 030000
TTCC  53002 96035 70863 75564 28007 50062 70571 25505
30374 60184 24509 20629 57184 06022 88974 82556 03518
77999 31313 73508 82330=

NNNNN

UEID51 WIMM 030000
TTDD  5300/ 96035 11974 82556 22913 82756 33880 79359 44823
79559 55796 75962 66669 75564 77630 69369 88592 67971 99536
71170 11486 70371 22465 65976 33410 66377 44257 55585 55214
58984 66192 54385 77134 51986 21212 11964 04019 22821 08028
33780 15005 44741 33509 55668 24010 66635 22507 77604 31005
88546 31008 99493 23003 11469 36007 22425 01518 33385 03505
44367 23504 55349 26510 66333 25009 77317 22514 88302 23509
99288 31008 11274 31003 22261 17505 33249 21009 44238 20012
55227 32007 66216 36014 77206 04017 88179 12013 99163 09008
11149 08532 22134 10048 31313 73508 82330=

NNNNN

UPID51 WIMM 030000
PPAA  53008 96035 55385 36007 07507 15007 55340 06028
06021 07518 55320 07021 08512 03518 77999=

NNNNN

UGID51 WIMM 030000
PPBB  53008 96035 90/12 23006 31009 34007 90458 35512 00506
14008 91024 07505 06508 08011 91567 09011 13012 13508 919//
15506 92135 11507 07019 06527 9279/ 07032 06032 93146 05021
07519 07519 9425/ 06524 07018 951// 13020=

NNNNN

UHID51 WIMM 030000
PPCC  53008 96035 55370 28007 25505 24509 55120 06022
77999=

NNNNN

UQID51 WIMM 030000
PPDD  53008 96035 9569/ 04019 08028 96013 15005 33509 24010
96457 22507 31005 31008 969// 23003 97024 36007 01518 03505
97567 23504 26510 25009 9789/ 22514 23509 98012 31008 31003
17505 98345 21009 20012 32007 9867/ 36014 04017 99024 12013
09008 08532 996// 10048=

NNNNN
