USID51 WIMM 060000
TTAA  56001 96035 99008 25011 00000 00079 25836 26007
92765 23232 33510 85505 18219 33508 70145 10639 33007
50588 04156 13007 40760 15735 01505 30971 29963 08504
25099 40756 33505 20247 53159 10513 15425 68356 10535
10660 80958 28021 88999 77999 31313 73508 82330=

NNNNN

UKID51 WIMM 060000
TTBB  56008 96035 00008 25011 11991 26856 22961 24821 33810
15415 44712 11440 55618 04429 66572 02257 77544 00043 88488
05156 99456 09931 11437 10757 22389 17350 33384 16963 44380
17558 55348 22358 66326 25563 77318 26959 88303 29563 99279
34357 11248 41156 22232 44561 33183 57962 44161 64756 55122
77157 66100 80958 21212 00008 00000 11975 30007 22943 34007
33850 33508 44793 36005 55765 00509 66738 34509 77712 35009
88687 01506 99663 04508 11616 09006 22572 08008 33531 12008
44492 09507 55474 09504 66439 26005 77422 28503 88405 02504
99390 08505 11374 09010 22360 11006 33345 08508 44318 08512
55305 07508 66292 08004 77280 00502 88268 03505 99257 34006
11246 35005 22235 04007 33225 08514 44196 10514 55170 08522
66146 10039 77119 07038 88113 06516 99107 28008 11102 27519
31313 73508 82330 41414 22436=

NNNNN

ULID51 WIMM 060000
TTCC  56003 96035 70861 79160 28031 50058 68379 25537
30368 61583 22527 88855 85556 30528 77999 31313 73508
82330=

NNNNN

UEID51 WIMM 060000
TTDD  5600/ 96035 11855 85556 22824 85356 33795 78561 44758
79559 55659 78761 66625 75365 77610 70369 88561 71770 99519
67777 11475 70381 22443 68782 33424 64383 44403 65982 55328
63783 66275 57984 77224 57984 21212 11915 29529 22867 30031
33821 31527 44738 31015 55701 28031 66515 25537 77401 29043
88330 26535 99299 23027 11259 24011 22247 11004 33236 07511
44224 07525 31313 73508 82330=

NNNNN

UPID51 WIMM 060000
PPAA  56008 96035 55385 33508 33007 13007 55340 01505
08504 33505 55320 10513 10535 28021 77999=

NNNNN

UGID51 WIMM 060000
PPBB  56008 96035 90/12 00000 30007 34007 90578 33508 36005
00509 909// 34509 91012 35009 01506 04508 91468 09006 08008
12008 92013 09507 09504 26005 92456 28503 02504 08505 92789
09010 11006 08508 93123 08512 07508 08004 93456 00502 03505
34006 93789 35005 04007 08514 94258 10514 08522 10039 95234
07038 06516 28008 955// 27519=

NNNNN

UHID51 WIMM 060000
PPCC  56008 96035 55370 28031 25537 22527 77999=

NNNNN

UQID51 WIMM 060000
PPDD  56008 96035 95789 29529 30031 31527 96128 31015 28031
25537 97379 29043 26535 23027 98234 24011 11004 07511 985//
07525=

NNNNN
