USID51 WIMM 040000
TTAA  54001 96035 99010 24411 00000 00095 25221 25004
92778 22430 08509 85509 17821 16510 70153 10046 24011
50588 05707 15015 40760 14946 10032 30971 29735 07018
25098 40136 06523 20246 53340 06021 15424 68947 09033
10658 77757 35505 88108 81341 08035 77999 31313 73508
82330=

NNNNN

UKID51 WIMM 040000
TTBB  54008 96035 00010 24411 11993 25828 22865 18217 33748
13456 44678 07829 55663 07843 66565 00022 77481 07306 88402
14547 99313 27330 11217 48528 22167 63150 33132 75350 44108
81341 55106 79556 66100 77757 21212 00010 00000 11944 04508
22912 10009 33882 09508 44851 16510 55822 14504 66793 25509
77766 26012 88713 23515 99640 25511 11616 25007 22594 16508
33572 15011 44531 14010 55511 15512 66456 11027 77421 10533
88374 12030 99345 12028 11318 08529 22305 07021 33178 07519
44146 09534 55125 09561 66107 08033 77101 03004 31313 73508
82330 41414 35476=

NNNNN

ULID51 WIMM 040000
TTCC  54003 96035 70859 77957 25514 50057 67759 29537
30369 62158 28019 88839 81550 24022 77999 31313 73508
82330=

NNNNN

UEID51 WIMM 040000
TTDD  5400/ 96035 11839 81550 22767 81949 33666 76556 44626
70560 55559 71357 66527 71357 77508 67960 88429 68357 99349
62359 11292 63158 22264 63159 33237 57363 44231 53767 55210
53571 21212 11963 30516 22913 30007 33865 24513 44663 26021
55630 26535 66490 29531 77466 28028 88443 25530 99401 26533
11382 27028 22346 28524 33330 26521 44285 27523 55259 25521
66235 17521 77224 17019 88214 13016 31313 73508 82330=

NNNNN

UPID51 WIMM 040000
PPAA  54008 96035 55385 16510 24011 15015 55340 10032
07018 06523 55320 06021 09033 35505 77999=

NNNNN

UGID51 WIMM 040000
PPBB  54008 96035 90/23 00000 04508 10009 90456 09508 16510
14504 9078/ 25509 26012 91034 23515 25511 25007 91568 16508
15011 14010 919// 15512 92247 11027 10533 12030 929// 12028
9312/ 08529 07021 9448/ 07519 09534 95145 09561 08033 03004=

NNNNN

UHID51 WIMM 040000
PPCC  54008 96035 55370 25514 29537 28019 77999=

NNNNN

UQID51 WIMM 040000
PPDD  54008 96035 95678 30516 30007 24513 96349 26021 26535
29531 97013 28028 25530 26533 97467 27028 28524 26521 98024
27523 25521 17521 9856/ 17019 13016=

NNNNN
