USID51 WIMM 020000
TTAA  52001 96035 99009 25017 00000 00083 25843 29005
92770 23250 32512 85501 18645 27003 70147 10247 31003
50586 05328 35007 40758 15316 03519 30970 30532 08015
25097 40143 06520 20245 53157 09028 15424 68956 11040
10657 81956 05030 88111 81145 08043 77999 31313 73508
82330=

NNNNN

UKID51 WIMM 020000
TTBB  52008 96035 00009 25017 11998 26650 22817 17257 33768
13826 44735 12456 55647 06650 66578 00009 77520 04510 88477
06550 99450 09557 11417 13918 22339 23124 33248 40743 44199
53357 55133 73557 66111 81145 77108 80356 88100 81956 21212
00009 00000 11976 32008 22943 34013 33850 27003 44793 35506
55765 23502 66712 27003 77687 21502 88663 31004 99639 27007
11616 29005 22593 35510 33572 33007 44530 35512 55491 33509
66473 14506 77455 11006 88437 11510 99421 07507 11404 02515
22344 05511 33331 08506 44317 08009 55304 08516 66268 08027
77234 06517 88186 11027 99178 11036 11146 10546 22139 10549
33132 09045 44125 08547 55119 08549 66113 08549 77107 07029
88101 05531 31313 73508 82330 41414 35476=

NNNNN

ULID51 WIMM 020000
TTCC  52002 96035 70861 77756 27536 50058 72757 26537
30362 64760 25026 20619 53172 10528 88999 77999 31313
73508 82330=

NNNNN

UEID51 WIMM 020000
TTDD  5200/ 96035 11974 78559 22894 79556 33798 78957 44777
75761 55707 78156 66654 73559 77532 72556 88470 73156 99431
70960 11322 68759 22281 59365 33255 55167 44227 56566 55208
53372 66145 52178 77112 49590 21212 11960 02017 22911 35010
33865 31013 44820 33511 55779 23520 66701 27537 77666 27028
88601 24533 99571 26530 11466 26534 22442 27524 33400 27536
44327 27535 55296 24526 66269 24018 77257 26508 88245 34019
99234 36029 11223 02523 22203 09527 33194 10536 44161 11038
55140 07048 66134 07050 77117 09053 31313 73508 82330=

NNNNN

UPID51 WIMM 020000
PPAA  52008 96035 55385 27003 31003 35007 55340 03519
08015 06520 55320 09028 11040 05030 77999=

NNNNN

UGID51 WIMM 020000
PPBB  52008 96035 90/12 00000 32008 34013 90578 27003 35506
23502 91012 27003 21502 31004 91345 27007 29005 35510 9168/
33007 35512 92012 33509 14506 11006 92345 11510 07507 02515
929// 05511 93012 08506 08009 08516 9358/ 08027 06517 94348
11027 11036 10546 949// 10549 95012 09045 08547 08549 95345
08549 07029 05531=

NNNNN

UHID51 WIMM 020000
PPCC  52008 96035 55370 27536 26537 25026 55120 10528
77999=

NNNNN

UQID51 WIMM 020000
PPDD  52008 96035 95678 02017 35010 31013 959// 33511 96023
23520 27537 27028 9656/ 24533 26530 97013 26534 27524 27536
9779/ 27535 24526 98123 24018 26508 34019 98457 36029 02523
09527 988// 10536 99256 11038 07048 07050 999// 09053=

NNNNN
