USID51 WIMM 100000
TTAA  60004 96035 99009 25003 00000 00087 26015 27003
92774 23846 11508 85511 19235 08006 70158 12058 17005
50589 04358 18517 40761 16556 23012 88999 77999 31313
73508 82330=

NNNNN

UKID51 WIMM 100000
TTBB  60008 96035 00009 25003 11006 25411 22996 26424 33953
25650 44832 18031 55792 16058 66769 14641 77708 12458 88557
00050 99527 03156 11520 03161 22513 03756 33482 06161 44413
14758 55354 23715 66318 27557 21212 00009 00000 11976 16503
22912 10507 33851 08006 44822 05010 55739 06006 66713 16006
77664 16503 88640 23004 99617 19009 11595 20011 22512 19519
33493 18514 44406 22514 55390 23504 66374 12504 77359 10506
88345 10014 99331 10523 31313 73508 82330 41414 53476=

NNNNN

ULID51 WIMM 100000
TTCC  6000/ 96035 88999 77999 31313 73508 82330=

NNNNN

UEID51 WIMM 100000
TTDD  6000/ 96035 31313 73508 82330=

NNNNN

UPID51 WIMM 100000
PPAA  60008 96035 55385 08006 17005 18517 55140 23012
77999=

NNNNN

UGID51 WIMM 100000
PPBB  60008 96035 90/13 00000 16503 10507 90569 08006 05010
06006 91023 16006 16503 23004 91459 19009 20011 19519 92056
18514 22514 23504 92789 12504 10506 10014 930// 10523=

NNNNN

UHID51 WIMM 100000
PPCC  60008 96035 77999=

NNNNN

UQID51 WIMM 100000
PPDD  60008 96035=

NNNNN
