USID51 WIMM 080000
TTAA  58001 96035 99011 25613 18010 00098 25833 17005
92791 23256 13517 85519 18242 12513 70161 09023 13006
50588 05321 15007 40760 14546 10508 30972 30156 10514
25099 40362 13519 20247 53148 12525 15425 68156 10537
10660 81558 27505 88999 77999 31313 73508 82330=

NNNNN

UKID51 WIMM 080000
TTBB  58008 96035 00011 25613 11007 25418 22990 26857 33813
15624 44685 08845 55574 00012 66562 00509 77423 11939 88336
24339 99302 29956 11289 31362 22270 35758 33253 39563 44243
41956 55203 52145 66187 57150 77185 57745 88181 58758 99173
61160 11157 65956 22141 70956 33136 70161 44100 81558 21212
00011 18010 11914 13516 22767 12510 33714 14507 44688 13006
55640 15505 66617 19503 77573 14003 88552 14507 99512 08505
11492 14008 22474 10509 33439 10513 44422 09510 55406 11508
66375 14009 77360 15010 88346 13013 99332 13512 11305 09515
22280 15018 33170 11526 44162 11532 55139 10533 66132 06507
77126 31005 88113 31015 99107 33016 11102 31010 31313 73508
82330 41414 25436=

NNNNN

ULID51 WIMM 080000
TTCC  58003 96035 70861 74763 28523 50058 71771 26032
30369 63183 30021 88882 84756 20518 77999 31313 73508
82330=

NNNNN

UEID51 WIMM 080000
TTDD  5800/ 96035 11882 84756 22804 82757 33777 77162 44661
75363 55629 72367 66594 73967 77574 71170 88498 71771 99424
65178 11345 65182 22323 61783 33301 62983 44257 58784 55236
59984 66226 57184 77211 57384 21212 11965 21506 22915 20517
33866 18516 44778 21514 55739 28517 66701 29023 77666 26026
88571 26534 99543 28036 11490 25527 22444 25532 33422 26528
44383 25027 55347 24530 66314 30022 77272 30521 88259 35508
99247 07018 11225 11038 22214 11527 31313 73508 82330=

NNNNN

UPID51 WIMM 080000
PPAA  58008 96035 55385 12513 13006 15007 55340 10508
10514 13519 55320 12525 10537 27505 77999=

NNNNN

UGID51 WIMM 080000
PPBB  58008 96035 90/38 18010 13516 12510 91013 14507 13006
15505 91467 19503 14003 14507 919// 08505 92013 14008 10509
10513 92457 09510 11508 14009 9289/ 15010 13013 93024 13512
09515 15018 94569 11526 11532 10533 95013 06507 31005 31015
9545/ 33016 31010=

NNNNN

UHID51 WIMM 080000
PPCC  58008 96035 55370 28523 26032 30021 77999=

NNNNN

UQID51 WIMM 080000
PPDD  58008 96035 95678 21506 20517 18516 96012 21514 28517
29023 96367 26026 26534 28036 969// 25527 97124 25532 26528
25027 9768/ 24530 30022 98123 30521 35508 07018 9856/ 11038
11527=

NNNNN
