USID51 WIMM 110000
TTAA  61001 96035 99010 25610 00000 00091 26027 08502
92783 22820 33007 85518 18222 30504 70161 09850 29015
50588 05913 06505 40759 15521 05017 30971 29530 08016
25098 40132 08521 20246 52740 09527 15426 65156 13512
10662 81929 28529 88999 77999 31313 73508 82330=

NNNNN

UKID51 WIMM 110000
TTBB  61008 96035 00010 25610 11004 25418 22973 26032 33827
16612 44759 14857 55593 00014 66517 04513 77417 13522 88345
22324 99289 31530 11172 60728 22158 63950 33100 81929 21212
00010 00000 11977 34008 22944 34009 33913 31508 44852 30504
55794 19003 66766 31008 77740 29512 88664 30014 99617 31521
11572 30016 22551 31010 33531 33508 44511 03505 55473 09005
66455 04008 77438 05512 88331 05017 99304 08017 11205 08526
22187 11529 33170 11541 44154 13013 55139 24512 66132 26527
77126 27540 88102 28530 31313 73508 82330 41414 55478=

NNNNN

ULID51 WIMM 110000
TTCC  61002 96035 70863 75720 05019 50059 70717 22514
30367 65315 28014 20620 59313 27013 88980 82728 29026
77999 31313 73508 82330=

NNNNN

UEID51 WIMM 110000
TTDD  6100/ 96035 11980 82728 22824 83530 33787 81541 44762
76357 55708 75320 66625 78321 77605 75920 88596 72541 99578
71320 11529 73118 22493 69917 33449 70317 44418 65715 55348
66916 66301 65115 77277 59313 88263 57912 99229 60913 11196
59113 22188 56512 33177 58112 44154 55711 55136 52734 21212
11968 30023 22824 34519 33781 02519 44703 05020 55634 12010
66572 03009 77543 02504 88516 15508 99491 23015 11402 28526
22382 28026 33364 28533 44347 29526 55314 30522 66284 24514
77258 27015 88246 30014 99235 30509 11224 24015 22213 23508
33203 25013 44194 29016 55185 00522 66168 07020 77160 12521
88153 15019 99139 07033 31313 73508 82330=

NNNNN

UPID51 WIMM 110000
PPAA  61008 96035 55385 30504 29015 06505 55340 05017
08016 08521 55320 09527 13512 28529 77999=

NNNNN

UGID51 WIMM 110000
PPBB  61008 96035 90/12 00000 34008 34009 90357 31508 30504
19003 9089/ 31008 29512 91246 30014 31521 30016 91789 31010
33508 03505 92123 09005 04008 05512 9302/ 05017 08017 94135
08526 11529 11541 9479/ 13013 24512 95015 26527 27540 28530=

NNNNN

UHID51 WIMM 110000
PPCC  61008 96035 55370 05019 22514 28014 55120 27013
77999=

NNNNN

UQID51 WIMM 110000
PPDD  61008 96035 9569/ 30023 34519 96024 02519 05020 12010
96678 03009 02504 15508 969// 23015 97345 28526 28026 28533
9768/ 29526 30522 98023 24514 27015 30014 98456 30509 24015
23508 98789 25013 29016 00522 99123 07020 12521 15019 995//
07033=

NNNNN
