USID51 WIMM 010000
TTAA  51001 96035 99009 24411 23004 00083 26046 26006
92762 22247 34011 85498 18428 35005 70138 09432 22509
50586 05511 28007 40758 15322 08513 30969 29923 06025
25096 40142 07018 20244 52960 09540 15424 67957 08547
10656 80956 08031 88105 83723 09554 77999 31313 73508
82330=

NNNNN

UKID51 WIMM 010000
TTBB  51008 96035 00009 24411 11004 25638 22799 16650 33578
00011 44524 03311 55408 14322 66315 27334 77260 37940 88234
43950 99219 47761 11173 60560 22153 66958 33125 76927 44105
83723 55100 80956 21212 00009 23004 11976 32008 22943 35012
33911 33510 44880 33506 55850 35005 66765 26006 77738 29008
88638 22007 99615 23511 11593 19010 22550 16508 33510 27505
44491 27005 55472 22004 66454 15012 77420 13510 88388 07017
99373 09019 11304 06025 22245 08018 33224 09027 44205 09036
55178 09547 66169 09549 77161 09048 88125 08547 99119 09051
11107 10056 31313 73508 82330 41414 35476=

NNNNN

ULID51 WIMM 010000
TTCC  51002 96035 70858 76756 32510 50056 68356 26033
30366 62548 28531 20620 54979 03523 88999 77999 31313
73508 82330=

NNNNN

UEID51 WIMM 010000
TTDD  5100/ 96035 11963 81557 22948 78959 33835 81156 44752
79340 55715 78140 66694 75157 77634 74535 88589 71756 99522
70340 11506 68956 22457 68750 33441 68135 44386 64158 55363
62947 66339 63942 77328 63544 88323 63557 99302 62949 11253
61563 22226 57169 33178 54985 44157 50586 55133 51986 66123
49786 21212 11960 06016 22910 16012 33863 24503 44818 30520
55736 33525 66598 26034 77568 27542 88488 25533 99464 25026
11442 27030 22420 27027 33400 27529 44346 26034 55298 28031
66271 28519 77258 24520 88223 31022 99213 34523 11203 02026
22185 10027 33177 10030 44161 12049 55154 12038 66140 11549
77134 11047 88128 09542 31313 73508 82330=

NNNNN

UPID51 WIMM 010000
PPAA  51008 96035 55385 35005 22509 28007 55340 08513
06025 07018 55320 09540 08547 08031 77999=

NNNNN

UGID51 WIMM 010000
PPBB  51008 96035 90/12 23004 32008 35012 90345 33510 33506
35005 9089/ 26006 29008 91345 22007 23511 19010 9179/ 16508
27505 92012 27005 22004 15012 92467 13510 07017 09019 93279
06025 08018 09027 94145 09036 09547 09549 946// 09048 95124
08547 09051 10056=

NNNNN

UHID51 WIMM 010000
PPCC  51008 96035 55370 32510 26033 28531 55120 03523
77999=

NNNNN

UQID51 WIMM 010000
PPDD  51008 96035 95678 06016 16012 24503 959// 30520 96156
33525 26034 27542 969// 25533 97012 25026 27030 27027 97369
27529 26034 28031 98125 28519 24520 31022 98679 34523 02026
10027 99023 10030 12049 12038 99567 11549 11047 09542=

NNNNN
