USID51 WIMM 100000
TTAA  60001 96035 99008 25015 27004 00075 25627 25504
92760 23019 14503 85496 19026 24503 70146 10850 29511
50587 05115 20502 40759 15328 12007 30970 30325 02005
25097 40332 09513 20245 53344 09018 15424 68343 08533
10658 79957 16504 88999 77999 31313 73508 82330=

NNNNN

UKID51 WIMM 100000
TTBB  60008 96035 00008 25015 11006 24812 22994 26237 33972
25433 44683 10050 55553 00030 66459 09112 77382 17550 88346
21945 99313 28120 11253 39732 22145 69741 33119 78556 44100
79957 21212 00008 27004 11975 16502 22942 13006 33850 24503
44765 25509 55712 28011 66639 29014 77616 32008 88594 33011
99572 35508 11551 04002 22531 06503 33511 21502 44492 25002
55473 15002 66438 12505 77421 16509 88389 10010 99374 07009
11331 01007 22304 02507 33280 05504 44268 05505 55257 09011
66224 06512 77161 10027 88146 08034 99119 04041 11107 06015
22101 16005 31313 73508 82330 41414 25536=

NNNNN

ULID51 WIMM 100000
TTCC  60002 96035 70860 74957 27028 50057 70558 26541
30370 57569 18020 20626 54585 05027 88876 83739 09014
77999 31313 73508 82330=

NNNNN

UEID51 WIMM 100000
TTDD  6000/ 96035 11931 81757 22876 83739 33844 83939 44822
80358 55767 76158 66714 77156 77684 73758 88610 73947 99516
71359 11479 70757 22433 69158 33414 64362 44379 60765 55341
62361 66324 62970 77305 58173 88285 55971 99237 57968 11209
58571 22206 58979 33201 56178 44197 53785 55175 51576 21212
11962 08001 22912 06012 33819 11014 44737 26017 55632 28543
66443 27034 77421 24530 88401 24025 99364 30024 11330 28515
22314 21511 33300 18020 44273 21522 55260 22014 66237 24504
77226 06005 88215 00523 99205 01020 11196 06038 22178 09043
31313 73508 82330=

NNNNN

UPID51 WIMM 100000
PPAA  60008 96035 55385 24503 29511 20502 55340 12007
02005 09513 55320 09018 08533 16504 77999=

NNNNN

UGID51 WIMM 100000
PPBB  60008 96035 90/12 27004 16502 13006 9058/ 24503 25509
91034 28011 29014 32008 91567 33011 35508 04002 9189/ 06503
21502 92013 25002 15002 12505 92467 16509 10010 07009 93024
01007 02507 05504 93569 05505 09011 06512 9468/ 10027 08034
95245 04041 06015 16005=

NNNNN

UHID51 WIMM 100000
PPCC  60008 96035 55370 27028 26541 18020 55120 05027
77999=

NNNNN

UQID51 WIMM 100000
PPDD  60008 96035 95679 08001 06012 11014 9614/ 26017 28543
97123 27034 24530 24025 97578 30024 28515 21511 979// 18020
98124 21522 22014 24504 98567 06005 00523 01020 988// 06038
990// 09043=

NNNNN
