USID51 WIMM 240000
TTAA  74001 96035 99009 25003 00000 00091 26443 22505
92776 23856 00000 85517 19650 21005 70159 09031 29505
50588 05556 28519 40759 16930 28007 30970 30749 01510
25096 41149 06515 20244 53764 11041 15423 65563 13058
10660 81161 10019 88999 77169 12068 31313 73508 82330=

NNNNN

UKID51 WIMM 240000
TTBB  74008 96035 00009 25003 11998 26847 22882 22458 33752
12020 44718 09412 55676 08456 66643 05837 77624 04235 88619
04256 99608 02819 11572 00025 22561 01308 33547 00956 44490
06742 55480 06957 66447 11939 77415 15715 88369 19550 99286
33149 11249 41548 22245 42343 33238 43361 44199 53964 55164
64159 66142 66763 77100 81161 21212 00009 00000 11976 23503
22944 05001 33912 25503 44881 20504 55852 20505 66822 27003
77794 28505 88767 26504 99739 34003 11713 25004 22688 26504
33663 34006 44617 33007 55594 35008 66551 29514 77438 29016
88405 29506 99389 28008 11374 32004 22359 05004 33330 05006
44304 02010 55291 36012 66279 35016 77267 35512 88256 04512
99224 10527 11214 11031 22195 11043 33186 11554 44177 11561
55169 12068 66153 12567 77139 14529 88132 15021 99126 16509
11119 08011 22107 10517 33102 08521 31313 73508 82330 41414
32476=

NNNNN

ULID51 WIMM 240000
TTCC  74002 96035 70863 77564 34509 50059 68571 29532
30369 62783 27015 20621 58384 19507 88960 82360 14515
77999 31313 73508 82330=

NNNNN

UEID51 WIMM 240000
TTDD  7400/ 96035 11960 82360 22898 82559 33875 81160 44861
77363 55708 78163 66685 75765 77616 77763 88572 77364 99535
68971 11477 69573 22397 64982 33336 65782 44286 59984 55188
59384 66175 56585 77172 56385 88168 51986 99147 55985 21212
11966 13516 22916 22013 33868 23507 44824 34015 55782 00526
66742 01522 77704 35012 88668 25520 99634 26033 11602 27029
22543 26022 33491 29533 44467 29526 55423 29030 66383 28519
77347 26010 88330 22511 99314 21513 11285 31020 22259 34016
33247 31008 44224 23015 55214 24015 66204 21014 77194 00505
88185 08510 99161 10540 11154 09043 31313 73508 82330=

NNNNN

UPID51 WIMM 240000
PPAA  74008 96035 55385 21005 29505 28519 55340 28007
01510 06515 55320 11041 13058 10019 71350 12068=

NNNNN

UGID51 WIMM 240000
PPBB  74008 96035 90/12 00000 23503 05001 90345 25503 20504
20505 90678 27003 28505 26504 909// 34003 91012 25004 26504
34006 91457 33007 35008 29514 92356 29016 29506 28008 9278/
32004 05004 93023 05006 02010 36012 93456 35016 35512 04512
939// 10527 94023 11031 11043 11554 94457 11561 12068 12567
949// 14529 95012 15021 16509 08011 9545/ 10517 08521=

NNNNN

UHID51 WIMM 240000
PPCC  74008 96035 55370 34509 29532 27015 55120 19507
77999=

NNNNN

UQID51 WIMM 240000
PPDD  74008 96035 95678 13516 22013 23507 959// 34015 96012
00526 01522 35012 96345 25520 26033 27029 9679/ 26022 29533
97024 29526 29030 28519 97678 26010 22511 21513 98023 31020
34016 31008 98567 23015 24015 21014 9889/ 00505 08510 9923/
10540 09043=

NNNNN
