USID51 WIMM 220000
TTAA  72001 96035 99010 26007 00000 00099 26044 24507
92788 23044 33004 85519 18235 09007 70155 08008 09525
50588 03759 22010 40760 16350 08505 30970 32740 11027
25095 42132 11040 20242 54146 10565 15421 62972 11038
10660 79764 29526 88999 77186 11074 77161 10572 31313
73508 82330=

NNNNN

UKID51 WIMM 220000
TTBB  72008 96035 00010 26007 11006 25429 22971 27060 33885
19824 44820 16637 55754 11209 66669 05816 77591 03048 88558
00056 99499 03959 11448 09762 22426 12956 33352 23730 44244
43532 55197 54947 66172 61761 77164 63963 88158 62569 99100
79764 21212 00010 00000 11978 28008 22945 34006 33913 31503
44882 02505 55852 08506 66823 07010 77572 11014 88531 17022
99511 17511 11492 22011 22439 22516 33422 21509 44405 11003
55374 10509 66345 09512 77279 12028 88256 11541 99224 09548
11214 10553 22195 11066 33186 11074 44161 10572 55153 10548
66139 08515 77132 06505 88125 33003 99119 28519 11102 29524
31313 73508 82330 41414 35477=

NNNNN

ULID51 WIMM 220000
TTCC  72002 96035 70861 79760 22512 50056 70568 24030
30365 60980 24535 20618 56785 17012 88881 83760 27519
77999 31313 73508 82330=

NNNNN

UEID51 WIMM 220000
TTDD  7200/ 96035 11881 83760 22844 81561 33793 83758 44762
80560 55727 81558 66716 79161 77666 80359 88576 71766 99438
71169 11361 67374 22344 65975 33325 59980 44237 60184 55208
56984 66182 56185 77163 59784 88160 60584 99157 60783 11155
60384 22152 56185 33137 49386 44127 49591 21212 11967 27529
22916 26030 33823 35508 44780 05008 55739 16010 66701 22513
77665 25508 88631 20511 99569 23526 11465 25541 22420 27534
33380 27024 44344 29523 55327 27025 66312 24536 77270 26032
88257 27028 99246 28530 11223 30518 22213 30512 33203 19510
44176 09517 55152 09528 66139 08031 77133 08035 31313 73508
82330=

NNNNN

UPID51 WIMM 220000
PPAA  72008 96035 55385 09007 09525 22010 55340 08505
11027 11040 55320 10565 11038 29526 71288 11074 71378
10572=

NNNNN

UGID51 WIMM 220000
PPBB  72008 96035 90/12 00000 28008 34006 90345 31503 02505
08506 906// 07010 91689 11014 17022 17511 92034 22011 22516
21509 92579 11003 10509 09512 93469 12028 11541 09548 94023
10553 11066 11074 94679 10572 10548 08515 95012 06505 33003
28519 955// 29524=

NNNNN

UHID51 WIMM 220000
PPCC  72008 96035 55370 22512 24030 24535 55120 17012
77999=

NNNNN

UQID51 WIMM 220000
PPDD  72008 96035 95679 27529 26030 35508 96012 05008 16010
22513 96346 25508 20511 23526 97024 25541 27534 27024 97678
29523 27025 24536 98123 26032 27028 28530 98567 30518 30512
19510 99035 09517 09528 08031 996// 08035=

NNNNN
