USID51 WIMM 070000
TTAA  57001 96035 99010 25015 00000 00097 25637 17503
92780 22632 33510 85514 17824 35009 70152 09450 07009
50587 04142 04007 40759 15328 10010 30971 28538 14014
25098 38739 09512 20247 52338 14019 15427 68936 09022
10661 81122 29524 88999 77999 31313 73508 82330=

NNNNN

UKID51 WIMM 070000
TTBB  57008 96035 00010 25015 11008 24820 22986 26044 33801
15035 44786 13809 55713 09215 66688 08857 77664 06622 88612
03036 99600 02659 11593 02262 22587 01657 33566 00257 44561
00464 55557 00063 66550 00936 77516 03127 88498 04356 99492
04757 11487 05333 22475 06556 33465 07757 44460 08334 55435
11110 66360 19936 77327 25743 88315 26140 99254 37938 11158
66337 22138 72940 33125 73542 44117 74923 55100 81122 21212
00010 00000 11977 34506 22944 33510 33913 35011 44822 34507
55793 01503 66766 14006 77713 08512 88639 08512 99616 10510
11594 12007 22551 07009 33531 09505 44492 03507 55473 09506
66455 10005 77438 09010 88405 09509 99374 09012 11345 10005
22331 18505 33305 14515 44280 12014 55268 08512 66215 14020
77154 10521 88126 08017 99119 22507 11113 27014 31313 73508
82330 41414 35476=

NNNNN

ULID51 WIMM 070000
TTCC  57002 96035 70862 76728 26028 50060 68917 27552
30373 57560 33510 20628 56367 12031 88927 83323 34016
77999 31313 73508 82330=

NNNNN

UEID51 WIMM 070000
TTDD  5700/ 96035 11927 83323 22841 83323 33792 79932 44743
80922 55708 76934 66694 76921 77637 76320 88595 71727 99527
68323 11467 70317 22408 64334 33324 60148 44307 57560 55283
59150 66223 58362 77195 56775 88172 50786 99149 53385 11120
47987 21212 11967 31520 22918 35017 33869 03516 44824 04515
55781 24003 66740 27506 77703 26028 88667 26530 99601 24030
11571 27035 22491 28052 33445 27040 44423 25033 55403 24029
66383 23032 77348 23019 88316 22015 99301 33509 11287 35010
22249 33517 33237 03014 44226 07524 55216 09032 66206 12027
77196 12033 88179 09532 99163 08540 11156 09552 22124 07563
31313 73508 82330=

NNNNN

UPID51 WIMM 070000
PPAA  57008 96035 55385 35009 07009 04007 55340 10010
14014 09512 55320 14019 09022 29524 77999=

NNNNN

UGID51 WIMM 070000
PPBB  57008 96035 90/12 00000 34506 33510 90367 35011 34507
01503 908// 14006 91034 08512 08512 10510 91578 12007 07009
09505 92012 03507 09506 10005 92357 09010 09509 09012 929//
10005 93024 18505 14515 12014 935// 08512 9407/ 14020 10521
95123 08017 22507 27014=

NNNNN

UHID51 WIMM 070000
PPCC  57008 96035 55370 26028 27552 33510 55120 12031
77999=

NNNNN

UQID51 WIMM 070000
PPDD  57008 96035 95678 31520 35017 03516 959// 04515 96012
24003 27506 26028 96356 26530 24030 27035 969// 28052 97123
27040 25033 24029 97468 23032 23019 22015 979// 33509 98034
35010 33517 03014 98567 07524 09032 12027 988// 12033 99023
09532 08540 09552 998// 07563=

NNNNN
