USID51 WIMM 130000
TTAA  63001 96035 99009 23408 24004 00083 26450 24005
92769 23244 33016 85502 19657 32518 70143 10442 34514
50587 04945 09511 40759 15165 07518 30971 29550 10515
25098 39360 11527 20247 52558 12533 15426 67956 11542
10660 79957 11510 88111 80745 11026 77999 31313 73508
82330=

NNNNN

UKID51 WIMM 130000
TTBB  63008 96035 00009 23408 11007 23411 22996 26850 33851
19656 44771 13829 55746 13056 66659 07224 77591 02449 88566
00033 99534 03124 11521 03350 22510 04326 33495 05356 44481
06739 55466 07356 66458 07766 77455 08169 88449 09159 99436
10957 11433 11356 22427 11747 33414 13361 44400 15165 55393
15767 66389 16368 77386 16759 88381 17556 99351 21746 11346
22722 22306 28543 33288 31359 44253 38760 55236 43149 66221
47150 77214 48559 88168 62361 99148 68956 11126 74957 22111
80745 33100 79957 21212 00009 24004 11976 31009 22911 32515
33738 32019 44687 35517 55663 01513 66616 01509 77594 04010
88511 07511 99492 09511 11421 06013 22359 10523 33305 10516
44292 12513 55225 12027 66215 12030 77178 13031 88170 12025
99146 11543 11126 11031 22113 11526 33102 12014 31313 73508
82330 41414 25436=

NNNNN

ULID51 WIMM 130000
TTCC  63002 96035 70860 83158 25518 50055 70570 27523
30368 64583 34023 20622 52586 06041 88999 77999 31313
73508 82330=

NNNNN

UEID51 WIMM 130000
TTDD  6300/ 96035 11874 82357 22854 80359 33708 83158 44689
78761 55623 74563 66588 75364 77503 70769 88459 64177 99287
65182 11268 62983 22258 57784 33254 55385 44239 57184 55224
57584 66180 49386 77164 50386 88146 46987 99125 47187 21212
11965 13506 22915 31507 33868 33509 44822 27009 55780 26025
66700 25518 77664 27024 88568 24027 99513 28527 11465 25529
22442 25532 33401 26522 44364 25527 55314 33520 66285 35515
77271 01514 88258 10024 99235 15028 11214 11022 22204 06035
33177 07546 44170 08055 55141 10052 66135 10548 77129 08551
31313 73508 82330=

NNNNN

UPID51 WIMM 130000
PPAA  63008 96035 55385 32518 34514 09511 55340 07518
10515 11527 55320 12533 11542 11510 77999=

NNNNN

UGID51 WIMM 130000
PPBB  63008 96035 90/13 24004 31009 32515 909// 32019 91124
35517 01513 01509 9159/ 04010 07511 92048 09511 06013 10523
93239 10516 12513 12027 94045 12030 13031 12025 948// 11543
95135 11031 11526 12014=

NNNNN

UHID51 WIMM 130000
PPCC  63008 96035 55370 25518 27523 34023 55120 06041
77999=

NNNNN

UQID51 WIMM 130000
PPDD  63008 96035 95678 13506 31507 33509 959// 27009 96023
26025 25518 27024 9668/ 24027 28527 97013 25529 25532 26522
9758/ 25527 33520 98012 35515 01514 10024 98467 15028 11022
06035 99015 07546 08055 10052 9967/ 10548 08551=

NNNNN
