USID51 WIMM 230000
TTAA  73001 96035 99011 25815 21006 00099 25015 21505
92786 22431 33006 85518 17411 04504 70158 09014 09508
50587 06122 03510 40759 15321 17012 30970 29950 11501
25097 40957 15011 20245 54750 12012 15423 64960 15524
10660 81356 01015 88999 77999 31313 73508 82330=

NNNNN

UKID51 WIMM 230000
TTBB  73008 96035 00011 25815 11908 21440 22849 17210 33732
11407 44584 00020 55565 00337 66544 02530 77528 02739 88482
07514 99444 10335 11409 14315 22337 23744 33269 36359 44243
42756 55220 48760 66196 55740 77175 61956 88156 63759 99125
73556 11100 81356 21212 00011 21006 11978 25512 22913 30006
33882 30007 44852 04003 55822 03509 66794 05512 77713 06511
88664 13508 99617 16009 11594 19010 22572 19008 33531 29503
44511 02507 55492 06007 66473 07008 77455 31006 88438 24511
99421 17013 11374 15009 22345 15506 33331 02505 44305 10502
55292 17003 66256 16012 77245 14013 88235 13503 99224 08504
11214 12507 22205 10012 33186 11013 44177 11010 55169 10512
66146 16021 77139 16511 88132 22014 99119 23517 11107 36018
22102 02016 31313 73508 82330 41414 69478=

NNNNN

ULID51 WIMM 230000
TTCC  73002 96035 70861 72362 25014 50058 69963 26029
30368 63761 29023 20620 57564 23508 88985 81756 01015
77116 08574 66109 08569 31313 73508 82330=

NNNNN

UEID51 WIMM 230000
TTDD  7300/ 96035 11985 81756 22878 80158 33756 83756 44735
82956 55722 77161 66709 73562 77615 71563 88539 73961 99452
66763 11356 66161 22283 63761 33258 59963 44188 57165 55175
59365 66155 57168 77142 52773 88129 51574 99120 53573 11109
49375 21212 11964 02515 22915 12010 33867 16509 44823 24502
55780 26508 66739 30012 77701 25014 88633 24029 99602 25543
11490 25530 22466 26028 33444 27030 44402 27525 55382 28019
66346 25016 77285 31025 88235 31519 99203 23507 11194 14509
22185 11017 33176 08516 44168 10022 55153 10541 66139 08047
77133 07553 88116 08574 99109 08569 31313 73508 82330=

NNNNN

UPID51 WIMM 230000
PPAA  73008 96035 55385 04504 09508 03510 55340 17012
11501 15011 55320 12012 15524 01015 77999=

NNNNN

UGID51 WIMM 230000
PPBB  73008 96035 90/13 21006 25512 30006 90456 30007 04003
03509 907// 05512 91024 06511 13508 16009 91568 19010 19008
29503 919// 02507 92012 06007 07008 31006 92347 24511 17013
15009 929// 15506 93023 02505 10502 17003 93678 16012 14013
13503 939// 08504 94013 12507 10012 11013 94458 11010 10512
16021 949// 16511 95024 22014 23517 36018 955// 02016=

NNNNN

UHID51 WIMM 230000
PPCC  73008 96035 55370 25014 26029 29023 55120 23508
72968 08574 63006 08569=

NNNNN

UQID51 WIMM 230000
PPDD  73008 96035 95678 02515 12010 16509 959// 24502 96012
26508 30012 25014 96459 24029 25543 25530 97013 26028 27030
27525 9746/ 28019 25016 98047 31025 31519 23507 9889/ 14509
11017 99013 08516 10022 10541 99569 08047 07553 08574 100//
08569=

NNNNN
