USID51 WIMM 260000
TTAA  76001 96035 99006 24813 19004 00061 25427 21504
92752 23640 29502 85483 19045 22011 70127 11058 25521
50585 04167 33017 40758 14750 05514 30968 31140 09512
25095 40957 15024 20242 53956 11036 15421 66164 11581
10660 80963 06028 88999 77145 11569 77161 11069 31313
73508 82330=

NNNNN

UKID51 WIMM 260000
TTBB  76008 96035 00006 24813 11998 25830 22933 24256 33772
14030 44700 11058 55658 07637 66565 00049 77555 01137 88543
01560 99524 02361 11518 02767 22449 09759 33437 10763 44416
13556 55375 17360 66310 29717 77303 30541 88263 38344 99256
39357 11202 53356 22166 62562 33138 66572 44100 80963 21212
00006 19004 11973 32505 22941 33004 33909 29004 44879 22006
55849 22011 66737 26013 77661 25510 88638 25008 99550 29012
11491 32516 22454 34011 33437 02011 44404 05513 55388 05015
66373 07507 77330 13008 88317 12010 99304 08012 11279 13019
22245 14525 33204 11034 44168 11560 55161 11069 66145 11569
77138 10543 88125 07527 99119 04535 11107 06029 22102 05527
31313 73508 82330 41414 25436=

NNNNN

ULID51 WIMM 260000
TTCC  76002 96035 70860 80160 32517 50057 71369 24519
30367 64182 27523 20616 57184 13511 88845 84759 07019
77999 31313 73508 82330=

NNNNN

UEID51 WIMM 260000
TTDD  7600/ 96035 11845 84759 22807 80762 33714 80759 44662
74165 55636 71966 66592 74166 77526 73967 88503 72169 99491
67373 11436 65375 22378 67976 33290 62783 44251 64183 55213
63783 66203 59984 77198 54785 88165 54785 99144 53185 11128
48587 21212 11966 06525 22915 09508 33867 06014 44821 10516
55779 29506 66700 32517 77632 25013 88489 26026 99443 27038
11382 29531 22346 28022 33313 26520 44284 30021 55258 27517
66223 28014 77212 33502 88202 14009 99193 15522 11176 13523
22160 08033 33146 11033 44133 07039 31313 73508 82330=

NNNNN

UPID51 WIMM 260000
PPAA  76008 96035 55385 22011 25521 33017 55340 05514
09512 15024 55320 11036 11581 06028 71442 11569 71378
11069=

NNNNN

UGID51 WIMM 260000
PPBB  76008 96035 90/12 19004 32505 33004 90345 29004 22006
22011 909// 26013 91237 25510 25008 29012 92023 32516 34011
02011 92567 05513 05015 07507 93012 13008 12010 08012 9347/
13019 14525 94156 11034 11560 11069 9489/ 11569 10543 95124
07527 04535 06029 955// 05527=

NNNNN

UHID51 WIMM 260000
PPCC  76008 96035 55370 32517 24519 27523 55120 13511
77999=

NNNNN

UQID51 WIMM 260000
PPDD  76008 96035 95678 06525 09508 06014 959// 10516 96024
29506 32517 25013 969// 26026 97146 27038 29531 28022 978//
26520 98025 30021 27517 28014 98678 33502 14009 15522 99024
13523 08033 11033 996// 07039=

NNNNN
