USID51 WIMM 170000
TTAA  67001 96035 99009 24611 00000 00082 27847 26505
92774 24057 35010 85511 19456 33507 70153 09457 03511
50586 04761 05507 40757 17120 12019 30968 29932 09526
25095 39936 12536 20243 53546 12030 15421 69349 11559
10657 79557 09512 88999 77999 31313 73508 82330=

NNNNN

UKID51 WIMM 170000
TTBB  67008 96035 00009 24611 11998 27849 22952 26057 33894
21228 44860 20258 55827 17856 66784 15661 77757 13460 88736
11233 99691 09261 11583 00012 22548 03106 33532 05338 44514
03360 55458 10350 66449 11519 77430 13506 88396 17744 99349
22131 11274 34534 22166 64549 33124 73344 44100 79557 21212
00009 00000 11976 30511 22912 35011 33881 00509 44851 33507
55822 01508 66793 02512 77766 03509 88663 04514 99530 08511
11510 07508 22491 03505 33455 06506 44420 12018 55279 10527
66256 12535 77224 12531 88214 12527 99195 12031 11169 12043
22161 11550 33145 11052 44131 08519 55125 04509 66107 05517
31313 73508 82330 41414 59478=

NNNNN

ULID51 WIMM 170000
TTCC  67002 96035 70859 77350 25539 50056 67556 26036
30366 64956 25024 20615 59362 23520 88876 83350 20505
88304 64956 24025 77999 31313 73508 82330=

NNNNN

UEID51 WIMM 170000
TTDD  6700/ 96035 11876 83350 22840 79757 33786 79950 44761
76957 55695 77747 66637 78746 77624 76556 88560 73950 99538
68559 11521 66558 22457 69156 33417 69556 44360 60959 55341
59959 66304 64956 77257 66157 88243 62760 99222 63160 11187
59163 22178 57566 33171 54169 44158 50580 55140 54185 66120
51986 21212 11911 18510 22863 18004 33818 24516 44699 25539
55663 25534 66598 28023 77539 26528 88488 25536 99420 28533
11380 29021 22313 23026 33270 28515 44245 27521 55233 31019
66222 29514 77202 23018 88192 24523 99183 29012 11175 07512
22167 09005 33159 06523 44152 08534 55120 10045 31313 73508
82330=

NNNNN

UPID51 WIMM 170000
PPAA  67008 96035 55385 33507 03511 05507 55340 12019
09526 12536 55320 12030 11559 09512 77999=

NNNNN

UGID51 WIMM 170000
PPBB  67008 96035 90/13 00000 30511 35011 90456 00509 33507
01508 9078/ 02512 03509 91289 04514 08511 07508 92024 03505
06506 12018 93469 10527 12535 12531 94025 12527 12031 12043
9468/ 11550 11052 95014 08519 04509 05517=

NNNNN

UHID51 WIMM 170000
PPCC  67008 96035 55370 25539 26036 25024 55120 23520
77999=

NNNNN

UQID51 WIMM 170000
PPDD  67008 96035 95789 18510 18004 24516 96235 25539 25534
28023 9679/ 26528 25536 97248 28533 29021 23026 98134 28515
27521 31019 98578 29514 23018 24523 989// 29012 99012 07512
09005 06523 9938/ 08534 10045=

NNNNN
