USID51 WIMM 190000
TTAA  69001 96035 99010 25003 27004 00095 26250 27507
92784 23857 34513 85522 18235 33501 70165 10262 04512
50588 06157 08034 40760 14777 07536 30971 30760 10529
25098 40941 12027 20245 53356 11530 15424 69157 12051
10659 80360 36006 88999 77999 31313 73508 82330=

NNNNN

UKID51 WIMM 190000
TTBB  69008 96035 00010 25003 11004 25644 22994 26634 33935
24257 44857 18627 55826 17050 66798 15017 77710 09433 88700
10262 99692 09667 11649 05661 22564 00070 33526 03569 44520
04158 55492 06561 66481 06368 77432 10579 88393 15772 99388
16377 11375 18757 22315 27563 33287 32958 44279 34533 55274
35520 66264 37546 77233 45150 88223 47159 99201 53156 11181
58560 22154 67757 33137 73558 44100 80360 21212 00010 27004
11977 30010 22913 34512 33852 35002 44795 14002 55767 05506
66689 05016 77595 08026 88552 07034 99359 07533 11345 08527
22318 09028 33305 10530 44280 12029 55257 12029 66224 11029
77205 11530 88161 12044 99146 12052 11125 11062 22113 09028
33107 05015 44102 01506 31313 73508 82330 41414 49476=

NNNNN

ULID51 WIMM 190000
TTCC  69002 96035 70860 75563 33512 50057 70371 25528
30365 62783 23031 20620 59784 29517 88911 83958 35515
88540 74767 24530 88232 58584 26021 77999 31313 73508
82330=

NNNNN

UEID51 WIMM 190000
TTDD  6900/ 96035 11911 83958 22780 81959 33748 76962 44691
75563 55676 71767 66540 74767 77482 67773 88415 66377 99372
69377 11313 64782 22265 57384 33251 54985 44232 58584 55202
59384 66175 55785 77158 58184 88134 50786 99115 52986 21212
11963 34509 22913 35515 33865 36019 44819 36027 55777 00524
66737 33509 77699 33512 88665 26524 99632 27033 11600 27029
22570 26028 33542 24530 44515 25528 55466 28528 66443 27029
77422 25532 88329 26031 99313 25026 11284 23039 22270 24535
33258 26028 44223 27017 55213 25010 66203 29518 77194 31512
88185 03509 99176 09028 11168 08543 22139 09545 33133 09554
44115 10055 31313 73508 82330=

NNNNN

UPID51 WIMM 190000
PPAA  69008 96035 55385 33501 04512 08034 55340 07536
10529 12027 55320 11530 12051 36006 77999=

NNNNN

UGID51 WIMM 190000
PPBB  69008 96035 90/13 27004 30010 34512 90567 35002 24504
14002 908// 05506 91157 05016 08026 07034 9289/ 07533 08527
93124 09028 10530 12029 9369/ 12029 11029 94168 11530 12044
12052 95134 11062 09028 05015 955// 01506=

NNNNN

UHID51 WIMM 190000
PPCC  69008 96035 55370 33512 25528 23031 55120 29517
77999=

NNNNN

UQID51 WIMM 190000
PPDD  69008 96035 95678 34509 35515 36019 959// 36027 96012
00524 33509 33512 96345 26524 27033 27029 96678 26028 24530
25528 97012 28528 27029 25532 9778/ 26031 25026 98012 23039
24535 26028 98567 27017 25010 29518 9889/ 31512 03509 99015
09028 08543 09545 9969/ 09554 10055=

NNNNN
