USID51 WIMM 270000
TTAA  77001 96035 99007 25817 32006 00064 25419 33504
92746 22223 33507 85481 19225 25007 70131 10656 26510
50586 04339 32008 40758 15927 11506 30970 30358 09518
25096 40366 09538 20244 53156 11040 15423 68939 11054
10659 80960 09036 88999 77999 31313 73508 82330=

NNNNN

UKID51 WIMM 270000
TTBB  77008 96035 00007 25817 11826 18433 22767 14014 33710
11256 44634 05628 55562 00017 66515 02929 77482 06327 88470
07358 99465 07761 11461 08362 22459 08562 33456 09350 44440
10959 55400 15927 66397 14958 77395 14762 88390 15560 99386
14965 11319 26750 22304 29558 33294 31740 44293 31936 55292
32136 66289 32360 77261 37967 88236 43766 99217 48361 11211
49956 22147 69347 33138 68764 44100 80960 21212 00007 32006
11974 35512 22941 34508 33909 28509 44878 25011 55848 25507
66820 29011 77764 30509 88711 26508 99662 27014 11593 27514
22571 26013 33550 29009 44510 30009 55491 34505 66473 23505
77455 23505 88437 15501 99420 17502 11404 14005 22388 07010
33373 08011 44359 05012 55279 10023 66268 09531 77214 10043
88161 11548 99146 10059 11125 06059 22107 07047 31313 73508
82330 41414 35476=

NNNNN

ULID51 WIMM 270000
TTCC  77002 96035 70859 80160 02504 50058 70376 27534
30366 66582 28520 20618 57184 23021 88843 84759 11012
88322 66782 27522 77999 31313 73508 82330=

NNNNN

UEID51 WIMM 270000
TTDD  7700/ 96035 11843 84759 22774 80561 33732 81759 44693
80560 55675 75164 66633 70567 77514 69576 88476 71778 99390
64583 11363 62983 22322 66782 33278 66982 44222 56185 55194
57784 66152 54385 21212 11913 13526 22866 13515 33820 04007
44778 36011 55737 02015 66699 02003 77663 24008 88570 25033
99515 26530 11466 28031 22442 28027 33421 28530 44381 28531
55346 27025 66298 29020 77270 30519 88257 24009 99245 24511
11212 21526 22193 24014 33176 07519 44168 04019 55152 08524
31313 73508 82330=

NNNNN

UPID51 WIMM 270000
PPAA  77008 96035 55385 25007 26510 32008 55340 11506
09518 09538 55320 11040 11054 09036 77999=

NNNNN

UGID51 WIMM 270000
PPBB  77008 96035 90/12 32006 35512 34508 90345 28509 25011
25507 9068/ 29011 30509 91025 26508 27014 27514 91679 26013
29009 30009 92012 34505 23505 23505 92345 15501 17502 14005
92678 07010 08011 05012 9345/ 10023 09531 94068 10043 11548
10059 9514/ 06059 07047=

NNNNN

UHID51 WIMM 270000
PPCC  77008 96035 55370 02504 27534 28520 55120 23021
77999=

NNNNN

UQID51 WIMM 270000
PPDD  77008 96035 95789 13526 13515 04007 96012 36011 02015
02003 96368 24008 25033 26530 97012 28031 28027 28530 97469
28531 27025 29020 98123 30519 24009 24511 9868/ 21526 24014
99013 07519 04019 08524=

NNNNN
