USID51 WIEE 030000
TTAA  53001 96163 99008 24003 33008 00073 26448 30503
92763 22420 13503 85492 17812 30504 70137 09815 32003
50587 04550 08005 40759 15156 04517 30971 29544 07016
25098 39937 06510 20246 52358 07010 15425 67956 11508
10659 81150 07020 88999 77999 31313 73508 82332=

NNNNN

UKID51 WIEE 030000
TTBB  53008 96163 00008 24003 11003 25832 22996 26650 33873
19014 44684 09008 55651 07239 66569 00419 77564 01856 88549
00050 99467 07357 11453 08763 22445 09565 33431 11550 44411
14140 55390 16362 66388 16564 77377 18359 88373 19158 99371
19346 11370 19327 22359 20331 33354 20557 44295 30734 55284
33129 66281 33724 77276 34750 88275 34759 99268 36357 11262
37733 22260 38116 33242 41357 44227 44961 55183 57549 66172
60757 77160 64746 88131 73356 99100 81150 21212 00008 33008
11975 21006 22942 17004 33880 18002 44849 31004 55820 14502
66792 05002 77764 14003 88738 00000 99712 26003 11687 35503
22662 13006 33593 09506 44571 05003 55530 12004 66511 13005
77491 07505 88455 12009 99438 11012 11405 05016 22345 04517
33331 07516 44257 08012 55246 06013 66215 06512 77205 06509
88187 08006 99178 07009 11161 11511 22154 11508 33139 13508
44132 15017 55119 16007 66113 08009 77102 05519 31313 73508
82332 41414 68511=

NNNNN

ULID51 WIEE 030000
TTCC  53003 96163 70863 73564 25015 50063 71769 32018
30375 62378 22012 88880 82756 08023 88493 72169 32016
77999 31313 73508 82332=

NNNNN

UEID51 WIEE 030000
TTDD  5300/ 96163 11880 82756 22845 79360 33748 72764 44691
74164 55627 73166 66597 68571 77493 72169 88472 67173 99353
61778 11304 62777 22275 59379 21212 11866 07528 22821 06017
33780 18010 44740 22507 55704 25014 66603 21012 77574 30013
88494 32017 99470 36009 11447 04007 22425 02512 33405 04004
44385 00001 55367 22507 66350 21516 77317 23015 88302 22512
99288 21508 31313 73508 82332=

NNNNN

UPID51 WIEE 030000
PPAA  53008 96163 55385 30504 32003 08005 55340 04517
07016 06510 55320 07010 11508 07020 77999=

NNNNN

UGID51 WIEE 030000
PPBB  53008 96163 90/12 33008 21006 17004 90456 18002 31004
14502 90789 05002 14003 00000 91012 26003 35503 13006 91568
09506 05003 12004 919// 13005 92023 07505 12009 11012 9259/
05016 04517 93067 07516 08012 06013 94013 06512 06509 08006
94467 07009 11511 11508 949// 13508 95023 15017 16007 08009
955// 05519=

NNNNN

UHID51 WIEE 030000
PPCC  53008 96163 55370 25015 32018 22012 77999=

NNNNN

UQID51 WIEE 030000
PPDD  53008 96163 9589/ 07528 06017 96012 18010 22507 25014
96569 21012 30013 32017 97012 36009 04007 02512 97345 04004
00001 22507 97689 21516 23015 22512 980// 21508=

NNNNN
