USID51 WIEE 060000
TTAA  56001 96163 99009 23408 06002 00087 27457 12502
92773 22848 30516 85502 17634 31521 70144 09021 31009
50587 04907 09017 40759 14528 08017 30971 29530 09010
25099 40312 13013 20247 53127 14523 15426 69738 15035
10658 82939 08045 88101 83533 07544 77999 31313 73508
82329=

NNNNN

UKID51 WIEE 060000
TTBB  56008 96163 00009 23408 11000 27457 22847 17429 33793
15456 44719 09824 55686 08826 66567 00008 77446 09915 88395
15129 99321 25731 11256 38730 22250 40312 33191 55731 44175
60719 55129 77944 66123 79556 77116 78756 88101 83533 99100
82939 21212 00009 06002 11976 32004 22944 31012 33821 31021
44712 29512 55687 24502 66662 08506 77639 08514 88473 07519
99331 11012 11292 09509 22257 11509 33246 13015 44187 16028
55170 16032 66125 14035 77119 11028 88113 07542 99101 07544
31313 73508 82329 41414 44421=

NNNNN

ULID51 WIEE 060000
TTCC  56003 96163 70864 73559 06507 50064 65764 31519
30374 58968 21519 88999 77999 31313 73508 82329=

NNNNN

UEID51 WIEE 060000
TTDD  5600/ 96163 11973 80356 22929 79946 33919 79944 44908
76558 55892 73959 66855 75156 77801 77156 88776 73760 99644
74159 11623 68763 22565 70361 33523 66165 44449 67766 55347
66364 66327 65365 77298 57768 88248 57970 21212 11912 11520
22866 23513 33822 25521 44780 22510 55742 16507 66705 07007
77669 10005 88636 06006 99605 23510 11575 24010 22520 30022
33471 30515 44426 34517 55350 31011 66333 27504 77317 24505
88288 20531 99275 22027 11250 23026 31313 73508 82329=

NNNNN

UPID51 WIEE 060000
PPAA  56008 96163 55385 31521 31009 09017 55340 08017
09010 13013 55320 14523 15035 08045 77999=

NNNNN

UGID51 WIEE 060000
PPBB  56008 96163 90/12 06002 32004 31012 906// 31021 91012
29512 24502 08506 913// 08514 921// 07519 93036 11012 09509
11509 937// 13015 9435/ 16028 16032 95123 14035 11028 07542
955// 07544=

NNNNN

UHID51 WIEE 060000
PPCC  56008 96163 55370 06507 31519 21519 77999=

NNNNN

UQID51 WIEE 060000
PPDD  56008 96163 95789 11520 23513 25521 96012 22510 16507
07007 96345 10005 06006 23510 9668/ 24010 30022 97026 30515
34517 31011 9778/ 27504 24505 98013 20531 22027 23026=

NNNNN
