USID51 WIEE 070000
TTAA  57001 96163 99009 21807 36002 00079 26258 32001
92770 23660 20510 85499 18250 21516 70142 10247 23522
50586 06511 12513 40758 16527 13517 30971 28958 12511
25099 39763 15514 20247 52757 09020 15426 68356 10035
10657 84956 09541 88103 85939 11044 77999 31313 73508
82329=

NNNNN

UKID51 WIEE 070000
TTBB  57008 96163 00009 21807 11003 25057 22991 27060 33864
19041 44652 07038 55571 00013 66518 03931 77496 07108 88489
05744 99462 07756 11401 16520 22393 15756 33366 19138 44321
24958 55291 30957 66278 33364 77247 40563 88231 44743 99209
50357 11103 85939 22100 84956 21212 00009 36002 11976 17503
22943 19009 33911 21511 44639 24017 55616 23508 66593 11506
77551 15511 88473 08517 99438 12519 11359 15017 22344 14518
33331 15516 44292 13511 55257 17016 66225 11514 77205 10017
88162 09025 99147 10037 11101 10544 31313 73508 82329 41414
34531=

NNNNN

ULID51 WIEE 070000
TTCC  57002 96163 70861 76363 31509 50062 69572 24025
30371 62583 20526 20623 60584 29023 88999 77999 31313
73508 82329=

NNNNN

UEID51 WIEE 070000
TTDD  5700/ 96163 11983 84156 22953 77560 33709 76363 44688
75963 55660 68769 66629 67170 77592 69370 88434 69373 99379
68176 11344 63580 22276 62983 33255 59384 44195 59984 21212
11960 08525 22912 34504 33865 26515 44778 33016 55701 32009
66666 33019 77633 30027 88603 30032 99545 28024 11469 23521
22384 29518 33365 28013 44348 22022 55315 20035 66300 20526
77273 11517 88260 32010 99225 29527 11204 30524 31313 73508
82329=

NNNNN

UPID51 WIEE 070000
PPAA  57008 96163 55385 21516 23522 12513 55340 13517
12511 15514 55320 09020 10035 09541 77999=

NNNNN

UGID51 WIEE 070000
PPBB  57008 96163 90/12 36002 17503 19009 903// 21511 91345
24017 23508 11506 917// 15511 92138 08517 12519 15017 929//
14518 93036 15516 13511 17016 939// 11514 94168 10017 09025
10037 955// 10544=

NNNNN

UHID51 WIEE 070000
PPCC  57008 96163 55370 31509 24025 20526 55120 29023
77999=

NNNNN

UQID51 WIEE 070000
PPDD  57008 96163 95678 08525 34504 26515 96023 33016 32009
33019 96457 30027 30032 28024 97045 23521 29518 28013 97689
22022 20035 20526 98125 11517 32010 29527 987// 30524=

NNNNN
