USID51 WIEE 120000
TTAA  62001 96163 99008 23803 00000 00073 26029 16004
92760 23034 34505 85500 20050 03513 70152 10443 36018
50587 05347 36012 40759 16130 10013 30969 30331 12522
25096 39565 11526 20245 52960 11530 15425 65560 30007
10660 81758 34027 88999 77999 31313 73508 82329=

NNNNN

UKID51 WIEE 120000
TTBB  62008 96163 00008 23803 11005 25624 22993 27049 33954
24418 44838 20057 55649 05620 66576 00028 77499 05350 88453
10513 99406 15918 11395 16343 22384 17715 33312 28518 44256
38365 55193 54962 66184 57558 77143 67761 88100 81758 21212
00008 00000 11975 31504 22942 32508 33911 01005 44880 04508
55821 01012 66793 35010 77765 34012 88738 00518 99713 00518
11688 35019 22616 35026 33531 34020 44511 35516 55492 00508
66455 06517 77405 08514 88389 12516 99279 12525 11245 11027
22235 10531 33214 11531 44205 12029 55186 10533 66178 10527
77169 11516 88161 15508 99154 25502 11146 30512 22126 29016
33113 31523 44102 33530 31313 73508 82329 41414 14531=

NNNNN

ULID51 WIEE 120000
TTCC  62005 96163 70860 77361 20502 50060 69574 25027
88902 84956 35021 77999 31313 73508 82329=

NNNNN

UEID51 WIEE 120000
TTDD  6200/ 96163 11902 84956 22787 79359 33751 81158 44683
77361 55626 68768 66541 70572 77418 68979 21212 11915 34022
22866 02015 33738 18511 44700 20502 55664 08506 66631 07512
77600 28007 88543 25028 99444 27024 11423 29024 31313 73508
82329=

NNNNN

UPID51 WIEE 120000
PPAA  62008 96163 55385 03513 36018 36012 55340 10013
12522 11526 55320 11530 30007 34027 77999=

NNNNN

UGID51 WIEE 120000
PPBB  62008 96163 90/12 00000 31504 32508 90346 01005 04508
01012 90789 35010 34012 00518 91014 00518 35019 35026 9189/
34020 35516 92025 00508 06517 08514 926// 12516 93478 12525
11027 10531 94013 11531 12029 10533 94456 10527 11516 15508
9478/ 25502 30512 95135 29016 31523 33530=

NNNNN

UHID51 WIEE 120000
PPCC  62008 96163 55270 20502 25027 77999=

NNNNN

UQID51 WIEE 120000
PPDD  62008 96163 9578/ 34022 02015 96123 18511 20502 08506
96457 07512 28007 25028 9712/ 27024 29024=

NNNNN
