USID51 WIBB 050000
TTAA  55001 96109 99006 23204 00000 00092 23610 25504
92778 22831 34512 85511 18824 30008 70161 12859 21505
50590 04737 09515 40763 15333 11513 30974 29756 08014
25101 40158 14009 20249 52760 16519 15428 67350 11023
10664 76562 08539 88999 77999 31313 73508 82330=

NNNNN

UKID51 WIBB 050000
TTBB  55008 96109 00006 23204 11994 24421 22966 23419 33940
23833 44866 19216 55818 16826 66722 14860 77550 00039 88449
10115 99443 09750 11396 15733 22391 15358 33366 19350 44364
18961 55325 25150 66240 42358 77214 48956 88206 51359 99158
64950 11142 70556 22129 74158 33100 76562 21212 00006 00000
11977 26508 22944 27008 33912 33008 44881 32010 55851 30008
66822 29011 77794 29509 88766 29010 99739 04002 11714 24005
22664 27505 33641 16504 44618 13004 55574 13008 66553 10010
77533 11512 88513 09512 99475 10513 11440 12009 22407 12014
33293 08514 44269 13512 55258 14009 66236 17012 77179 17014
88154 11519 99126 10019 11120 09030 31313 73508 82330 41414
25431=


NNNNN

ULID51 WIBB 050000
TTCC  55002 96109 70867 77760 28009 50071 65371 22518
30384 60968 35020 20643 53369 21018 88899 81160 08028
77999 31313 73508 82330=
NNNNN

UEID51 WIBB 050000
TTDD  5500/ 96109 11899 81160 22844 79162 33768 81159 44739
76762 55700 77760 66690 77760 77665 71964 88656 67368 99646
64169 11505 65570 22465 61773 33416 64769 44373 64970 55313
59970 66299 61168 77275 54773 88214 55168 99179 49771 11164
49970 22160 47771 21212 11923 08530 22875 08527 33830 12519
44788 14519 55747 19007 66708 27010 77672 03007 88609 36008
99580 26509 11526 22519 22477 22021 33454 24512 44412 24517
55355 35014 66292 34013 77266 29514 88242 28513 99231 20013
11211 22021 22201 21018 33192 24008 44183 33009 55175 06522
66167 08033 31313 73508 82330=

NNNNN

UPID51 WIBB 050000
PPAA  55008 96109 55385 30008 21505 09515 55340 11513
08014 14009 55320 16519 11023 08539 77999=

NNNNN

UGID51 WIBB 050000
PPBB  55008 96109 90/12 00000 26508 27008 90345 33008 32010
30008 90678 29011 29509 29010 909// 04002 91023 24005 27505
16504 91467 13004 13008 10010 9189/ 11512 09512 92135 10513
12009 12014 93356 08514 13512 14009 938// 17012 9447/ 17014
11519 9512/ 10019 09030=


NNNNN

UHID51 WIBB 050000
PPCC  55008 96109 55370 28009 22518 35020 55120 21018
77999=


NNNNN

UQID51 WIBB 050000
PPDD  55008 96109 95789 08530 08527 12519 96012 14519 19007
27010 96356 03007 36008 26509 968// 22519 97013 22021 24512
24517 976// 35014 98024 34013 29514 28513 98578 20013 22021
21018 989// 24008 99012 33009 06522 08033=

NNNNN
