USID51 WIEE 050000
TTAA  55001 96163 99007 24004 01003 00071 25430 34006
92753 21612 32505 85487 17414 28009 70135 11656 34004
50586 04731 15008 40758 14728 11509 30971 29342 12003
25098 39947 21004 20246 53356 26009 15424 68357 11513
10660 79760 09518 88999 77999 31313 73508 82332=

NNNNN

UKID51 WIEE 050000
TTBB  55008 96163 00007 24004 11002 25224 22847 17220 33822
18856 44748 15457 55559 00026 66451 10308 77392 14746 88291
31332 99206 51542 11191 55758 22181 58956 33176 60159 44123
76357 55117 73761 66100 79760 21212 00007 01003 11974 33507
22941 36004 33910 31504 44819 28009 55791 29009 66764 27007
77711 31004 88686 36006 99662 03505 11615 00001 22593 16002
33551 14507 44530 16509 55510 11508 66491 14505 77473 08008
88455 06008 99438 07511 11421 10513 22405 12509 33374 09511
44345 08012 55331 09008 66304 12003 77292 18502 88280 15504
99245 20005 11235 18005 22225 23506 33196 26509 44187 22511
55178 22012 66161 18010 77146 10018 88125 08524 99119 09528
11113 08530 22107 07535 33102 08521 31313 73508 82332 41414
6842/=

NNNNN

ULID51 WIEE 050000
TTCC  55002 96163 70862 78960 30010 50063 66571 23516
30375 60983 35514 20629 56585 22520 88921 82358 06522
77999 31313 73508 82332=

NNNNN

UEID51 WIEE 050000
TTDD  5500/ 96163 11921 82358 22883 82358 33846 77961 44709
78761 55684 78960 66671 77961 77659 72167 88613 69966 99595
65970 11408 66976 22364 62781 33336 63182 44317 59984 55287
61983 66247 57384 77225 59784 88198 55985 21212 11965 09018
22915 06522 33867 06522 44781 23005 55703 29511 66667 33502
77633 13512 88603 19507 99546 28013 11519 28010 22494 23017
33426 24019 44367 33516 55302 35514 66288 33509 77274 35006
88262 29010 99249 29512 11238 27013 22227 26512 33216 23520
44206 23520 31313 73508 82332=

NNNNN

UPID51 WIEE 050000
PPAA  55008 96163 55385 28009 34004 15008 55340 11509
12003 21004 55320 26009 11513 09518 77999=

NNNNN

UGID51 WIEE 050000
PPBB  55008 96163 90/12 01003 33507 36004 90367 31504 28009
29009 908// 27007 91012 31004 36006 03505 91457 00001 16002
14507 9189/ 16509 11508 92012 14505 08008 06008 92345 07511
10513 12509 9279/ 09511 08012 93023 09008 12003 18502 93478
15504 20005 18005 939// 23506 94234 26509 22511 22012 9468/
18010 10018 95123 08524 09528 08530 9545/ 07535 08521=

NNNNN

UHID51 WIEE 050000
PPCC  55008 96163 55370 30010 23516 35514 55120 22520
77999=

NNNNN

UQID51 WIEE 050000
PPDD  55008 96163 95678 09018 06522 06522 96023 23005 29511
33502 96457 13512 19507 28013 9689/ 28010 23017 97259 24019
33516 35514 98012 33509 35006 29010 98345 29512 27013 26512
9867/ 23520 23520=

NNNNN
