USID52 WIGG 190000
TTAA  69001 96253 99009 24416 04004 00102 25844 35512
92786 22444 32519 85518 18239 30515 70156 08622 31515
50587 05717 04017 40759 15521 05521 30971 30338 09020
25097 40156 10033 20245 53346 09534 15424 68750 10049
10656 79758 07034 88111 81748 09568 77107 08568 31313
73508 82330=

NNNNN

UKID52 WIGG 190000
TTBB  69008 96253 00009 24416 11006 25639 22936 23248 33714
08816 44710 09250 55701 08617 66693 09657 77667 08459 88616
02611 99573 00010 11412 13928 22343 22736 33246 40957 44131
75156 55111 81748 66100 79758 21212 00009 04004 11978 33522
22739 31024 33713 32519 44688 30513 55640 35008 66617 01510
77573 04012 88531 02515 99511 03512 11492 06017 22438 06513
33389 07523 44268 11026 55245 10534 66146 09548 77125 09557
88113 09565 99107 08568 31313 73508 82330 41414 29432=

NNNNN

ULID52 WIGG 190000
TTCC  69002 96253 70860 75757 23013 50055 73757 25028
30365 63757 23526 20617 54558 10003 88999 77105 10577
31313 73508 82330=

NNNNN

UEID52 WIGG 190000
TTDD  6900/ 96253 11893 80756 22780 78157 33751 73959 44722
75356 55672 77750 66630 73359 77608 71558 88540 74750 99505
74157 11463 65960 22422 67956 33361 65957 44347 65350 55338
63957 66312 63949 77269 61559 88252 59358 99243 59556 11232
61956 22215 59756 33207 55759 44182 57556 55167 56758 66146
60357 77102 46165 21212 11959 07513 22910 13502 33863 02016
44818 33021 55776 31021 66737 24515 77700 23013 88664 25011
99631 30009 11569 26537 22513 25036 33488 24520 44441 27029
55420 25519 66399 28020 77362 27528 88328 24535 99298 23524
11283 20013 22270 23513 33257 20515 44245 14015 55212 08518
66202 09005 77193 19008 88176 09527 99160 06540 11138 08043
22132 09557 33109 10566 44105 10577 31313 73508 82330=

NNNNN

UPID52 WIGG 190000
PPAA  69008 96253 55385 30515 31515 04017 55340 05521
09020 10033 55320 09534 10049 07034 71618 08568=

NNNNN

UGID52 WIGG 190000
PPBB  69008 96253 90/19 04004 33522 31024 91013 32519 30513
35008 91468 01510 04012 02515 919// 03512 92036 06017 06513
07523 9357/ 11026 10534 948// 09548 95134 09557 09565 08568=

NNNNN

UHID52 WIGG 190000
PPCC  69008 96253 55370 23013 25028 23526 55120 10003
63027 10577=

NNNNN

UQID52 WIGG 190000
PPDD  69008 96253 95678 07513 13502 02016 959// 33021 96012
31021 24515 23013 96346 25011 30009 26537 9689/ 25036 24520
97123 27029 25519 28020 97579 27528 24535 23524 98012 20013
23513 20515 98367 14015 08518 09005 988// 19008 99025 09527
06540 08043 996// 09557 1001/ 10566 10577=

NNNNN
