USID52 WIKK 200000
TTAA  70001 96237 99008 23815 28004 00104 23817 29010
92784 21636 31025 85519 19250 30015 70170 09823 19516
50589 05509 15513 40761 15329 11512 30972 29734 06026
25099 39556 06531 20248 52559 05543 15426 69350 05546
10659 75760 23010 88109 83156 08552 77999 31313 73508
82330=

NNNNN

UKID52 WIKK 200000
TTBB  70008 96237 00008 23815 11959 23450 22857 19648 33571
00004 44486 06316 55442 11903 66424 12330 77324 25717 88285
31956 99253 39149 11211 49161 22158 66349 33109 83156 44100
75760 21212 00008 28004 11978 29526 22882 32519 33767 23517
44740 24017 55595 14019 66474 14014 77406 13513 88375 09019
99360 09520 11332 06526 22293 06529 33269 06531 44162 05043
55147 05547 66132 07049 77113 08559 88107 09040 99102 15007
31313 73508 82330 41414 31418=

NNNNN

ULID52 WIKK 200000
TTCC  70002 96237 70864 77961 25021 50059 67964 25512
30368 62565 30019 20622 53769 16520 88999 77999 31313
73508 82330=

NNNNN

UEID52 WIKK 200000
TTDD  7000/ 96237 11745 79360 22680 76362 33636 78161 44567
75561 55533 69565 66490 66565 77433 69563 88334 67563 99270
59966 11247 61563 22238 60365 33226 54568 44175 55167 21212
11964 24023 22824 25027 33783 24532 44743 23025 55669 26529
66635 26041 77572 26527 88543 26018 99516 29512 11491 25015
22402 26521 33330 22510 44314 30008 55285 32024 66271 31024
77247 35024 88224 31513 99214 33011 11204 16511 22186 15028
33177 12534 31313 73508 82330=

NNNNN

UPID52 WIKK 200000
PPAA  70008 96237 55385 30015 19516 15513 55340 11512
06026 06531 55320 05543 05546 23010 77999=

NNNNN

UGID52 WIKK 200000
PPBB  70008 96237 90/14 28004 29526 32519 9089/ 23517 24017
915// 14019 92157 14014 13513 09019 928// 09520 93035 06526
06529 06531 9468/ 05043 05547 95034 07049 08559 09040 955//
15007=

NNNNN

UHID52 WIKK 200000
PPCC  70008 96237 55370 25021 25512 30019 55120 16520
77999=

NNNNN

UQID52 WIKK 200000
PPDD  70008 96237 9569/ 24023 25027 96013 24532 23025 26529
96467 26041 26527 26018 9689/ 29512 25015 97378 26521 22510
30008 98013 32024 31024 35024 98567 31513 33011 16511 989//
15028 990// 12534=

NNNNN
