USID52 WIKK 160000
TTAA  66001 96237 99007 24811 27002 00092 25414 30505
92777 22835 26510 85503 17618 24517 70144 09234 27505
50588 04720 34002 40760 14939 11005 30970 30150 12015
25097 40345 13525 20246 52756 13037 15425 68557 11540
10659 79561 08533 88999 77999 31313 73508 82329=

NNNNN

UKID52 WIKK 160000
TTBB  66008 96237 00007 24811 11995 25816 22919 22633 33844
17215 44800 15419 55744 10804 66732 09620 77721 10436 88633
04620 99608 04238 11549 00044 22466 08509 33412 13340 44324
26330 55296 30757 66254 39536 77229 45330 88222 47156 99210
50158 11153 67558 22129 75158 33100 79561 21212 00007 27002
11977 35509 22944 28509 33881 25012 44821 24514 55765 28012
66738 27009 77712 29006 88687 26503 99662 29002 11638 36005
22572 29008 33551 26510 44531 25505 55511 20005 66492 01502
77474 12004 88456 12502 99421 06510 11374 12013 22345 13010
33304 12015 44245 13027 55235 12530 66139 11047 77132 10557
88113 10554 99102 08536 31313 73508 82329 41414 31431=

NNNNN

ULID52 WIKK 160000
TTCC  66002 96237 70864 72967 23029 50062 71174 26014
30369 63583 24528 20620 57584 04527 88918 81560 08525
77999 31313 73508 82329=

NNNNN

UEID52 WIKK 160000
TTDD  6600/ 96237 11918 81560 22895 77364 33749 77364 44738
77364 55727 73168 66459 72576 77386 65782 88333 63183 99268
66182 11243 63583 22226 56385 33198 57584 21212 11964 10031
22914 09023 33868 34512 44824 33006 55782 22523 66742 21023
77636 22531 88574 24525 99423 27018 11383 30524 22300 24528
33272 21031 44246 20010 55223 13519 66203 05523 31313 73508
82329=

NNNNN

UPID52 WIKK 160000
PPAA  66008 96237 55385 24517 27505 34002 55340 11005
12015 13525 55320 13037 11540 08533 77999=

NNNNN

UGID52 WIKK 160000
PPBB  66008 96237 90/12 27002 35509 28509 90468 25012 24514
28012 909// 27009 91012 29006 26503 29002 91367 36005 29008
26510 9189/ 25505 20005 92012 01502 12004 12502 92479 06510
12013 13010 93278 12015 13027 12530 949// 11047 95035 10557
10554 08536=

NNNNN

UHID52 WIKK 160000
PPCC  66008 96237 55370 23029 26014 24528 55120 04527
77999=

NNNNN

UQID52 WIKK 160000
PPDD  66008 96237 95678 10031 09023 34512 959// 33006 96014
22523 21023 22531 966// 24525 97249 27018 30524 24528 98135
21031 20010 13519 987// 05523=

NNNNN
