USID52 WIGG 050000
TTAA  55001 96253 99005 25613 05001 00069 27240 04505
92752 22218 30507 85488 18419 28505 70137 10038 13002
50587 04134 15005 40759 14756 15507 30971 29744 13503
25098 40756 34006 20246 52760 12505 15426 67957 11020
10659 80158 09029 88999 77999 31313 73508 82330=

NNNNN

UKID52 WIGG 050000
TTBB  55008 96253 00005 25613 11001 26835 22895 20414 33546
00039 44465 07732 55412 13357 66401 14556 77395 15159 88378
17360 99366 18960 11362 19558 22302 29544 33244 42156 44236
43760 55195 54159 66188 55963 77148 68757 88117 78557 99100
80158 21212 00005 05001 11974 33005 22820 27005 33791 20507
44738 21002 55712 13003 66687 00001 77638 05006 88593 06513
99572 10008 11551 10512 22511 10009 33492 17006 44456 12506
55421 14506 66389 19003 77374 11003 88359 10004 99345 19501
11331 11003 22318 10004 33305 14503 44292 13503 55280 02502
66268 31002 77225 35002 88215 10003 99196 13506 11187 11510
22162 08522 33139 10024 44113 08015 55102 09528 31313 73508
82330 41414 39432=

NNNNN

ULID52 WIGG 050000
TTCC  55002 96253 70860 78161 30516 50062 65181 22010
30372 63983 32511 20628 54785 18013 88928 83157 07516
88461 67782 22016 77999 31313 73508 82330=

NNNNN

UEID52 WIGG 050000
TTDD  5500/ 96253 11928 83157 22882 80559 33791 81958 44700
78161 55640 68169 66541 67377 77526 64780 88461 67782 99420
68782 11331 62583 22316 64383 33272 60584 44263 56984 55204
54785 66185 57584 77162 57184 88126 51586 99114 52786 11102
49386 21212 11915 06514 22867 08510 33821 10005 44779 03004
55739 32516 66700 30516 77665 34509 88632 31503 99602 22023
11573 21030 22519 21009 33470 22514 44425 25511 55404 23506
66385 31011 77366 30508 88349 24511 99332 32010 11316 20509
22301 32511 33261 31014 44249 33011 55206 23020 66196 15516
77187 14519 88179 15504 99170 14006 11162 26007 22155 08503
33141 11540 44117 07053 55107 08552 31313 73508 82330=

NNNNN

UPID52 WIGG 050000
PPAA  55008 96253 55385 28505 13002 15005 55340 15507
13503 34006 55320 12505 11020 09029 77999=

NNNNN

UGID52 WIGG 050000
PPBB  55008 96253 90/16 05001 33005 27005 9079/ 20507 21002
91013 13003 00001 05006 91567 06513 10008 10512 919// 10009
92024 17006 12506 14506 92678 19003 11003 10004 929// 19501
93012 11003 10004 14503 93345 13503 02502 31002 939// 35002
94023 10003 13506 11510 9469/ 08522 10024 9535/ 08015 09528=

NNNNN

UHID52 WIGG 050000
PPCC  55008 96253 55370 30516 22010 32511 55120 18013
77999=

NNNNN

UQID52 WIGG 050000
PPDD  55008 96253 95789 06514 08510 10005 96012 03004 32516
30516 96345 34509 31503 22023 9668/ 21030 21009 97023 22514
25511 23506 97456 31011 30508 24511 97789 32010 20509 32511
98237 31014 33011 23020 9889/ 15516 14519 99012 15504 14006
26007 99359 08503 11540 07053 101// 08552=

NNNNN
