USID52 WIGG 250000
TTAA  75001 96253 99006 25213 06006 00071 27850 35008
92760 23037 31516 85490 18428 31017 70137 10056 27525
50586 05747 27020 40758 15357 28029 30969 31520 01008
25096 40738 14519 20243 53150 12032 15422 68956 09552
10659 78363 15015 88999 77131 08570 31313 73508 82330=

NNNNN

UKID52 WIGG 250000
TTBB  75008 96253 00006 25213 11005 25018 22000 27850 33958
24415 44914 22648 55776 13415 66739 12456 77686 09450 88629
04007 99561 00056 11547 01727 22529 02957 33506 05149 44485
06759 55456 09550 66415 13558 77357 20946 88305 30320 99229
45757 11175 60544 22134 74156 33131 71359 44123 71364 55100
78363 21212 00006 06006 11975 33011 22711 27027 33615 29016
44551 26521 55455 28020 66421 27022 77373 27016 88330 31511
99317 34009 11304 36008 22291 25503 33279 18006 44267 14009
55256 14516 66214 12527 77204 12032 88195 11528 99161 09048
11131 08570 22125 08044 33119 06528 44113 07013 55107 12508
66102 15514 31313 73508 82330 41414 22532=

NNNNN

ULID52 WIGG 250000
TTCC  75002 96253 70864 76764 25517 50062 71571 11505
30368 64982 24515 20620 58784 08525 88904 81162 14515
66110 10071 31313 73508 82330=

NNNNN

UEID52 WIGG 250000
TTDD  7500/ 96253 11904 81162 22807 74565 33717 76764 44594
73167 55561 69571 66492 72371 77445 68774 88420 70374 99302
64982 11252 59384 22234 60584 33220 57984 44200 58784 55181
57584 66171 51986 77139 52985 88135 53785 99125 47787 11110
48187 21212 11868 14515 22823 27504 33781 29013 44742 26515
55669 27012 66603 22014 77545 24008 88493 06503 99468 31015
11424 27524 22403 23516 33330 22512 44299 24514 55271 21015
66258 21508 77235 13506 88224 13516 99185 07514 11168 07545
22153 07046 33140 11045 44134 10552 55128 08551 66116 09060
77110 10071 31313 73508 82330=

NNNNN

UPID52 WIGG 250000
PPAA  75008 96253 55385 31017 27525 27020 55340 28029
01008 14519 55320 12032 09552 15015 71502 08570=

NNNNN

UGID52 WIGG 250000
PPBB  75008 96253 90/1/ 06006 33011 91047 27027 29016 26521
92247 28020 27022 27016 93012 31511 34009 36008 93345 25503
18006 14009 936// 14516 94012 12527 12032 11528 946// 09048
95012 08570 08044 06528 95345 07013 12508 15514=

NNNNN

UHID52 WIGG 250000
PPCC  75008 96253 55370 25517 11505 24515 55120 08525
63008 10071=

NNNNN

UQID52 WIGG 250000
PPDD  75008 96253 9589/ 14515 27504 96013 29013 26515 27012
96579 22014 24008 06503 97023 31015 27524 23516 9779/ 22512
24514 98124 21015 21508 13506 9859/ 13516 07514 99135 07545
07046 11045 99679 10552 08551 09060 100// 10071=

NNNNN
