USID52 WIGG 260000
TTAA  76001 96253 99004 26021 03006 00055 26637 00506
92748 23232 31019 85484 19256 29524 70129 12664 28526
50587 04364 28025 40759 16159 28026 30970 30356 13523
25096 40560 11024 20245 52760 10544 15425 66556 10075
10665 77565 11021 88999 77154 10074 77132 09069 31313
73508 82330=

NNNNN

UKID52 WIGG 260000
TTBB  76008 96253 00004 26021 11996 27248 22898 21428 33807
17258 44765 13836 55758 15058 66738 14859 77699 12464 88666
10459 99618 06858 11585 04865 22538 00063 33473 07559 44456
09763 55442 11558 66411 14761 77395 16560 88391 16956 99358
22141 11344 22749 22306 29145 33288 32559 44258 38957 55236
43962 66159 63756 77148 67156 88135 70759 99131 69963 11100
77565 21212 00004 03006 11973 32520 22819 29528 33791 28530
44737 27530 55686 28526 66662 27526 77389 28023 88344 22516
99292 13018 11245 10527 22224 10033 33186 10546 44178 10053
55169 10062 66154 10074 77132 09069 88126 08046 99114 06019
11103 11521 31313 73508 82330 41414 11531=

NNNNN

ULID52 WIGG 260000
TTCC  76003 96253 70869 76564 28505 50067 69371 24512
30379 65380 24524 88928 78964 32008 77999 31313 73508
82330=

NNNNN

UEID52 WIGG 260000
TTDD  7600/ 96253 11928 78964 22836 78963 33795 74765 44656
77164 55613 71168 66529 70969 77452 68373 88414 62979 99298
65380 11225 56789 21212 11974 09011 22924 31010 33831 23512
44749 29012 55711 28507 66675 31506 77640 05004 88579 19507
99550 24518 11523 21007 22497 24012 33473 20512 44428 19505
55408 31009 66388 28506 77370 30519 88353 30030 99320 27026
11304 24526 22276 29013 33263 26507 44250 32506 55239 08008
66228 04011 31313 73508 82330=

NNNNN

UPID52 WIGG 260000
PPAA  76008 96253 55385 29524 28526 28025 55340 28026
13523 11024 55320 10544 10075 11021 71409 10074 71502
09069=

NNNNN

UGID52 WIGG 260000
PPBB  76008 96253 90/16 03006 32520 29528 9079/ 28530 27530
9112/ 28526 27526 9269/ 28023 22516 93379 13018 10527 10033
94345 10546 10053 10062 947// 10074 95013 09069 08046 06019
955// 11521=

NNNNN

UHID52 WIGG 260000
PPCC  76008 96253 55370 28505 24512 24524 77999=

NNNNN

UQID52 WIGG 260000
PPDD  76008 96253 95679 09011 31010 23512 96123 29012 28507
31506 96467 05004 19507 24518 9689/ 21007 24012 97023 20512
19505 31009 97456 28506 30519 30030 9789/ 27026 24526 98123
29013 26507 32506 9845/ 08008 04011=

NNNNN
