USID52 WIGG 030000
TTAA  53001 96253 99008 25213 06002 00088 27856 36002
92780 23856 32505 85516 19260 28503 70151 09843 33005
50587 04927 26015 40759 15123 21506 30970 30735 08512
25097 40945 09020 20245 53749 06531 15421 69957 07040
10657 73562 18013 88111 78557 09056 77999 31313 73508
82330=

NNNNN

UKID52 WIGG 030000
TTBB  53008 96253 00008 25213 11007 24818 22999 27856 33961
24837 44933 24458 55838 18262 66826 17238 77774 14258 88752
12032 99694 09648 11582 00012 22503 04528 33406 14325 44287
33138 55149 70157 66134 74950 77111 78557 88110 77159 99100
73562 21212 00008 06002 11977 33003 22912 29504 33851 28003
44822 31005 55766 19004 66739 33005 77663 30510 88640 31012
99492 26512 11455 19009 22438 18011 33421 17005 44405 21006
55389 20506 66374 22005 77345 19505 88331 11504 99304 08508
11292 09015 22245 08520 33214 07029 44205 07029 55195 06528
66186 06032 77138 08045 88125 08066 99112 08558 11107 09529
22101 16012 31313 73508 82330 41414 28532=

NNNNN

ULID52 WIGG 030000
TTCC  53002 96253 70860 82359 19510 50056 69365 03008
30367 62767 17515 20621 57984 15519 88732 82959 24514
77999 31313 73508 82330=

NNNNN

UEID52 WIGG 030000
TTDD  5300/ 96253 11732 82959 22665 81759 33604 73763 44537
69165 55440 67165 66402 63569 77360 65965 88314 61569 99289
63966 11279 62768 22273 59172 33256 56374 44231 58784 55198
57984 21212 11962 24517 22822 25536 33779 25027 44738 24516
55700 19510 66663 22506 77629 33509 88597 36007 99567 09503
11513 12502 22488 33507 33464 28511 44400 32023 55381 30031
66363 31028 77329 26513 88298 17014 99284 14507 11271 10010
22258 09519 33246 04011 44235 35511 55224 03004 66214 17012
77204 17519 31313 73508 82330=

NNNNN

UPID52 WIGG 030000
PPAA  53008 96253 55385 28503 33005 26015 55340 21506
08512 09020 55320 06531 07040 18013 77999=

NNNNN

UGID52 WIGG 030000
PPBB  53008 96253 90/13 06002 33003 29504 90568 28003 31005
19004 909// 33005 9123/ 30510 31012 92023 26512 19009 18011
92456 17005 21006 20506 9279/ 22005 19505 93023 11504 08508
09015 937// 08520 94012 07029 07029 06528 9439/ 06032 08045
95134 08066 08558 09529 955// 16012=

NNNNN

UHID52 WIGG 030000
PPCC  53008 96253 55370 19510 03008 17515 55120 15519
77999=

NNNNN

UQID52 WIGG 030000
PPDD  53008 96253 9569/ 24517 25536 96012 25027 24516 19510
96345 22506 33509 36007 96689 09503 12502 33507 97034 28511
32023 30031 97579 31028 26513 17014 98012 14507 10010 09519
98345 04011 35511 03004 9867/ 17012 17519=

NNNNN
