USID52 WIGG 110000
TTAA  61001 96253 99006 26415 01004 00073 26646 09002
92757 23856 36007 85491 19041 31508 70141 10856 33012
50587 04534 36009 40759 15524 01505 30970 30738 06521
25096 41124 12518 20244 53159 12033 15424 64770 08534
10660 83150 23005 88999 77999 31313 73508 82329=

NNNNN

UKID52 WIGG 110000
TTBB  61008 96253 00006 26415 11005 25031 22002 26444 33968
25856 44875 19627 55798 17049 66730 13458 77650 06424 88589
03656 99550 00050 11518 02556 22426 12713 33388 16732 44328
25722 55289 32356 66246 42118 77234 44948 88208 51557 99196
53965 11148 65170 22131 70767 33100 83150 21212 00006 01004
11975 16504 22942 03008 33910 30006 44849 31509 55820 32013
66792 34009 77764 33509 88738 32014 99662 34512 11616 36017
22551 35018 33530 36017 44492 34506 55473 01511 66456 04014
77438 00508 88421 34509 99405 01504 11389 01509 22374 02012
33292 07020 44279 07011 55268 12010 66245 13023 77224 10529
88214 11032 99169 13540 11153 09541 22146 08523 33132 02005
44126 32505 55113 27512 66102 22506 31313 73508 82329 41414
11532=

NNNNN

ULID52 WIGG 110000
TTCC  61003 96253 70860 78959 33509 50059 70567 26532
30368 66773 27022 88957 85144 21504 88312 66972 27019
77999 31313 73508 82329=

NNNNN

UEID52 WIGG 110000
TTDD  6100/ 96253 11957 85144 22910 82957 33873 84350 44794
78959 55696 79359 66639 71165 77563 67769 88510 70567 99475
71167 11447 67370 22417 67968 33383 64571 44352 63573 55312
66972 66295 66974 77242 59584 88231 54385 99208 54999 21212
11966 23004 22915 11510 33866 05009 44821 01519 55779 33017
66738 29508 77700 33509 88664 16504 99631 14513 11600 01509
22570 30020 33543 27534 44516 27535 55491 25526 66402 30523
77364 29525 88347 27527 99299 27023 11285 24019 22271 24523
33224 08011 44214 35517 31313 73508 82329=

NNNNN

UPID52 WIGG 110000
PPAA  61008 96253 55385 31508 33012 36009 55340 01505
06521 12518 55320 12033 08534 23005 77999=

NNNNN

UGID52 WIGG 110000
PPBB  61008 96253 90/12 01004 16504 03008 90356 30006 31509
32013 90789 34009 33509 32014 91247 34512 36017 35018 918//
36017 92012 34506 01511 04014 92345 00508 34509 01504 9267/
01509 02012 93345 07020 07011 12010 9379/ 13023 10529 94057
11032 13540 09541 948// 08523 95013 02005 32505 27512 955//
22506=

NNNNN

UHID52 WIGG 110000
PPCC  61008 96253 55370 33509 26532 27022 77999=

NNNNN

UQID52 WIGG 110000
PPDD  61008 96253 95678 23004 11510 05009 959// 01519 96012
33017 29508 33509 96345 16504 14513 01509 96678 30020 27534
27535 969// 25526 97356 30523 29525 27527 979// 27023 98015
24019 24523 08011 986// 35517=

NNNNN
