USID52 WIKK 170000
TTAA  67001 96237 99005 25011 26002 00083 26224 31504
92768 22023 36010 85501 17815 31011 70141 10050 28015
50587 03945 02506 40759 14543 05008 30972 29750 12018
25099 40350 14520 20246 53747 17518 15424 69150 11538
10656 77759 12027 88106 82938 10554 77999 31313 73508
82330=

NNNNN

UKID52 WIKK 170000
TTBB  67008 96237 00005 25011 11998 26627 22806 14407 33785
14447 44685 09456 55606 01822 66553 00037 77525 01156 88497
04343 99481 04359 11427 11950 22391 15543 33312 27350 44223
47157 55167 63533 66155 67350 77106 82938 88100 77759 21212
00005 26002 11976 01011 22943 00511 33911 34511 44850 31011
55821 29510 66764 28012 77639 28012 88593 30006 99571 35003
11550 04508 22511 02506 33492 06004 44473 36005 55455 35002
66438 29503 77421 32505 88405 04506 99389 06507 11374 08511
22359 07508 33345 11010 44246 15019 55205 17517 66170 12527
77162 11534 88119 09545 99113 10052 11101 11532 31313 73508
82330 41414 31432=

NNNNN

ULID52 WIKK 170000
TTCC  67002 96237 70860 74164 27514 50058 66976 25024
30368 64982 20013 20618 53185 22009 88825 81958 20022
88165 60184 14010 77999 31313 73508 82330=

NNNNN

UEID52 WIKK 170000
TTDD  6700/ 96237 11825 81958 22751 75163 33675 72966 44634
74766 55591 73968 66535 68173 77490 67178 88478 64183 99418
67582 11384 64383 22335 67782 33301 65182 44269 66182 55230
64782 66205 54185 77165 60184 88159 59184 99154 54785 11149
53585 22136 57784 33121 50786 21212 11960 17019 22911 21529
33819 20521 44737 21016 55700 27514 66665 30029 77631 29535
88600 27526 99542 25523 11445 27527 22365 24527 33330 24520
44299 20013 55285 28509 66271 36012 77258 32515 88246 34522
99234 31030 11223 29528 22212 27518 33202 23007 44193 20014
55184 22010 66160 09518 77153 09030 88139 10544 99126 09552
11121 09060 31313 73508 82330=

NNNNN

UPID52 WIKK 170000
PPAA  67008 96237 55385 31011 28015 02506 55340 05008
12018 14520 55320 17518 11538 12027 77999=

NNNNN

UGID52 WIKK 170000
PPBB  67008 96237 90/12 26002 01011 00511 90356 34511 31011
29510 908// 28012 91356 28012 30006 35003 9179/ 04508 02506
92012 06004 36005 35002 92345 29503 32505 04506 92678 06507
08511 07508 929// 11010 937// 15019 94156 17517 12527 11534
95235 09545 10052 11532=

NNNNN

UHID52 WIKK 170000
PPCC  67008 96237 55370 27514 25024 20013 55120 22009
77999=

NNNNN

UQID52 WIKK 170000
PPDD  67008 96237 95679 17019 21529 20521 96123 21016 27514
30029 96457 29535 27526 25523 97157 27527 24527 24520 979//
20013 98012 28509 36012 32515 98345 34522 31030 29528 98678
27518 23007 20014 989// 22010 99235 09518 09030 10544 9978/
09552 09060=

NNNNN
