USID52 WIKK 050000
TTAA  55001 96237 99004 24211 11001 00071 25830 09001
92756 23046 28504 85493 18832 27009 70138 10440 33503
50588 04557 10016 40760 14937 13009 30971 29550 05512
25098 39950 09009 20247 53335 09511 15426 67759 10524
10659 80357 07017 88108 81356 08515 77999 31313 73508
82329=

NNNNN

UKID52 WIKK 050000
TTBB  55008 96237 00004 24211 11002 25423 22946 24056 33820
17025 44598 04044 55587 04257 66545 00046 77490 05159 88459
07761 99430 11340 11350 21726 22326 24357 33244 41350 44233
44328 55213 49550 66201 53136 77191 55558 88172 60761 99108
81356 11100 80357 21212 00004 11001 11975 04004 22942 32002
33910 25003 44879 26010 55849 26509 66820 26011 77792 28009
88738 33507 99687 33003 11662 29003 22639 35503 33616 31503
44594 13505 55572 10005 66531 09514 77422 13010 88390 13007
99359 17008 11331 13007 22318 08009 33305 05511 44257 09011
55246 10008 66225 09509 77215 09510 88205 09512 99196 09510
11187 11512 22146 10028 33139 09530 44126 08526 55102 08016
31313 73508 82329 41414 31478=

NNNNN

ULID52 WIKK 050000
TTCC  55003 96237 70862 76762 26013 50064 65976 25011
30375 61983 36020 88999 77999 31313 73508 82329=

NNNNN

UEID52 WIKK 050000
TTDD  5500/ 96237 11899 81957 22859 78560 33764 79160 44655
74964 55631 68769 66609 65771 77557 67173 88528 64576 99409
69575 11368 63182 22346 64382 33314 61183 44278 62383 55252
56185 66209 56384 21212 11867 05018 22823 09505 33781 22013
44741 26020 55667 25005 66634 08505 77603 24506 88574 23511
99546 20012 11520 25508 22471 25522 33406 23024 44368 31023
55302 36020 66288 00518 77274 01017 88261 32509 99249 29010
11238 24512 22217 21028 31313 73508 82329=

NNNNN

UPID52 WIKK 050000
PPAA  55008 96237 55385 27009 33503 10016 55340 13009
05512 09009 55320 09511 10524 07017 77999=

NNNNN

UGID52 WIKK 050000
PPBB  55008 96237 90/12 11001 04004 32002 90345 25003 26010
26509 90679 26011 28009 33507 91123 33003 29003 35503 91456
31503 13505 10005 918// 09514 92468 13010 13007 17008 93012
13007 08009 05511 93679 09011 10008 09509 94012 09510 09512
09510 94389 11512 10028 09530 9515/ 08526 08016=

NNNNN

UHID52 WIKK 050000
PPCC  55008 96237 55370 26013 25011 36020 77999=

NNNNN

UQID52 WIKK 050000
PPDD  55008 96237 9589/ 05018 09505 96013 22013 26020 25005
96456 08505 24506 23511 9678/ 20012 25508 97035 25522 23024
31023 979// 36020 98012 00518 01017 32509 98346 29010 24512
21028=

NNNNN
