USID52 WIGG 060000
TTAA  56001 96253 99008 24008 02004 00089 25237 36009
92771 21632 32524 85508 17013 31530 70153 10042 00510
50587 04908 07509 40760 14318 11510 30972 29321 05004
25099 39748 24505 20248 52750 21506 15427 68348 17010
10660 81950 06526 88105 82150 09027 77999 31313 73508
82330=

NNNNN

UKID52 WIGG 060000
TTBB  56008 96253 00008 24008 11000 25237 22853 17210 33827
17032 44558 00010 55428 11116 66337 22720 77247 40350 88146
70156 99105 82150 11100 81950 21212 00008 02004 11976 32017
22881 31529 33851 31530 44793 30019 55739 31013 66713 35510
77687 02508 88663 05006 99639 04507 11616 08009 22594 05511
33572 09011 44531 07514 55511 06008 66492 08510 77473 10009
88456 11512 99438 11511 11421 11509 22405 11010 33389 13511
44374 12008 55359 12507 66331 06004 77305 05004 88292 03502
99280 00000 11268 19502 22257 30502 33246 23505 44196 20005
55187 21003 66170 17008 77154 16510 88147 15509 99140 13011
11113 10528 22107 09529 33102 07524 31313 73508 82330 41414
39472=

NNNNN

ULID52 WIGG 060000
TTCC  56002 96253 70865 73956 14514 50064 65559 28023
30376 65343 26009 20630 55961 15520 88999 77999 31313
73508 82330=

NNNNN

UEID52 WIGG 060000
TTDD  5600/ 96253 11945 79557 22896 78950 33830 74758 44748
75550 55660 72557 66624 72949 77609 71558 88574 72146 99554
72950 11541 70559 22500 65559 33464 63157 44417 65350 55372
63150 66313 65531 77287 62756 88275 61750 99267 57958 11257
58156 22193 55160 33156 58961 44137 58162 55118 52967 21212
11965 08519 22916 14015 33869 12014 44783 19508 55744 19511
66706 15014 77671 14512 88638 01513 99606 26505 11576 18508
22547 03503 33520 29023 44495 27524 55449 31020 66427 29016
77352 31517 88335 30514 99318 31010 11303 27508 22288 22014
33250 20526 44238 19531 55227 16526 66207 16527 77197 13514
88188 15504 99179 33512 11171 35506 22163 22504 33155 11008
44141 10530 55123 07037 31313 73508 82330=

NNNNN

UPID52 WIGG 060000
PPAA  56008 96253 55385 31530 00510 07509 55340 11510
05004 24505 55320 21506 17010 06526 77999=

NNNNN

UGID52 WIGG 060000
PPBB  56008 96253 90/14 02004 32017 31529 90579 31530 30019
31013 91012 35510 02508 05006 91345 04507 08009 05511 91689
09011 07514 06008 92012 08510 10009 11512 92345 11511 11509
11010 92678 13511 12008 12507 93023 06004 05004 03502 93456
00000 19502 30502 937// 23505 94235 20005 21003 17008 94789
16510 15509 13011 95345 10528 09529 07524=

NNNNN

UHID52 WIGG 060000
PPCC  56008 96253 55370 14514 28023 26009 55120 15520
77999=

NNNNN

UQID52 WIGG 060000
PPDD  56008 96253 95678 08519 14015 12014 96012 19508 19511
15014 96345 14512 01513 26505 96678 18508 03503 29023 969//
27524 97126 31020 29016 31517 97789 30514 31010 27508 98034
22014 20526 19531 98578 16526 16527 13514 989// 15504 99012
33512 35506 22504 99358 11008 10530 07037=

NNNNN
