USID52 WIKK 090000
TTAA  59007 96237 99006 23009 23002 00090 22408 27507
92768 20008 25025 85498 20057 27021 70139 08020 00514
88999 77999 31313 73508 82330=

NNNNN

UKID52 WIKK 090000
TTBB  59008 96237 00006 23009 11898 18809 22883 20847 33849
20258 44831 18657 55822 17856 66817 17456 77814 17056 88813
17056 99811 15842 11810 14434 22803 15843 33748 11207 44654
06218 55578 00007 66577 00108 21212 00006 23002 11976 27520
22911 25022 33880 27517 44821 27521 55765 31013 66738 35511
77712 00514 88615 01521 99593 03020 31313 73508 82330 41414
69422=

NNNNN

ULID52 WIKK 090000
TTCC  5900/ 96237 88999 77999 31313 73508 82330=

NNNNN

UEID52 WIKK 090000
TTDD  5900/ 96237 31313 73508 82330=

NNNNN

UPID52 WIKK 090000
PPAA  59008 96237 55285 27021 00514 77999=

NNNNN

UGID52 WIKK 090000
PPBB  59008 96237 90/13 23002 27520 25022 90468 27517 27521
31013 909// 35511 91045 00514 01521 03020=

NNNNN

UHID52 WIKK 090000
PPCC  59008 96237 77999=

NNNNN

UQID52 WIKK 090000
PPDD  59008 96237=

NNNNN
