USID52 WIGG 130000
TTAA  63001 96253 99006 25205 25002 00070 24023 04002
92760 22447 32014 85490 19443 32013 70145 10849 27520
50586 05319 16517 40759 14918 09006 30970 30123 00507
25097 40349 06507 20245 52956 08018 15425 65958 30005
10661 81156 08006 88999 77999 31313 73508 82330=

NNNNN

UKID52 WIGG 130000
TTBB  63008 96253 00006 25205 11004 23815 22982 25450 33956
23031 44828 19057 55781 16658 66729 11846 77684 10057 88645
06858 99572 00011 11448 09724 22383 16917 33294 31129 44190
55756 55178 58159 66131 72957 77100 81156 21212 00006 25002
11975 36007 22942 32512 33820 32012 44764 27014 55662 26017
66616 24520 77510 17018 88455 16012 99438 14509 11421 12012
22405 08507 33389 08004 44374 02003 55359 33504 66331 35007
77304 35507 88292 01508 99280 01506 11268 06008 22235 06508
33214 09013 44178 06013 55170 05004 66161 16506 77154 33504
88146 27506 99139 28015 11132 27515 22126 27007 33119 29009
44113 28510 55108 05005 66102 07512 31313 73508 82330 41414
29472=

NNNNN

ULID52 WIGG 130000
TTCC  63002 96253 70861 77157 14009 50058 69756 27021
30368 62556 25007 20622 61773 22005 88921 84546 19004
88204 62372 23508 77999 31313 73508 82330=

NNNNN

UEID52 WIGG 130000
TTDD  6300/ 96253 11921 84546 22855 82357 33765 83540 44749
80357 55659 76556 66647 73159 77627 70758 88591 72156 99517
69358 11447 68556 22403 64758 33345 66150 44299 62556 55278
57758 66204 62372 77179 62374 88172 60978 99161 53385 11155
51585 22145 53599 21212 11967 14004 22916 18502 33868 07505
44822 09003 55779 19514 66738 19016 77701 14009 88665 07010
99632 31521 11571 27031 22516 26017 33444 29521 44347 21021
55314 20513 66299 25508 77285 34014 88259 28012 99247 28003
11236 10505 22225 24505 33214 14504 44204 23508 55194 06006
66185 34513 77176 35019 88168 05517 99160 04018 11145 07533
31313 73508 82330=

NNNNN

UPID52 WIGG 130000
PPAA  63008 96253 55385 32013 27520 16517 55340 09006
00507 06507 55320 08018 30005 08006 77999=

NNNNN

UGID52 WIGG 130000
PPBB  63008 96253 90/12 25002 36007 32512 9068/ 32012 27014
91249 26017 24520 17018 92234 16012 14509 12012 92567 08507
08004 02003 928// 33504 93023 35007 35507 01508 93458 01506
06008 06508 94045 09013 06013 05004 94678 16506 33504 27506
949// 28015 95012 27515 27007 29009 95345 28510 05005 07512=

NNNNN

UHID52 WIGG 130000
PPCC  63008 96253 55370 14009 27021 25007 55120 22005
77999=

NNNNN

UQID52 WIGG 130000
PPDD  63008 96253 95678 14004 18502 07505 959// 09003 96012
19514 19016 14009 96346 07010 31521 27031 968// 26017 97168
29521 21021 20513 979// 25508 98023 34014 28012 28003 98456
10505 24505 14504 98789 23508 06006 34513 99012 35019 05517
04018 994// 07533=

NNNNN
