USID52 WIGG 050000
TTAA  55001 96253 99008 24817 01002 00087 26047 02504
92774 22028 32506 85502 17006 35008 70140 10665 32507
50587 05158 25009 40759 15726 15508 30970 29746 33511
25097 40342 03013 20245 52356 04529 15424 69357 05529
10657 80558 12515 88120 80156 05047 77999 31313 73508
82329=

NNNNN

UKID52 WIGG 050000
TTBB  55008 96253 00008 24817 11998 26450 22758 11419 33747
12850 44739 12650 55733 12661 66726 12063 77722 11657 88712
11057 99705 11065 11693 10069 22685 09257 33657 06630 44631
05018 55580 02058 66563 00020 77520 03745 88506 04565 99492
05956 11463 08331 22434 10956 33399 15724 44348 21738 55334
24518 66320 26145 77267 36158 88244 41931 99231 45134 11227
45556 22188 55948 33176 59958 44129 77159 55120 80156 66112
76958 77100 80558 21212 00008 01002 11976 33005 22880 33007
33850 35008 44792 28007 55765 28509 66738 33009 77662 32509
88639 32011 99593 27009 11572 26010 22511 26512 33492 25005
44473 31007 55438 21007 66421 18010 77389 15503 88374 06003
99344 01506 11331 35510 22317 32512 33304 32510 44292 35010
55280 35508 66268 01508 77245 02014 88205 04026 99195 04531
11178 05527 22169 05529 33161 05529 44154 05530 55139 04528
66132 05035 77119 05043 88113 06525 99107 11012 11101 12015
31313 73508 82329 41414 39472=

NNNNN

ULID52 WIGG 050000
TTCC  55002 96253 70860 75363 31515 50057 70770 25536
30368 58184 31021 20623 55585 06524 88889 82758 15014
77999 31313 73508 82329=

NNNNN

UEID52 WIGG 050000
TTDD  5500/ 96253 11889 82758 22843 79561 33787 80559 44741
79560 55692 74165 66529 70170 77482 72569 88442 71570 99376
63180 11315 57984 22255 61583 33232 60184 44228 60384 55223
55985 66179 55785 21212 11961 16019 22911 15518 33863 13014
44819 01510 55777 36011 66699 31515 77664 27530 88631 29024
99570 28043 11489 24534 22442 22008 33420 26002 44362 14005
55345 35502 66329 35509 77313 30515 88285 29510 99272 26510
11259 18012 22235 12523 33214 07529 44204 05020 55195 08528
66186 09530 31313 73508 82329=

NNNNN

UPID52 WIGG 050000
PPAA  55008 96253 55385 35008 32507 25009 55340 15508
33511 03013 55320 04529 05529 12515 77999=

NNNNN

UGID52 WIGG 050000
PPBB  55008 96253 90/14 01002 33005 33007 90578 35008 28007
28509 909// 33009 91235 32509 32011 27009 9169/ 26010 26512
92013 25005 31007 21007 92467 18010 15503 06003 929// 01506
93012 35510 32512 32510 93345 35010 35508 01508 937// 02014
94124 04026 04531 05527 94567 05529 05529 05530 949// 04528
95023 05035 05043 06525 9545/ 11012 12015=

NNNNN

UHID52 WIGG 050000
PPCC  55008 96253 55370 31515 25536 31021 55120 06524
77999=

NNNNN

UQID52 WIGG 050000
PPDD  55008 96253 95678 16019 15518 13014 959// 01510 96023
36011 31515 27530 96469 29024 28043 24534 97125 22008 26002
14005 97678 35502 35509 30515 98012 29510 26510 18012 98467
12523 07529 05020 9889/ 08528 09530=

NNNNN
