USID52 WIKK 100000
TTAA  60001 96237 99006 25417 21002 00085 26027 25004
92772 22841 17503 85504 18635 00001 70145 10433 06011
50588 06113 03508 40760 14547 09011 30971 30556 09012
25097 40562 12516 20245 53156 11025 15425 65363 11022
10660 83546 03512 88999 77999 31313 73508 82330=

NNNNN

UKID52 WIKK 100000
TTBB  60008 96237 00006 25417 11990 26030 22729 12050 33709
10626 44658 08250 55568 00007 66472 09111 77445 09944 88431
10557 99408 13940 11364 19356 22312 28733 33296 31357 44290
32549 55287 33136 66283 33944 77269 36745 88258 38761 99218
48560 11198 53956 22168 62557 33150 65363 44100 83546 21212
00006 21002 11976 29004 22911 17503 33880 22502 44851 00001
55821 08001 66738 02508 77687 06010 88663 04011 99594 05013
11551 05506 22531 10503 33511 07505 44492 03011 55473 04010
66455 07510 77438 05012 88389 09013 99292 09011 11280 10009
22268 08506 33257 12513 44187 10029 55178 10037 66154 10531
77139 12511 88132 20504 99126 24512 11119 25010 22113 29506
33107 35008 44102 02513 31313 73508 82330 41414 31411=

NNNNN

ULID52 WIKK 100000
TTCC  60002 96237 70862 74165 29523 50060 68375 25523
30374 61383 28014 20628 58384 07529 88933 85742 07004
88203 58784 08027 77999 31313 73508 82330=

NNNNN

UEID52 WIKK 100000
TTDD  6000/ 96237 11933 85742 22908 82957 33868 82956 44820
81358 55807 77162 66769 75161 77725 76961 88693 72566 99613
72968 11460 64981 22397 66382 33333 60784 44255 63383 55249
63383 66238 54785 77234 52786 88203 58784 99182 56984 11176
53785 22162 53585 33155 49386 44138 45188 55111 47187 21212
11913 08008 22865 09522 33820 05520 44779 28514 55702 29522
66634 27533 77602 26526 88544 27512 99518 26033 11492 25523
22404 24526 33384 22012 44366 21505 55349 24509 66332 24009
77317 27014 88302 28014 99248 15517 11237 07532 22216 06527
33206 08028 44196 07031 55187 10026 66179 07537 77170 08043
88163 08051 99148 10043 11142 10559 22124 07557 33113 10050
31313 73508 82330=

NNNNN

UPID52 WIKK 100000
PPAA  60008 96237 55385 00001 06011 03508 55340 09011
09012 12516 55320 11025 11022 03512 77999=

NNNNN

UGID52 WIKK 100000
PPBB  60008 96237 90/13 21002 29004 17503 90456 22502 00001
08001 909// 02508 91125 06010 04011 05013 91789 05506 10503
07505 92012 03011 04010 07510 9236/ 05012 09013 93345 09011
10009 08506 936// 12513 94347 10029 10037 10531 949// 12511
95012 20504 24512 25010 95345 29506 35008 02513=

NNNNN

UHID52 WIKK 100000
PPCC  60008 96237 55370 29523 25523 28014 55120 07529
77999=

NNNNN

UQID52 WIKK 100000
PPDD  60008 96237 95789 08008 09522 05520 96024 28514 29522
27533 96578 26526 27512 26033 969// 25523 97345 24526 22012
21505 97678 24509 24009 27014 979// 28014 98346 15517 07532
06527 98789 08028 07031 10026 99012 07537 08043 08051 99458
10043 10559 07557 100// 10050=

NNNNN
