USID52 WIKK 130000
TTAA  63001 96237 99006 25013 11002 00083 25821 16002
92771 22430 16505 85505 18632 25007 70148 10843 14005
50588 05722 11513 40759 15323 09507 30970 28956 13509
25098 39357 10514 20246 52956 10013 15426 65556 34009
10661 81550 07008 88101 81949 04508 77999 31313 73508
82330=

NNNNN

UKID52 WIKK 130000
TTBB  63008 96237 00006 25013 11997 26025 22821 16628 33737
14057 44563 00021 55402 15123 66366 20106 77348 22943 88327
24738 99270 35156 11221 46758 22183 57343 33142 68157 44101
81949 55100 81550 21212 00006 11002 11976 22004 22943 16004
33880 21003 44821 27005 55766 27004 66739 20003 77713 19005
88687 10503 99663 19006 11616 14506 22594 19512 33552 15512
44492 11014 55421 12511 66405 09007 77389 10510 88374 08007
99359 06510 11345 10511 22268 12013 33257 10012 44187 10523
55178 09029 66170 09530 77154 04505 88147 31511 99133 31013
11108 34522 22102 02009 31313 73508 82330 41414 31418=

NNNNN

ULID52 WIKK 130000
TTCC  63002 96237 70863 76356 15013 50061 69759 26021
30371 63359 20004 20624 59760 26522 88999 77999 31313
73508 82330=

NNNNN

UEID52 WIKK 130000
TTDD  6300/ 96237 11908 80158 22862 81750 33839 79358 44784
80356 55720 75558 66645 76357 77615 72559 88516 71558 99493
68160 11453 68157 22415 68358 33357 63559 44305 63958 55279
59361 66227 61158 77183 59959 88158 51564 99141 54366 11133
51980 21212 11968 12008 22917 11507 33870 08011 44824 14519
55742 15513 66704 15014 77669 13503 88635 34011 99603 28522
11574 26539 22545 26034 33518 24526 44468 29527 55384 25017
66348 20021 77315 20516 88300 20004 99286 00509 11272 32023
22236 29030 33225 27527 44195 27020 55177 31010 66169 06019
77147 09029 88140 11033 99133 11046 31313 73508 82330=

NNNNN

UPID52 WIKK 130000
PPAA  63008 96237 55385 25007 14005 11513 55340 09507
13509 10514 55320 10013 34009 07008 77999=

NNNNN

UGID52 WIKK 130000
PPBB  63008 96237 90/12 11002 22004 16004 90468 21003 27005
27004 909// 20003 91012 19005 10503 19006 91457 14506 19512
15512 92045 11014 12511 09007 92678 10510 08007 06510 929//
10511 9356/ 12013 10012 94345 10523 09029 09530 9478/ 04505
31511 95045 31013 34522 02009=

NNNNN

UHID52 WIKK 130000
PPCC  63008 96237 55370 15013 26021 20004 55120 26522
77999=

NNNNN

UQID52 WIKK 130000
PPDD  63008 96237 95678 12008 11507 08011 959// 14519 96123
15513 15014 13503 96456 34011 28522 26539 9678/ 26034 24526
97046 29527 25017 20021 9789/ 20516 20004 98014 00509 32023
29030 9858/ 27527 27020 99014 31010 06019 09029 9956/ 11033
11046=

NNNNN
