USID52 WIKK 230000
TTAA  73001 96237 99007 24011 31004 00095 24218 30508
92782 22225 30516 85516 18823 33507 70162 11657 25017
50588 06118 32003 40760 15327 34506 30971 31734 03015
25097 41338 11028 20245 54341 11542 15422 70744 09554
10659 77961 27020 88999 77138 09075 31313 73508 82329=

NNNNN

UKID52 WIKK 230000
TTBB  73008 96237 00007 24011 11003 23612 22974 25846 33938
23026 44807 16234 55714 12857 66573 00027 77548 02722 88466
09510 99430 11930 11349 22946 22322 27323 33245 42136 44141
73756 55132 69563 66100 77961 21212 00007 31004 11977 33019
22913 30513 33851 33507 44822 30504 55794 24004 66766 27008
77740 26012 88714 26014 99689 23019 11617 23017 22552 24518
33512 25012 44493 00505 55474 31007 66456 30511 77439 28512
88422 30006 99406 35505 11390 02005 22345 02009 33318 01014
44280 06515 55256 09524 66235 12534 77177 11044 88169 10555
99145 09556 11138 09075 22113 09009 33107 07001 44102 28514
31313 73508 82329 41414 31428=

NNNNN

ULID52 WIKK 230000
TTCC  73002 96237 70861 74360 03016 50062 70361 29520
30369 65170 29515 20621 57384 14012 88848 81958 28015
88157 60584 05539 77999 31313 73508 82329=

NNNNN

UEID52 WIKK 230000
TTDD  7300/ 96237 11848 81958 22804 82158 33678 72960 44667
69363 55590 67961 66471 72559 77412 67964 88386 69563 99366
64968 11329 65967 22299 65370 33293 61974 44215 60584 55211
60783 66200 57384 77197 55185 88193 52586 99157 60584 11142
57584 22130 54185 21212 11914 21515 22822 29018 33779 27511
44739 36009 55702 03016 66666 03015 77634 28022 88546 27026
99493 28520 11469 26015 22445 33508 33403 28514 44383 28510
55365 25511 66285 27514 77235 23520 88204 18010 99194 08515
11185 07026 22177 07035 33153 06539 44146 09534 55133 09548
31313 73508 82329=

NNNNN

UPID52 WIKK 230000
PPAA  73008 96237 55385 33507 25017 32003 55340 34506
03015 11028 55320 11542 09554 27020 71471 09075=

NNNNN

UGID52 WIKK 230000
PPBB  73008 96237 90/13 31004 33019 30513 90567 33507 30504
24004 9089/ 27008 26012 91014 26014 23019 23017 9179/ 24518
25012 92012 00505 31007 30511 92345 28512 30006 35505 9269/
02005 02009 93146 01014 06515 09524 938// 12534 94458 11044
10555 09556 949// 09075 95345 09009 07001 28514=

NNNNN

UHID52 WIKK 230000
PPCC  73008 96237 55370 03016 29520 29515 55120 14012
77999=

NNNNN

UQID52 WIKK 230000
PPDD  73008 96237 9579/ 21515 29018 96012 27511 36009 03016
96347 03015 28022 27026 969// 28520 97013 26015 33508 28514
9745/ 28510 25511 98047 27514 23520 18010 9889/ 08515 07026
99034 07035 06539 09534 996// 09548=

NNNNN
