USID52 WIGG 100000
TTAA  60001 96253 99007 25212 10002 00078 25427 02005
92767 22221 32503 85497 18016 01503 70148 10656 06506
50587 05129 09015 40759 14938 05011 30971 30356 05516
25098 40941 00001 20246 53163 07008 15425 67556 08516
10658 83750 01004 88999 77999 31313 73508 82329=

NNNNN

UKID52 WIGG 100000
TTBB  60008 96253 00007 25212 11992 26447 22867 19017 33762
15456 44659 07656 55611 05041 66557 00023 77451 10708 88391
16331 99356 20360 11327 24961 22291 32333 33259 39138 44238
43550 55221 47564 66180 58165 77153 66556 88100 83750 21212
00007 10002 11975 33508 22943 35006 33911 32505 44880 02003
55820 02005 66792 35504 77765 02504 88738 06507 99663 04509
11639 05012 22511 09514 33474 06514 44438 06512 55405 04514
66318 04016 77292 05515 88280 04508 99257 05504 11246 00001
22235 04501 33225 31503 44215 07005 55205 06507 66196 07011
77187 10014 88162 06522 99146 07511 11139 06008 22132 05511
33126 10009 44119 14013 55113 06007 66107 36010 77102 00508
31313 73508 82329 41414 39432=

NNNNN

ULID52 WIGG 100000
TTCC  60002 96253 70860 75563 29526 50058 68775 25019
30370 62183 28006 20625 55185 08021 88967 84750 09006
77999 31313 73508 82329=

NNNNN

UEID52 WIGG 100000
TTDD  6000/ 96253 11967 84750 22840 82956 33810 78160 44673
72766 55602 74968 66560 72969 77551 70172 88395 67782 99372
63183 11339 60584 22254 63783 33248 63783 44240 55585 55225
52985 66206 56385 77190 53185 21212 11962 09506 22912 13015
33864 08025 44819 06019 55777 29005 66738 28011 77700 29526
88632 28035 99600 27026 11570 30504 22542 30517 33490 23019
44444 24514 55422 25010 66402 26006 77382 16506 88364 14502
99347 29003 11330 27008 22315 27012 33300 28006 44259 18519
55236 10529 66205 07027 77195 09526 31313 73508 82329=

NNNNN

UPID52 WIGG 100000
PPAA  60008 96253 55385 01503 06506 09015 55340 05011
05516 00001 55320 07008 08516 01004 77999=

NNNNN

UGID52 WIGG 100000
PPBB  60008 96253 90/12 10002 33508 35006 90346 32505 02003
02005 90789 35504 02504 06507 91239 04509 05012 09514 92135
06514 06512 04514 93134 04016 05515 04508 93678 05504 00001
04501 939// 31503 94012 07005 06507 07011 94368 10014 06522
07511 949// 06008 95012 05511 10009 14013 95345 06007 36010
00508=

NNNNN

UHID52 WIGG 100000
PPCC  60008 96253 55370 29526 25019 28006 55120 08021
77999=

NNNNN

UQID52 WIGG 100000
PPDD  60008 96253 95678 09506 13015 08025 959// 06019 96012
29005 28011 29526 96456 28035 27026 30504 9679/ 30517 23019
97123 24514 25010 26006 97456 16506 14502 29003 97789 27008
27012 28006 98247 18519 10529 07027 988// 09526=

NNNNN
