USID52 WIKK 100000
TTAA  60001 96237 99007 23613 33002 00098 25224 27507
92785 21618 34017 85514 18650 31008 70158 10250 32010
50588 04736 33015 40760 15916 09005 30971 30313 09031
25098 39956 09031 20246 52562 09538 15425 68561 11548
10661 78360 23011 88999 77999 31313 73508 82329=

NNNNN

UKID52 WIKK 100000
TTBB  60008 96237 00007 23613 11004 24820 22993 25428 33714
11656 44561 00036 55479 06337 66328 25313 77306 29312 88293
31556 99278 33959 11236 42959 22221 47156 33211 49750 44199
52963 55175 60167 66142 71358 77119 77359 88110 74363 99100
78360 21212 00007 33002 11977 32512 22882 34514 33852 31507
44822 31507 55766 30008 66739 28510 77713 34508 88688 34514
99512 32017 11493 34013 22474 30509 33456 09501 44438 36005
55422 07505 66405 11005 77389 08505 88345 10522 99331 09526
11318 09029 22154 11047 33132 12047 44119 11060 55107 10508
66102 21008 31313 73508 82329 41414 31418=

NNNNN

ULID52 WIKK 100000
TTCC  60002 96237 70863 77762 29024 50061 67771 29519
30371 63980 25515 20621 54585 05032 88902 81358 20518
77999 31313 73508 82329=

NNNNN

UEID52 WIKK 100000
TTDD  6000/ 96237 11902 81358 22882 78761 33813 80359 44669
77562 55595 71766 66561 72166 77542 67570 88473 68971 99442
65975 11412 67373 22387 62977 33360 64778 44287 64579 55277
62781 66249 63980 77221 61383 88210 59784 99202 54985 11177
53784 21212 11967 23521 22869 20019 33824 22018 44782 27011
55704 29025 66668 25017 77602 25016 88572 24510 99544 29512
11492 30521 22468 30524 33424 22526 44404 23014 55384 28510
66366 31023 77300 25515 88247 23012 99224 21521 11214 17014
22204 07021 33194 04030 44185 03018 31313 73508 82329=

NNNNN

UPID52 WIKK 100000
PPAA  60008 96237 55385 31008 32010 33015 55340 09005
09031 09031 55320 09538 11548 23011 77999=

NNNNN

UGID52 WIKK 100000
PPBB  60008 96237 90/14 33002 32512 34514 90568 31507 31507
30008 909// 28510 91019 34508 34514 32017 92012 34013 30509
09501 92345 36005 07505 11005 9269/ 08505 10522 9301/ 09526
09029 947// 11047 95024 12047 11060 10508 955// 21008=

NNNNN

UHID52 WIKK 100000
PPCC  60008 96237 55370 29024 29519 25515 55120 05032
77999=

NNNNN

UQID52 WIKK 100000
PPDD  60008 96237 95689 23521 20019 22018 96023 27011 29025
25017 96567 25016 24510 29512 969// 30521 97023 30524 22526
23014 97459 28510 31023 25515 98356 23012 21521 17014 98789
07021 04030 03018=

NNNNN
