USID52 WIKK 130000
TTAA  63001 96237 99007 25217 20002 00095 24815 19006
92779 22650 29002 85514 17816 26509 70153 09640 25507
50587 05914 02008 40760 14358 09504 30972 28572 10010
25100 38969 12010 20249 51950 12518 15428 68156 11527
10661 82756 09522 88101 82750 10024 77999 31313 73508
82330=

NNNNN

UKID52 WIKK 130000
TTBB  63008 96237 00007 25217 11990 24213 22987 25223 33964
24629 44925 22650 55877 19007 66793 14412 77775 14639 88609
04244 99563 00026 11522 04306 22469 08123 33451 08557 44411
13146 55400 14358 66306 27173 77280 32564 88250 38969 99222
45967 11208 49956 22177 59142 33133 74756 44101 82750 55100
82756 21212 00007 20002 11977 18505 22944 27504 33882 30005
44851 27009 55822 29511 66713 25012 77688 25509 88640 36002
99594 34002 11572 05004 22531 05509 33492 00504 44474 11006
55456 07505 66390 09006 77345 06508 88331 09509 99318 08512
11305 10510 22293 10508 33269 13506 44257 12009 55236 12512
66206 12515 77179 10525 88133 12525 99120 09537 11114 10023
22108 11519 33102 11025 31313 73508 82330 41414 31478=

NNNNN

ULID52 WIKK 130000
TTCC  63003 96237 70865 79162 26537 50061 67774 33011
30372 61383 05018 88999 77999 31313 73508 82330=

NNNNN

UEID52 WIKK 130000
TTDD  6300/ 96237 11936 77960 22804 78761 33771 75764 44715
78761 55682 78563 66668 75565 77627 76364 88528 68373 99451
69981 11400 63983 22348 64583 33311 61183 44286 62183 55263
57784 66234 59584 77218 56984 21212 11918 03004 22871 28514
33784 26024 44744 26037 55706 26538 66670 26523 77604 21018
88573 31508 99545 34508 11518 27507 22493 31010 33469 27011
44446 27509 55424 24005 66404 28518 77384 26534 88366 25524
99348 27014 11332 02509 22316 02516 33301 05018 44287 03016
55273 04019 66260 11521 77248 14531 88225 12536 31313 73508
82330=

NNNNN

UPID52 WIKK 130000
PPAA  63008 96237 55385 26509 25507 02008 55340 09504
10010 12010 55320 12518 11527 09522 77999=

NNNNN

UGID52 WIKK 130000
PPBB  63008 96237 90/12 20002 18505 27504 90456 30005 27009
29511 91013 25012 25509 36002 91568 34002 05004 05509 92012
00504 11006 07505 9269/ 09006 06508 93012 09509 08512 10510
93356 10508 13506 12009 938// 12512 9414/ 12515 10525 95023
12525 09537 10023 9545/ 11519 11025=

NNNNN

UHID52 WIKK 130000
PPCC  63008 96237 55370 26537 33011 05018 77999=

NNNNN

UQID52 WIKK 130000
PPDD  63008 96237 9578/ 03004 28514 96012 26024 26037 26538
96356 26523 21018 31508 96789 34508 27507 31010 97012 27011
27509 24005 97345 28518 26534 25524 97678 27014 02509 02516
979// 05018 98012 03016 04019 11521 9835/ 14531 12536=

NNNNN
