USID52 WIKK 240000
TTAA  74001 96237 99007 25011 26002 00094 25415 31007
92781 22231 34521 85515 18831 31016 70159 10256 29514
50588 06529 28515 40760 13959 02008 30971 31319 09537
25097 40363 10539 20246 52356 11065 15426 67157 11084
10662 80759 07018 88999 77132 11088 31313 73508 82330=

NNNNN

UKID52 WIKK 240000
TTBB  74008 96237 00007 25011 11989 25418 22896 21656 33794
15831 44731 12857 55581 00015 66541 03135 77519 05510 88475
09522 99463 09556 11450 10336 22403 13758 33337 24718 44327
25745 55299 31517 66257 38961 77235 43363 88226 45357 99133
73550 11122 75359 22100 80759 21212 00007 26002 11977 34018
22641 27018 33573 27518 44552 29017 55474 29515 66456 34013
77438 31008 88421 33008 99405 02011 11390 03508 22360 03008
33345 09011 44331 10019 55318 09531 66245 10540 77235 11550
88196 10565 99187 10571 11139 11085 22132 11088 33113 09047
31313 73508 82330 41414 35412=

NNNNN

ULID52 WIKK 240000
TTCC  74003 96237 70865 71967 02515 50064 69972 29513
30372 63583 25012 88933 83759 32503 77999 31313 73508
82330=

NNNNN

UEID52 WIKK 240000
TTDD  7400/ 96237 11933 83759 22902 82759 33870 77363 44748
76562 55691 70568 66635 73167 77531 72770 88508 69772 99442
67176 11398 68979 22316 62383 33285 63583 21212 11967 06014
22917 30003 33870 34006 44825 33002 55783 02011 66744 36009
77706 01515 88671 33019 99638 29024 11495 29511 22470 33010
33447 29509 44405 24014 55385 26512 66301 25012 77287 26009
31313 73508 82330=

NNNNN

UPID52 WIKK 240000
PPAA  74008 96237 55385 31016 29514 28515 55340 02008
09537 10539 55320 11065 11084 07018 71501 11088=

NNNNN

UGID52 WIKK 240000
PPBB  74008 96237 90/1/ 26002 34018 91367 27018 27518 29017
92123 29515 34013 31008 92456 33008 02011 03508 9289/ 03008
09011 93017 10019 09531 10540 938// 11550 94239 10565 10571
11085 9503/ 11088 09047=

NNNNN

UHID52 WIKK 240000
PPCC  74008 96237 55370 02515 29513 25012 77999=

NNNNN

UQID52 WIKK 240000
PPDD  74008 96237 95678 06014 30003 34006 959// 33002 96012
02011 36009 01515 96349 33019 29024 29511 97013 33010 29509
24014 9749/ 26512 25012 980// 26009=

NNNNN
