USID52 WIGG 080000
TTAA  58001 96253 99009 25013 05002 00101 26246 12003
92782 22020 15011 85516 18428 16513 70160 10042 17510
50588 05320 13511 40761 15517 12010 30972 30133 11514
25099 39959 10515 20248 53156 07522 15426 68344 06537
10661 81159 10003 88999 77999 31313 73508 82330=

NNNNN

UKID52 WIGG 080000
TTBB  58008 96253 00009 25013 11994 26250 22928 22220 33800
16034 44616 03450 55600 01818 66579 00650 77574 00857 88565
00030 99520 02937 11481 07516 22452 09544 33402 15319 44383
16740 55357 20718 66341 22939 77312 28123 88264 37144 99253
39159 11232 44361 22213 49361 33202 52557 44196 53959 55185
57150 66158 65739 77134 74357 88121 74958 99100 81159 21212
00009 05002 11978 13506 22913 14512 33739 19511 44688 17512
55617 18514 66552 16512 77512 14012 88456 16013 99439 16507
11406 13010 22390 11509 33374 12508 44360 09007 55332 09507
66305 10513 77206 07520 88170 07025 99162 07032 11132 07538
22119 05502 33113 28007 44108 23509 55102 15005 31313 73508
82330 41414 28572=

NNNNN

ULID52 WIGG 080000
TTCC  58002 96253 70861 77960 20018 50059 69776 27019
30369 56785 04022 20624 57784 10528 88904 84957 30512
77999 31313 73508 82330=

NNNNN

UEID52 WIGG 080000
TTDD  5800/ 96253 11904 84957 22733 78160 33675 78361 44654
74764 55593 70369 66528 68574 77458 71178 88404 69381 99326
61383 11311 56785 22292 54985 33240 59584 44209 58784 55186
55585 66162 54185 77151 52386 88142 47987 99125 49986 11111
47787 21212 11968 32007 22916 32014 33867 21511 44822 15520
55739 21517 66665 20010 77632 09007 88600 33513 99571 28024
11543 26523 22467 25513 33444 16511 44422 23516 55381 14008
66363 07007 77346 08517 88329 08516 99299 04021 11286 02009
22273 02510 33260 04516 44236 02515 55225 06012 66215 11008
77195 10537 88162 09548 99147 08054 11111 09563 31313 73508
82330=

NNNNN

UPID52 WIGG 080000
PPAA  58008 96253 55385 16513 17510 13511 55340 12010
11514 10515 55320 07522 06537 10003 77999=

NNNNN

UGID52 WIGG 080000
PPBB  58008 96253 90/13 05002 13506 14512 909// 19511 91147
17512 18514 16512 919// 14012 92235 16013 16507 13010 92678
11509 12508 09007 9302/ 09507 10513 94156 07520 07025 07032
95023 07538 05502 28007 9545/ 23509 15005=

NNNNN

UHID52 WIGG 080000
PPCC  58008 96253 55370 20018 27019 04022 55120 10528
77999=

NNNNN

UQID52 WIGG 080000
PPDD  58008 96253 95678 32007 32014 21511 959// 15520 96134
21517 20010 09007 96567 33513 28024 26523 97012 25513 16511
23516 97456 14008 07007 08517 9779/ 08516 04021 98012 02009
02510 04516 98456 02515 06012 11008 988// 10537 9924/ 09548
08054 100// 09563=

NNNNN
