USID52 WIGG 060000
TTAA  56001 96253 99006 25010 07003 00075 25623 12003
92762 23049 33513 85495 18226 31013 70142 10450 33511
50587 04137 34513 40759 14350 32011 30972 29760 32506
25099 39767 11009 20248 53159 10516 15426 68558 09029
10661 81357 31512 88999 77999 31313 73508 82330=

NNNNN

UKID52 WIGG 060000
TTBB  56008 96253 00006 25010 11995 26034 22774 14223 33748
13456 44711 10426 55648 07656 66591 01827 77559 00028 88526
04105 99509 03536 11459 08727 22434 09956 33377 16359 44292
31559 55270 35166 66225 46166 77191 55957 88166 63750 99152
67958 11135 73556 22100 81357 21212 00006 07003 11975 35006
22911 33013 33765 30514 44738 32509 55712 33007 66687 33012
77662 30007 88639 34004 99593 33506 11572 36010 22551 36009
33530 01011 44511 00511 55492 33514 66455 33512 77438 34509
88421 32509 99405 32012 11389 31006 22374 34509 33359 33509
44345 32012 55331 31012 66318 32508 77305 32005 88293 34004
99280 02508 11246 13009 22236 12511 33162 09025 44154 09526
55147 09031 66139 08533 77132 08528 88126 06535 99113 07509
11107 35010 31313 73508 82330 41414 29432=

NNNNN

ULID52 WIGG 060000
TTCC  5600/ 96253 88999 77999 31313 73508 82330=

NNNNN

UEID52 WIGG 060000
TTDD  5600/ 96253 21212 11966 26509 22917 27009 31313 73508
82330=

NNNNN

UPID52 WIGG 060000
PPAA  56008 96253 55385 31013 33511 34513 55340 32011
32506 11009 55320 10516 09029 31512 77999=

NNNNN

UGID52 WIGG 060000
PPBB  56008 96253 90/13 07003 35006 33013 9089/ 30514 32509
91012 33007 33012 30007 91356 34004 33506 36010 91789 36009
01011 00511 92023 33514 33512 34509 92456 32509 32012 31006
92789 34509 33509 32012 93012 31012 32508 32005 93347 34004
02508 13009 938// 12511 94678 09025 09526 09031 949// 08533
95013 08528 06535 07509 954// 35010=

NNNNN

UHID52 WIGG 060000
PPCC  56008 96253 77999=

NNNNN

UQID52 WIGG 060000
PPDD  56008 96253 9567/ 26509 27009=

NNNNN
