USID52 WIGG 040000
TTAA  54001 96253 99006 24003 01001 00074 23807 00505
92756 22221 30011 85487 18017 27009 70136 10847 21011
50586 05910 34505 40757 16321 03510 30969 29558 04007
25096 39733 12009 20244 52759 15018 15423 68356 12032
10655 82749 06023 88100 82749 06023 77999 31313 73508
82329=

NNNNN

UKID52 WIGG 040000
TTBB  54008 96253 00006 24003 11998 23809 22991 25637 33969
25040 44892 19604 55781 14425 66739 13650 77565 00008 88498
06308 99477 07521 11470 07956 22467 08358 33461 08956 44442
11325 55397 16712 66386 17144 77381 17561 88367 18165 99325
24970 11297 30157 22264 36337 33229 44936 44223 46357 55179
59161 66141 71748 77119 79150 88100 82749 21212 00006 01001
11975 34010 22879 27510 33849 27009 44791 24512 55686 20013
66662 22008 77615 21005 88593 10502 99550 05506 11530 08005
22510 34507 33491 30506 44472 31003 55454 35507 66437 00508
77404 04009 88388 36011 99373 01513 11317 03515 22304 02009
33291 09005 44256 12006 55245 12510 66234 12012 77224 14514
88169 12527 99161 12530 11112 07030 22107 05028 33101 05521
31313 73508 82329 41414 32572=

NNNNN

ULID52 WIGG 040000
TTCC  54002 96253 70861 74367 25021 50060 67176 20013
30372 61383 27014 20627 55585 21021 88665 75966 22010
88134 58584 08537 77999 31313 73508 82329=

NNNNN

UEID52 WIGG 040000
TTDD  5400/ 96253 11894 82356 22885 82356 33868 76761 44850
72963 55789 70765 66665 75966 77612 69771 88532 69373 99458
63582 11412 66182 22346 64982 33333 61783 44277 61383 55245
56385 66220 54585 77193 56585 88179 53985 99158 54185 11134
58584 22105 50586 21212 11957 07035 22906 05040 33860 03023
44817 29516 55666 22011 66632 16507 77601 04007 88572 35009
99544 28012 11492 19514 22468 20004 33446 24011 44424 23512
55404 25514 66384 22507 77348 29506 88332 31512 99301 27514
11287 25010 22273 26007 33248 27511 44237 24519 55215 27016
66196 20021 77187 13019 88178 10032 99163 05029 11148 06025
22135 09035 33128 07547 44117 07561 55107 09065 31313 73508
82329=

NNNNN

UPID52 WIGG 040000
PPAA  54008 96253 55385 27009 21011 34505 55340 03510
04007 12009 55320 15018 12032 06023 77999=

NNNNN

UGID52 WIGG 040000
PPBB  54008 96253 90/14 01001 34010 27510 9057/ 27009 24512
91124 20013 22008 21005 91578 10502 05506 08005 919// 34507
92012 30506 31003 35507 92356 00508 04009 36011 927// 01513
93123 03515 02009 09005 93678 12006 12510 12012 939// 14514
9456/ 12527 12530 95345 07030 05028 05521=

NNNNN

UHID52 WIGG 040000
PPCC  54008 96253 55370 25021 20013 27014 55120 21021
77999=

NNNNN

UQID52 WIGG 040000
PPDD  54008 96253 95678 07035 05040 03023 959// 29516 96345
22011 16507 04007 96679 35009 28012 19514 97012 20004 24011
23512 97346 25514 22507 29506 9779/ 31512 27514 98013 25010
26007 27511 98468 24519 27016 20021 989// 13019 99024 10032
05029 06025 99679 09035 07547 07561 101// 09065=

NNNNN
