USID52 WIGG 100000
TTAA  60001 96253 99007 25213 35004 00085 27056 34004
92770 22436 01506 85505 18050 33508 70149 11250 02503
50588 05316 32515 40760 15142 36011 30971 29957 09025
25098 40348 09543 20246 52957 11542 15425 67757 09557
10662 80761 21517 88999 77999 31313 73508 82330=

NNNNN

UKID52 WIGG 100000
TTBB  60008 96253 00007 25213 11006 26850 22960 25256 33851
18046 44842 17418 55779 13832 66734 13056 77679 10458 88566
00450 99559 00046 11538 02507 22430 11536 33325 26141 44315
27157 55288 32740 66278 34357 77217 48337 88208 50930 99201
52756 11132 73759 22126 71367 33100 80761 21212 00007 35004
11976 01506 22912 02004 33881 36007 44850 33508 55793 32013
66765 29015 77738 32509 88712 35504 99687 04004 11663 05503
22639 11003 33594 15505 44573 13506 55531 06005 66511 33510
77492 32514 88438 31011 99405 35010 11389 01510 22318 09519
33305 08525 44292 09526 55280 10031 66170 10547 77146 09557
88132 09558 99119 08517 11113 21512 22108 19016 31313 73508
82330 41414 28532=

NNNNN

ULID52 WIGG 100000
TTCC  60002 96253 70863 76163 26017 50060 66574 30023
30372 62783 26012 20623 55185 06017 88950 82360 20527
77999 31313 73508 82330=

NNNNN

UEID52 WIGG 100000
TTDD  6000/ 96253 11950 82360 22842 83759 33806 78962 44719
75963 55596 76764 66539 68571 77485 64976 88417 67979 99366
63583 11289 62583 22264 64383 33237 60184 44214 62583 55208
61183 66199 53585 77197 51186 88186 51786 21212 11968 21524
22824 18018 33782 29512 44634 24523 55492 29522 66424 22520
77404 22512 88384 36007 99366 32015 11301 26012 22287 28510
33260 19513 44247 19511 55236 21509 66225 16014 77214 13018
88204 08510 99195 07518 11186 04513 31313 73508 82330=

NNNNN

UPID52 WIGG 100000
PPAA  60008 96253 55385 33508 02503 32515 55340 36011
09025 09543 55320 11542 09557 21517 77999=

NNNNN

UGID52 WIGG 100000
PPBB  60008 96253 90/13 35004 01506 02004 90457 36007 33508
32013 9089/ 29015 32509 91012 35504 04004 05503 91356 11003
15505 13506 9189/ 06005 33510 92035 32514 31011 35010 926//
01510 93123 09519 08525 09526 934// 10031 9458/ 10547 09557
95023 09558 08517 21512 954// 19016=

NNNNN

UHID52 WIGG 100000
PPCC  60008 96253 55370 26017 30023 26012 55120 06017
77999=

NNNNN

UQID52 WIGG 100000
PPDD  60008 96253 9569/ 21524 18018 96049 29512 24523 29522
97234 22520 22512 36007 9759/ 32015 26012 98023 28510 19513
19511 98456 21509 16014 13018 98789 08510 07518 04513=

NNNNN
