USID52 WIKK 060000
TTAA  56001 96237 99006 24613 28002 00088 26018 24502
92777 22221 22003 85507 18422 28006 70156 10023 02004
50588 04539 09015 40760 14157 06019 30972 29367 08509
25100 39366 12013 20248 52757 08509 15427 67757 14013
10660 84338 08525 88999 77999 31313 73508 82330=

NNNNN

UKID52 WIKK 060000
TTBB  56008 96237 00006 24613 11000 26018 22560 00046 33525
03534 44513 03357 55500 04539 66477 05958 77441 09945 88422
11158 99357 20758 11347 22559 22343 22164 33328 24760 44322
25367 55280 32571 66202 52157 77186 56560 88126 76742 99100
84338 21212 00006 28002 11977 30001 22944 26005 33881 30505
44821 24006 55793 27503 66766 05502 77739 05502 88713 01005
99640 01507 11617 07506 22573 07513 33474 09517 44406 06020
55360 06012 66331 11504 77318 08508 88293 10512 99236 13510
11215 09008 22206 08010 33196 10506 44179 11014 55154 14510
66133 16013 77120 14023 88113 10529 99102 08524 31313 73508
82330 41414 31412=

NNNNN

ULID52 WIKK 060000
TTCC  56005 96237 70862 74764 20013 50061 65374 27522
88939 86534 07027 77999 31313 73508 82330=

NNNNN

UEID52 WIKK 060000
TTDD  5600/ 96237 11939 86534 22891 85146 33833 75561 44812
73162 55708 74963 66630 73965 77596 70168 88562 71168 99523
65773 11383 63380 21212 11964 06526 22913 08530 33865 11023
44820 20014 55703 19514 66667 32508 77634 36023 88603 35011
99573 26005 11544 31010 22518 27519 33447 30024 44406 28017
55386 30020 31313 73508 82330=

NNNNN

UPID52 WIKK 060000
PPAA  56008 96237 55385 28006 02004 09015 55340 06019
08509 12013 55320 08509 14013 08525 77999=

NNNNN

UGID52 WIKK 060000
PPBB  56008 96237 90/12 28002 30001 26005 90467 30505 24006
27503 9089/ 05502 05502 91034 01005 01507 07506 916// 07513
92158 09517 06020 06012 93013 11504 08508 10512 938// 13510
94012 09008 08010 10506 9447/ 11014 14510 95023 16013 14023
10529 955// 08524=

NNNNN

UHID52 WIKK 060000
PPCC  56008 96237 55270 20013 27522 77999=

NNNNN

UQID52 WIKK 060000
PPDD  56008 96237 95678 06526 08530 11023 959// 20014 96234
19514 32508 36023 96567 35011 26005 31010 968// 27519 97134
30024 28017 30020=

NNNNN
