USID52 WIKK 030000
TTAA  53001 96237 99005 25419 29002 00077 25218 28507
92761 22019 00509 85495 17824 00001 70136 11050 19004
50588 05337 07003 40760 14563 03519 30973 29770 01519
25100 40739 13005 20248 52161 09022 15428 67556 35502
10662 82549 04515 88999 77999 31313 73508 82329=

NNNNN

UKID52 WIKK 030000
TTBB  53008 96237 00005 25419 11840 17219 22731 13057 33695
10848 44689 11058 55628 06846 66574 02860 77548 00057 88484
07118 99466 08721 11448 10158 22444 10359 33439 11150 44424
13124 55413 14138 66398 14367 77368 17374 88300 29770 99259
38925 11246 41737 22237 43759 33227 46157 44225 46750 55223
47350 66220 47760 77218 48164 88184 56563 99151 67156 11125
76356 22100 82549 21212 00005 29002 11975 33015 22942 35510
33910 01509 44879 03003 55849 00001 66820 17006 77738 13504
88711 15004 99687 19504 11662 16507 22639 17511 33616 19510
44594 18509 55531 13505 66511 04504 77492 10503 88456 10009
99439 08010 11390 02520 22281 01017 33269 03011 44257 10502
55236 09008 66215 10511 77170 07017 88162 06508 99154 03004
11147 32003 22133 14503 33114 09505 44108 04510 31313 73508
82329 41414 31418=

NNNNN

ULID52 WIKK 030000
TTCC  53002 96237 70866 71566 24511 50066 70171 29519
30376 62383 22015 20631 55585 25509 88886 84550 07527
88187 57784 23504 77999 31313 73508 82329=

NNNNN

UEID52 WIKK 030000
TTDD  5300/ 96237 11886 84550 22870 80759 33827 79958 44809
78160 55794 72764 66730 70366 77679 72766 88615 71568 99582
67572 11499 70171 22439 69572 33429 66575 44369 62380 55297
62783 66254 61783 77243 56185 88223 53785 99187 57784 11169
53185 22149 52786 33143 52586 44130 46991 21212 11967 06012
22869 08039 33824 05531 44782 00521 55744 36015 66707 24009
77672 25013 88607 20018 99577 18007 11549 29516 22497 30018
33472 30504 44449 26504 55427 30004 66406 28504 77387 28511
88368 24010 99318 21019 11303 22016 22289 21508 33275 22510
44250 16004 55238 06503 66227 01510 77217 32012 88207 31508
99197 25011 11188 25006 22180 19007 33171 08021 44156 06033
55149 06026 66136 10536 31313 73508 82329=

NNNNN

UPID52 WIKK 030000
PPAA  53008 96237 55385 00001 19004 07003 55340 03519
01519 13005 55320 09022 35502 04515 77999=

NNNNN

UGID52 WIKK 030000
PPBB  53008 96237 90/12 29002 33015 35510 90345 01509 03003
00001 9069/ 17006 13504 91012 15004 19504 16507 91345 17511
19510 18509 9189/ 13505 04504 92023 10503 10009 08010 926//
02520 93456 01017 03011 10502 938// 09008 94056 10511 07017
06508 9478/ 03004 32003 95034 14503 09505 04510=

NNNNN

UHID52 WIKK 030000
PPCC  53008 96237 55370 24511 29519 22015 55120 25509
77999=

NNNNN

UQID52 WIKK 030000
PPDD  53008 96237 95689 06012 08039 05531 96012 00521 36015
24009 96356 25013 20018 18007 9679/ 29516 30018 97012 30504
26504 30004 97345 28504 28511 24010 9789/ 21019 22016 98013
21508 22510 16004 98456 06503 01510 32012 98789 31508 25011
25006 99013 19007 08021 06033 9946/ 06026 10536=

NNNNN
