USID52 WIGG 130000
TTAA  63001 96253 99008 24606 09001 00093 26038 05006
92778 22434 31510 85506 17633 30514 70150 09424 31011
50587 04721 35506 40760 13356 05002 30972 28942 19008
25100 39556 15011 20249 52750 16018 15428 68756 09529
10661 79757 02509 88109 81350 08021 77999 31313 73508
82331=

NNNNN

UKID52 WIGG 130000
TTBB  63008 96253 00008 24606 11001 25838 22821 15614 33795
15448 44560 00021 55433 11124 66406 12757 77361 18931 88286
31549 99146 70156 11109 81350 22100 79757 21212 00008 09001
11977 00505 22944 30508 33881 30512 44739 29513 55713 29509
66663 28508 77639 32506 88616 28505 99594 33003 11572 32507
22551 35007 33531 33506 44492 35008 55473 33007 66456 01503
77438 01503 88421 11503 99390 03505 11360 14510 22332 15508
33305 19007 44269 17009 55246 15511 66197 16519 77170 10022
88155 10027 99140 09537 11120 07541 22113 07530 33108 08018
44102 06013 31313 73508 82331 41414 29472=

NNNNN

ULID52 WIGG 130000
TTCC  63001 96253 70864 77962 24528 50060 68375 25503
30372 61783 05017 20627 53785 08046 10086 41989 09056
88999 77999 31313 73508 82331=

NNNNN

UEID52 WIGG 130000
TTDD  6300/ 96253 11944 81956 22926 79759 33841 80758 44821
79959 55806 75763 66656 78962 77599 76964 88577 72568 99535
72369 11504 68574 22441 67582 33415 63783 44381 65782 55340
60384 66294 61983 77278 61983 88271 58984 99248 59984 11235
59184 22215 53185 33193 54585 44184 49386 55152 49586 66143
49786 77133 45388 88099 41989 21212 11967 34005 22917 33012
33825 26013 44743 24040 55603 21510 66572 00512 77544 33513
88517 01503 99492 00000 11468 08005 22445 04009 33423 31013
44403 28034 55384 27529 66365 23012 77348 04504 88316 03523
99301 05018 11287 03511 22273 07508 33260 13519 44248 17028
55225 11045 66215 08542 77205 08550 88196 08041 99187 07542
11179 08056 22163 08546 33156 09049 44142 11039 55136 10060
66099 09054 31313 73508 82331=

NNNNN

UPID52 WIGG 130000
PPAA  63008 96253 55385 30514 31011 35506 55340 05002
19008 15011 55320 16018 09529 02509 77999=

NNNNN

UGID52 WIGG 130000
PPBB  63008 96253 90/12 09001 00505 30508 9049/ 30512 29513
91023 29509 28508 32506 91456 28505 33003 32507 9178/ 35007
33506 92012 35008 33007 01503 92346 01503 11503 03505 928//
14510 93025 15508 19007 17009 937// 15511 94257 16519 10022
10027 949// 09537 95234 07541 07530 08018 955// 06013=

NNNNN

UHID52 WIGG 130000
PPCC  63008 96253 55370 24528 25503 05017 55220 08046
09056 77999=

NNNNN

UQID52 WIGG 130000
PPDD  63008 96253 95679 34005 33012 26013 96156 24040 21510
00512 96789 33513 01503 00000 97012 08005 04009 31013 97345
28034 27529 23012 97689 04504 03523 05018 98012 03511 07508
13519 98356 17028 11045 08542 98789 08550 08041 07542 99023
08056 08546 09049 9956/ 11039 10060 103// 09054=

NNNNN
