USID52 WIOO 020000
TTAA  52005 96581 99010 24410 08004 00088 24411 07508
92773 22638 03002 85507 18846 29011 70149 09858 28512
50587 04550 00001 88999 77999 31313 73508 82330=

NNNNN

UKID52 WIOO 020000
TTBB  52008 96581 00010 24410 11005 24008 22981 25228 33928
22633 44913 23058 55886 21045 66794 15438 77760 13860 88695
09458 99676 07638 11635 04844 22610 03459 33600 02460 44595
02038 55572 00056 66543 01158 77531 02336 88402 14357 21212
00010 08004 11976 01005 22944 27503 33912 36001 44881 30009
55851 29011 66739 26513 77713 28009 88687 29510 99663 28511
11639 29010 22616 27012 33531 35502 44511 35503 55492 26004
66456 28508 77421 26510 88405 27514 31313 73508 82330 41414
31431=

NNNNN

ULID52 WIOO 020000
TTCC  5200/ 96581 88999 77999 31313 73508 82330=

NNNNN

UEID52 WIOO 020000
TTDD  5200/ 96581 31313 73508 82330=

NNNNN

UPID52 WIOO 020000
PPAA  52008 96581 55385 29011 28512 00001 77999=

NNNNN

UGID52 WIOO 020000
PPBB  52008 96581 90/12 08004 01005 27503 90345 36001 30009
29011 909// 26513 91012 28009 29510 28511 91348 29010 27012
35502 919// 35503 92024 26004 28508 26510 925// 27514=

NNNNN

UHID52 WIOO 020000
PPCC  52008 96581 77999=

NNNNN

UQID52 WIOO 020000
PPDD  52008 96581=

NNNNN
