USID52 WIOO 270000
TTAA  77001 96581 99007 24408 04002 00067 24205 01505
92753 24858 31508 85494 20657 27020 70135 10459 28519
50586 04758 24515 40758 14960 24018 30969 31539 01508
25096 41156 08532 20243 53357 08552 15423 67950 11072
10661 78561 04011 88999 77146 11070 31313 73508 82329=

NNNNN

UKID52 WIOO 270000
TTBB  77008 96581 00007 24408 11999 24205 22967 26661 33928
25258 44792 16247 55704 10659 66679 09048 77665 08460 88632
06664 99553 00061 11527 02756 22464 07162 33431 11757 44410
13360 55306 30344 66241 42757 77177 59358 88142 70157 99128
69565 11100 78561 21212 00007 04002 11974 33504 22941 32004
33910 28509 44849 27020 55737 27018 66686 29514 77510 24013
88455 27511 99438 29006 11421 24005 22405 23516 33389 24519
44374 26519 55317 29006 66304 35008 77291 05007 88279 06513
99256 09026 11245 08537 22214 08548 33195 09058 44161 11066
55146 11070 66139 10562 77125 09542 88119 08528 99102 04513
31313 73508 82329 41414 57231=

NNNNN

ULID52 WIOO 270000
TTCC  77002 96581 70865 78160 27512 50063 66169 26523
30373 62370 27520 20624 59576 13520 88884 81760 25004
88425 71165 27022 77999 31313 73508 82329=

NNNNN

UEID52 WIOO 270000
TTDD  7700/ 96581 11884 81760 22835 77363 33684 78959 44649
74763 55622 75161 66578 69965 77543 70365 88497 65370 99425
71165 11381 62973 22254 64172 33248 62173 44190 59180 55184
56978 66148 49583 77127 48382 88118 47584 99113 44191 21212
11968 05510 22918 03504 33870 30505 44744 31514 55670 25510
66636 27012 77604 24003 88574 26016 99546 27526 11494 27027
22447 27535 33425 27022 44317 26019 55274 26512 66261 23015
77236 21011 88215 19008 99205 16016 11195 11027 22186 08535
33177 05528 44162 06533 55154 07542 66141 06055 77117 08053
31313 73508 82329=

NNNNN

UPID52 WIOO 270000
PPAA  77008 96581 55385 27020 28519 24515 55340 24018
01508 08532 55320 08552 11072 04011 71439 11070=

NNNNN

UGID52 WIOO 270000
PPBB  77008 96581 90/12 04002 33504 32004 90359 28509 27020
27018 9119/ 29514 24013 92234 27511 29006 24005 92567 23516
24519 26519 93123 29006 35008 05007 93467 06513 09026 08537
94026 08548 09058 11066 9489/ 11070 10562 95125 09542 08528
04513=

NNNNN

UHID52 WIOO 270000
PPCC  77008 96581 55370 27512 26523 27520 55120 13520
77999=

NNNNN

UQID52 WIOO 270000
PPDD  77008 96581 95678 05510 03504 30505 96134 31514 25510
27012 96567 24003 26016 27526 969// 27027 97128 27535 27022
26019 98124 26512 23015 21011 98678 19008 16016 11027 989//
08535 99023 05528 06533 07542 9959/ 06055 08053=

NNNNN
