USID52 WIOO 080000
TTAA  58001 96581 99009 23808 04002 00081 23616 03505
92767 23657 29007 85498 18650 27012 70142 10250 27510
50587 04956 22520 40759 14550 19004 30971 30146 10506
25098 40757 10013 20246 52363 09523 15425 68543 09027
10657 83556 07532 88104 83950 07533 77999 31313 73508
82330=

NNNNN

UKID52 WIOO 080000
TTBB  58008 96581 00009 23808 11989 24641 22943 24458 33753
12842 44721 11856 55601 01814 66576 00015 77519 03157 88481
06927 99445 09730 11430 10358 22371 18937 33326 24957 44302
29746 55238 43558 66235 42964 77192 54365 88152 67947 99104
83950 11100 83556 21212 00009 04002 11975 35507 22880 28509
33850 27012 44712 28512 55687 24011 66662 24510 77616 30510
88572 27015 99492 22019 11473 24510 22455 27012 33438 33502
44421 15003 55405 20003 66345 08008 77305 11507 88280 07007
99257 10009 11235 10520 22146 09027 33139 09534 44101 07535
31313 73508 82330 41414 21431=

NNNNN

ULID52 WIOO 080000
TTCC  58002 96581 70861 67569 25523 50061 73767 25528
30369 57583 33523 20624 58984 24512 88480 75166 25524
77999 31313 73508 82330=

NNNNN

UEID52 WIOO 080000
TTDD  5800/ 96581 11901 77160 22780 78760 33735 75563 44710
68369 55664 67569 66610 71568 77480 75166 88464 70770 99413
67573 11371 68373 22343 66176 33307 57983 44208 59584 55164
59184 66143 53585 77132 54385 88130 54985 99125 50986 11120
50387 21212 11960 06519 22911 09024 33864 05511 44820 31013
55702 25023 66667 25518 77604 23540 88574 26023 99492 25027
11468 27519 22402 24027 33382 23030 44364 24026 55346 24520
66330 31512 77286 34029 88214 25014 99205 26022 11195 22513
22177 19515 33153 05525 44140 08536 55133 09547 66127 09052
77120 08562 31313 73508 82330=

NNNNN

UPID52 WIOO 080000
PPAA  58008 96581 55385 27012 27510 22520 55340 19004
10506 10013 55320 09523 09027 07532 77999=

NNNNN

UGID52 WIOO 080000
PPBB  58008 96581 90/14 04002 35507 28509 905// 27012 91012
28512 24011 24510 9146/ 30510 27015 92012 22019 24510 27012
92345 33502 15003 20003 929// 08008 93246 11507 07007 10009
938// 10520 9489/ 09027 09534 955// 07535=

NNNNN

UHID52 WIOO 080000
PPCC  58008 96581 55370 25523 25528 33523 55120 24512
77999=

NNNNN

UQID52 WIOO 080000
PPDD  58008 96581 95678 06519 09024 05511 959// 31013 96235
25023 25518 23540 9669/ 26023 25027 97034 27519 24027 23030
97567 24026 24520 31512 98067 34029 25014 26022 988// 22513
99035 19515 05525 08536 99678 09547 09052 08562=

NNNNN
