USID52 WIOO 240000
TTAA  74001 96581 99011 24613 00000 00096 24624 03004
92781 22229 36009 85514 18026 27511 70157 09629 27516
50588 04950 33012 40760 15733 16008 30971 30538 10027
25098 40739 10541 20246 53756 11540 15424 67157 12083
10662 79762 32005 88999 77139 12089 31313 73508 82330=

NNNNN

UKID52 WIOO 240000
TTBB  74008 96581 00011 24613 11934 22829 22831 16418 33741
13657 44581 00013 55498 04950 66418 12750 77343 23928 88253
39943 99245 41557 11174 61757 22150 67157 33136 70162 44100
79762 21212 00011 00000 11944 00509 22912 33008 33881 29011
44713 27017 55572 30517 66474 34512 77456 31509 88421 25012
99405 18007 11389 15005 22374 00001 33359 17009 44345 15514
55305 10025 66280 10032 77196 11541 88187 12049 99169 11562
11139 12089 22119 09545 33113 09537 44108 09015 55102 04503
31313 73508 82330 41414 21431=

NNNNN

ULID52 WIOO 240000
TTCC  74002 96581 70864 73360 00518 50062 69162 28517
30371 64362 28013 20625 57173 07009 88854 83756 36006
77999 31313 73508 82330=

NNNNN

UEID52 WIOO 240000
TTDD  7400/ 96581 11854 83756 22841 83756 33830 79759 44731
76558 55680 70962 66598 72161 77360 67362 88334 64163 99298
64363 11258 58967 22236 56767 33216 59968 44192 55972 55177
58168 66155 58569 77126 50378 88102 46577 21212 11969 30008
22918 31517 33870 35510 44825 24002 55782 32512 66670 35515
77637 29523 88546 26014 99470 28015 11385 25517 22273 27510
33225 20518 44215 18009 55205 07005 66195 01512 77177 09018
88154 10042 99147 08550 11140 08047 22134 08551 33116 08061
44111 08073 55106 09571 31313 73508 82330=

NNNNN

UPID52 WIOO 240000
PPAA  74008 96581 55385 27511 27516 33012 55340 16008
10027 10541 55320 11540 12083 32005 71469 12089=

NNNNN

UGID52 WIOO 240000
PPBB  74008 96581 90/23 00000 00509 33008 904// 29011 9106/
27017 30517 92124 34512 31509 25012 92567 18007 15005 00001
9289/ 17009 15514 9324/ 10025 10032 94235 11541 12049 11562
949// 12089 95234 09545 09537 09015 955// 04503=

NNNNN

UHID52 WIOO 240000
PPCC  74008 96581 55370 00518 28517 28013 55120 07009
77999=

NNNNN

UQID52 WIOO 240000
PPDD  74008 96581 95678 30008 31517 35510 959// 24002 96034
32512 35515 29523 967// 26014 9704/ 28015 25517 98156 27510
20518 18009 9878/ 07005 01512 99034 09018 10042 08550 99569
08047 08551 08061 1001/ 08073 09571=

NNNNN
