USID52 WIOO 090000
TTAA  59001 96581 99009 23808 10004 00087 23408 09505
92767 22632 03505 85506 19047 32009 70143 09834 32018
50587 03748 00504 40760 14356 06509 30972 30313 10515
25099 39958 10522 20247 52364 10028 15426 68159 12027
10659 82158 11030 88999 77999 31313 73508 82330=

NNNNN

UKID52 WIOO 090000
TTBB  59008 96581 00009 23808 11984 22808 22947 24039 33753
13846 44597 02019 55561 00033 66539 00557 77514 03337 88495
03956 99388 15957 11362 19936 22339 22557 33301 30115 44275
34756 55216 47765 66164 63164 77141 71357 88125 77556 99100
82158 21212 00009 10004 11976 07512 22943 05007 33911 03006
44880 35009 55793 29508 66765 30516 77639 31510 88616 31007
99593 33513 11572 32505 22551 25006 33531 25509 44511 00000
55492 02506 66456 02007 77438 03010 88422 03007 99390 08010
11360 07010 22345 14003 33332 10506 44318 10509 55305 10514
66225 11025 77215 10530 88196 10529 99187 10529 11170 10024
22139 11527 33126 12025 44113 09043 31313 73508 82330 41414
83731=

NNNNN

ULID52 WIOO 090000
TTCC  59002 96581 70863 73165 28521 50061 66973 32011
30372 60182 28025 20626 58183 19026 88971 83757 11030
77999 31313 73508 82330=

NNNNN

UEID52 WIOO 090000
TTDD  5900/ 96581 11971 83757 22933 79560 33883 77561 44835
79559 55795 74564 66616 74965 77569 70169 88521 69970 99499
66773 11418 64378 22393 67175 33354 66377 44339 62781 55285
58782 66261 60779 77207 57383 88187 59382 99180 57384 11136
57984 22127 53391 21212 11964 11030 22914 08513 33867 28510
44741 32516 55603 25019 66545 26010 77518 31017 88493 31510
99425 26015 11404 23525 22348 25516 33332 30022 44273 27528
55261 24525 66237 23537 77196 18525 88187 15024 99178 14515
11170 07011 22154 02026 33134 08029 44127 07548 31313 73508
82330=

NNNNN

UPID52 WIOO 090000
PPAA  59008 96581 55385 32009 32018 00504 55340 06509
10515 10522 55320 10028 12027 11030 77999=

NNNNN

UGID52 WIOO 090000
PPBB  59008 96581 90/12 10004 07512 05007 90347 03006 35009
29508 908// 30516 91345 31510 31007 33513 91678 32505 25006
25509 919// 00000 92023 02506 02007 03010 92468 03007 08010
07010 929// 14003 93012 10506 10509 10514 939// 11025 94023
10530 10529 10529 9459/ 10024 11527 9513/ 12025 09043=

NNNNN

UHID52 WIOO 090000
PPCC  59008 96581 55370 28521 32011 28025 55120 19026
77999=

NNNNN

UQID52 WIOO 090000
PPDD  59008 96581 95678 11030 08513 28510 96157 32516 25019
26010 9689/ 31017 31510 97236 26015 23525 25516 977// 30022
98124 27528 24525 23537 9889/ 18525 15024 99013 14515 07011
02026 9967/ 08029 07548=

NNNNN
