USID52 WIOO 100000
TTAA  60001 96581 99010 24813 05002 00088 25621 03004
92771 22628 12003 85504 18623 35002 70156 10442 00509
50588 04748 06008 40759 15956 06012 30970 28763 11017
25098 39761 10523 20247 53157 12523 15426 67362 10541
10661 82150 01005 88999 77999 31313 73508 82330=

NNNNN

UKID52 WIOO 100000
TTBB  60008 96581 00010 24813 11009 24609 22987 25626 33838
17620 44766 15057 55573 00007 66569 00309 77563 00845 88518
04323 99477 06356 11438 11732 22416 13956 33405 15534 44373
18758 55331 24556 66309 27561 77244 41361 88184 57756 99151
67161 11100 82150 21212 00010 05002 11976 34007 22943 15001
33881 05002 44851 35502 55821 24503 66793 01503 77713 01006
88688 35010 99663 34011 11640 01510 22616 00509 33531 05009
44511 05008 55474 06010 66421 08012 77405 06012 88331 10010
99317 08512 11268 12020 22225 10525 33187 10526 44170 10537
55147 10535 66126 15009 77120 25502 88114 32008 99108 35019
11102 03510 31313 73508 82330 41414 31431=

NNNNN

ULID52 WIOO 100000
TTCC  60003 96581 70862 70766 28029 50060 68372 26026
30372 61583 21515 88920 83946 34010 77999 31313 73508
82330=

NNNNN

UEID52 WIOO 100000
TTDD  6000/ 96581 11920 83946 22818 83556 33784 82756 44773
78760 55727 77360 66705 71166 77640 73765 88534 72568 99497
67773 11389 67577 22350 60983 33295 61983 44262 59984 55244
55585 21212 11967 31507 22916 34009 33868 02006 44823 01015
55780 07013 66740 24008 77702 28528 88668 27533 99603 27031
11573 27016 22544 27522 33492 26028 44445 27528 55384 25017
66365 27516 77348 22004 88316 19510 99273 21521 11260 15509
22248 08012 31313 73508 82330=

NNNNN

UPID52 WIOO 100000
PPAA  60008 96581 55385 35002 00509 06008 55340 06012
11017 10523 55320 12523 10541 01005 77999=

NNNNN

UGID52 WIOO 100000
PPBB  60008 96581 90/12 05002 34007 15001 90456 05002 35502
24503 907// 01503 91012 01006 35010 34011 91348 01510 00509
05009 919// 05008 92145 06010 08012 06012 93015 10010 08512
12020 939// 10525 94358 10526 10537 10535 95123 15009 25502
32008 9545/ 35019 03510=

NNNNN

UHID52 WIOO 100000
PPCC  60008 96581 55370 28029 26026 21515 77999=

NNNNN

UQID52 WIOO 100000
PPDD  60008 96581 95678 31507 34009 02006 959// 01015 96012
07013 24008 28528 96356 27533 27031 27016 9679/ 27522 26028
97145 27528 25017 27516 9768/ 22004 19510 98123 21521 15509
08012=

NNNNN
