USID52 WIOO 110000
TTAA  61001 96581 99010 24008 09002 00092 24615 09005
92779 22435 04505 85512 18856 08005 70152 10656 22504
50588 04956 12019 40760 15744 13518 30972 30350 13023
25100 40930 12531 20247 52749 11541 15426 68358 11548
10662 79360 29539 88999 77999 31313 73508 82330=

NNNNN

UKID52 WIOO 110000
TTBB  61008 96581 00010 24008 11976 24231 22862 18625 33829
17656 44790 14831 55670 09857 66568 00022 77515 05319 88503
04557 99491 06127 11452 08756 22417 13732 33394 16342 44382
17359 55364 19560 66333 24540 77250 40930 88237 43556 99217
48158 11206 51149 22151 67958 33134 73558 44131 72361 55100
79360 21212 00010 09002 11944 10503 22912 06508 33881 08010
44851 08005 55822 10505 66793 19002 77766 16508 88739 18006
99713 23003 11664 25008 22640 25511 33595 16507 44552 14013
55511 11016 66456 14512 77439 18009 88406 14018 99360 11523
11318 13521 22269 12529 33246 12531 44154 11548 55146 12049
66139 12047 77132 11534 88126 09515 99119 30510 11113 29023
22108 28534 31313 73508 82330 41414 11431=

NNNNN

ULID52 WIOO 110000
TTCC  61002 96581 70865 74963 18507 50061 69170 25521
30373 61183 23031 20626 60783 31519 88909 81759 30525
88637 79361 21503 77999 31313 73508 82330=

NNNNN

UEID52 WIOO 110000
TTDD  6100/ 96581 11909 81759 22819 81159 33768 76362 44721
74164 55637 79361 66606 78762 77565 71168 88478 69170 99463
66573 11360 64781 22275 57584 33211 61983 44183 58184 21212
11969 30037 22919 30028 33826 34526 44784 35521 55744 00510
66706 18505 77604 23504 88573 32508 99545 33019 11518 28012
22468 25523 33404 32527 44366 30521 55348 25515 66332 22029
77301 23031 88274 25520 99261 23513 11249 24009 22237 17501
33226 01006 44215 33516 55187 27514 31313 73508 82330=

NNNNN

UPID52 WIOO 110000
PPAA  61008 96581 55385 08005 22504 12019 55340 13518
13023 12531 55320 11541 11548 29539 77999=

NNNNN

UGID52 WIOO 110000
PPBB  61008 96581 90/23 09002 10503 06508 90456 08010 08005
10505 90789 19002 16508 18006 91023 23003 25008 25511 91579
16507 14013 11016 92235 14512 18009 14018 928// 11523 93157
13521 12529 12531 94789 11548 12049 12047 95012 11534 09515
30510 9534/ 29023 28534=

NNNNN

UHID52 WIOO 110000
PPCC  61008 96581 55370 18507 25521 23031 55120 31519
77999=

NNNNN

UQID52 WIOO 110000
PPDD  61008 96581 95679 30037 30028 34526 96012 35521 00510
18505 96567 23504 32508 33019 968// 28012 97035 25523 32527
30521 97679 25515 22029 23031 98123 25520 23513 24009 98456
17501 01006 33516 989// 27514=

NNNNN
