USID52 WIOO 190000
TTAA  69001 96581 99011 23806 10003 00097 23203 09504
92779 21814 09508 85513 18422 10012 70151 10027 11014
50588 04334 12017 40760 13934 08011 30973 28956 10019
25101 38962 10029 20249 53150 09022 15429 68357 09039
10660 82359 08530 88105 84556 11555 77999 31313 73508
82329=

NNNNN

UKID52 WIOO 190000
TTBB  69008 96581 00011 23806 11984 22806 22946 23021 33762
14244 44685 08211 55636 05825 66555 00019 77536 02506 88498
04143 99469 08117 11460 09309 22456 08525 33411 12338 44321
25335 55295 29949 66281 32358 77257 37565 88235 43157 99192
55550 11177 59958 22105 84556 33100 82359 21212 00011 10003
11944 09508 22881 09509 33822 08517 44766 10015 55688 09516
66617 08015 77552 10514 88512 10519 99474 11020 11406 08012
22390 09012 33375 11009 44346 14011 55305 10019 66258 10528
77247 09529 88226 09529 99216 09024 11171 08028 22155 08036
33113 11048 44108 11558 55102 10542 31313 73508 82329 41414
811//=

NNNNN

ULID52 WIOO 190000
TTCC  69002 96581 70862 75964 28019 50060 69972 25524
30370 62783 26522 20623 53985 19005 88174 56385 06034
77999 31313 73508 82329=

NNNNN

UEID52 WIOO 190000
TTDD  6900/ 96581 11860 81358 22841 78561 33777 80359 44715
79361 55698 75764 66610 70368 77542 72169 88476 66976 99392
66982 11375 64183 22261 64183 33236 61783 44228 61183 55225
61183 66221 57184 77199 53185 88174 56385 99155 57584 11148
57584 22144 54585 33109 48987 21212 11915 03524 22868 35012
33823 29020 44781 30032 55702 28020 66634 23026 77602 24526
88544 25543 99517 24532 11492 26521 22403 24025 33365 27527
44348 28530 55315 28523 66286 24028 77247 23022 88235 25018
99224 27010 11214 27517 22204 19007 33195 13512 44186 07523
55169 05042 66147 08034 77134 09558 88111 09554 31313 73508
82329=

NNNNN

UPID52 WIOO 190000
PPAA  69008 96581 55385 10012 11014 12017 55340 08011
10019 10029 55320 09022 09039 08530 77999=

NNNNN

UGID52 WIOO 190000
PPBB  69008 96581 90/24 10003 09508 09509 9068/ 08517 10015
91147 09516 08015 10514 919// 10519 92156 11020 08012 09012
9279/ 11009 14011 93267 10019 10528 09529 939// 09529 94057
09024 08028 08036 95345 11048 11558 10542=

NNNNN

UHID52 WIOO 190000
PPCC  69008 96581 55370 28019 25524 26522 55120 19005
77999=

NNNNN

UQID52 WIOO 190000
PPDD  69008 96581 95789 03524 35012 29020 96024 30032 28020
23026 96578 24526 25543 24532 969// 26521 97356 24025 27527
28530 978// 28523 98034 24028 23022 25018 98567 27010 27517
19007 9889/ 13512 07523 99146 05042 08034 09558 100// 09554=

NNNNN
