USID52 WIOO 290000
TTAA  79001 96581 99008 24810 08002 00077 25835 04006
92760 22636 27513 85498 19856 27024 70148 09626 26017
50587 04560 22505 40759 13560 29503 30971 29550 12027
25098 39760 09036 20247 51958 11056 15427 67158 10556
10660 80757 10033 88999 77999 31313 73508 82330=

NNNNN

UKID52 WIOO 290000
TTBB  79008 96581 00008 24810 11992 26043 22962 24216 33845
19857 44796 17058 55752 13023 66632 04007 77563 00056 88552
00559 99541 01556 11533 01762 22508 03562 33498 04761 44493
05356 55477 06558 66454 10123 77432 11927 88420 12158 99400
13560 11293 31336 22280 33158 33246 40960 44232 44556 55211
49360 66202 51357 77198 52360 88188 55157 99165 61960 11128
74757 22114 79756 33100 80757 21212 00008 08002 11975 33005
22942 29009 33880 25018 44765 27018 55712 25518 66639 25517
77616 21512 88593 23010 99572 25509 11551 21008 22492 23007
33455 09007 44421 13005 55405 31002 66389 17504 77359 08014
88331 09526 99318 09529 11305 11526 22292 12024 33280 10529
44246 09539 55225 10047 66215 10050 77120 10062 88107 09550
99102 10530 31313 73508 82330 41414 21431=

NNNNN

ULID52 WIOO 290000
TTCC  79002 96581 70863 74962 25040 50058 73765 27519
30369 62779 21512 20624 53184 03009 88902 83558 05021
88673 76562 24539 77999 31313 73508 82330=

NNNNN

UEID52 WIOO 290000
TTDD  7900/ 96581 11902 83558 22829 82357 33806 76162 44787
73363 55673 76562 66615 73565 77518 75163 88470 68969 99351
62775 11271 63777 22243 56385 33202 53385 44182 54385 55164
50588 21212 11966 09534 22916 06523 33867 02529 44822 04025
55780 27508 66704 25540 77635 23537 88603 25025 99516 28024
11466 25512 22422 28528 33383 26531 44364 26520 55347 22515
66330 24516 77314 22509 88300 21512 99259 14512 11247 29508
22235 31513 33214 28512 44204 31510 55195 08011 66186 13527
77170 11529 31313 73508 82330=

NNNNN

UPID52 WIOO 290000
PPAA  79008 96581 55385 27024 26017 22505 55340 29503
12027 09036 55320 11056 10556 10033 77999=

NNNNN

UGID52 WIOO 290000
PPBB  79008 96581 90/12 08002 33005 29009 9048/ 25018 27018
91034 25518 25517 21512 91567 23010 25509 21008 92024 23007
09007 13005 92568 31002 17504 08014 93012 09526 09529 11526
93347 12024 10529 09539 939// 10047 940// 10050 95245 10062
09550 10530=

NNNNN

UHID52 WIOO 290000
PPCC  79008 96581 55370 25040 27519 21512 55120 03009
77999=

NNNNN

UQID52 WIOO 290000
PPDD  79008 96581 95678 09534 06523 02529 959// 04025 96024
27508 25540 23537 9658/ 25025 28024 97024 25512 28528 26531
97567 26520 22515 24516 9789/ 22509 21512 98234 14512 29508
31513 98678 28512 31510 08011 989// 13527 991// 11529=

NNNNN
