USID52 WIOO 120000
TTAA  62001 96581 99009 26219 19004 00082 24616 26004
92767 22022 23010 85501 17816 17012 70146 09843 13511
50586 05313 11513 40759 14756 10012 30971 28940 11521
25099 39340 12527 20248 52357 09531 15427 66359 07028
10663 83543 35527 88999 77999 31313 73508 82330=

NNNNN

UKID52 WIOO 120000
TTBB  62008 96581 00009 26219 11008 25215 22989 25415 33811
15412 44771 14044 55669 08250 66567 00035 77507 04915 88438
09956 99418 12735 11396 15156 22298 29342 33240 41737 44207
50557 55169 61548 66161 63558 77123 74756 88100 83543 21212
00009 19004 11976 27510 22943 23511 33880 19009 44850 17012
55821 17008 66687 12009 77662 13010 88639 10507 99593 08010
11551 08010 22530 09509 33510 13015 44473 08516 55438 09018
66345 10019 77331 09523 88318 11521 99215 11024 11206 09533
22154 07540 33147 06525 44140 05515 55133 34507 66126 29006
77120 30011 88108 31525 99102 34530 31313 73508 82330 41414
41431=

NNNNN

ULID52 WIOO 120000
TTCC  62002 96581 70861 76359 22012 50062 65959 26524
30370 65760 26523 20626 55585 21016 88927 86731 02020
88426 69957 29520 77999 31313 73508 82330=

NNNNN

UEID52 WIOO 120000
TTDD  6200/ 96581 11927 86731 22907 85544 33845 86134 44832
84550 55798 84141 66774 80956 77719 80356 88706 76959 99671
76158 11618 71360 22595 65166 33530 64161 44426 69957 55370
64961 66337 66558 77304 65960 88262 61368 99243 53782 11228
52386 22182 57984 33144 54585 44128 55385 21212 11969 00524
22918 02019 33823 01012 44780 03010 55739 21018 66665 22005
77633 20510 88572 24030 99545 23523 11425 29520 22348 25026
33286 26021 44247 28022 55236 31024 66225 31522 77215 31008
88205 21508 99196 21524 11178 19529 22170 17029 33147 04025
44141 04025 55134 08031 66128 07529 31313 73508 82330=

NNNNN

UPID52 WIOO 120000
PPAA  62008 96581 55385 17012 13511 11513 55340 10012
11521 12527 55320 09531 07028 35527 77999=

NNNNN

UGID52 WIOO 120000
PPBB  62008 96581 90/12 19004 27510 23511 90456 19009 17012
17008 91123 12009 13010 10507 91578 08010 08010 09509 919//
13015 92139 08516 09018 10019 9301/ 09523 11521 94017 11024
09533 07540 9489/ 06525 05515 95012 34507 29006 30011 9545/
31525 34530=

NNNNN

UHID52 WIOO 120000
PPCC  62008 96581 55370 22012 26524 26523 55120 21016
77999=

NNNNN

UQID52 WIOO 120000
PPDD  62008 96581 95679 00524 02019 01012 96013 03010 21018
22005 96467 20510 24030 23523 9726/ 29520 25026 98034 26021
28022 31024 98567 31522 31008 21508 988// 21524 99014 19529
17029 04025 99567 04025 08031 07529=

NNNNN
