USID52 WIOO 250000
TTAA  75001 96581 99009 24410 00000 00081 24006 09002
92762 23449 01012 85498 19450 30508 70145 09848 26520
50586 05144 28523 40759 15335 28507 30969 31533 22504
25095 40345 12029 20243 52756 11558 15422 68556 11073
10660 77360 03507 88132 74150 10576 77132 10576 77169
11569 31313 73508 82330=

NNNNN

UKID52 WIOO 250000
TTBB  75008 96581 00009 24410 11931 23648 22836 19057 33797
15429 44782 15056 55718 11457 66636 03618 77603 03050 88568
00049 99528 03357 11483 07126 22425 12144 33283 33746 44190
55757 55132 74150 66127 73159 77124 71963 88100 77360 21212
00009 00000 11975 06005 22942 01510 33911 36010 44880 33012
55850 30508 66793 26016 77712 25520 88572 29528 99530 27030
11491 28519 22421 30010 33404 29007 44389 33006 55359 31005
66330 22503 77304 22005 88291 11007 99279 10519 11256 11526
22245 12033 33234 11543 44224 11549 55177 11566 66169 11569
77132 10576 88113 10527 99107 11010 11102 10002 31313 73508
82330 41414 51221=

NNNNN

ULID52 WIOO 250000
TTCC  75002 96581 70865 74962 28516 50063 69763 27022
30373 59769 26029 20626 58371 35525 88887 79961 34018
88259 63169 24029 77999 31313 73508 82330=

NNNNN

UEID52 WIOO 250000
TTDD  7500/ 96581 11887 79961 22842 79360 33823 76162 44720
73962 55664 77160 66589 70565 77537 68167 88470 70964 99325
63966 11309 60772 22290 59369 33259 63169 44247 63170 55238
58973 66219 56175 77180 59970 88171 59174 99153 52578 11138
53376 22117 46582 33105 47783 21212 11966 05014 22916 35011
33744 25511 44637 28016 55575 19514 66520 26519 77447 28014
88425 22016 99349 27016 11316 26019 22274 26028 33261 24529
44237 22019 55226 27009 66215 31006 77205 35523 88196 35519
99187 03513 11178 09008 22162 06537 33154 06544 44147 10050
55141 11045 66134 10552 77128 08547 88117 09553 99107 09564
31313 73508 82330=

NNNNN

UPID52 WIOO 250000
PPAA  75008 96581 55385 30508 26520 28523 55340 28507
22504 12029 55320 11558 11073 03507 71498 10576 71350
11569=

NNNNN

UGID52 WIOO 250000
PPBB  75008 96581 90/12 00000 06005 01510 90345 36010 33012
30508 907// 26016 91068 25520 29528 27030 92045 28519 30010
29007 9268/ 33006 31005 93023 22503 22005 11007 93467 10519
11526 12033 9389/ 11543 11549 9445/ 11566 11569 95034 10576
10527 11010 955// 10002=

NNNNN

UHID52 WIOO 250000
PPCC  75008 96581 55370 28516 27022 26029 55120 35525
77999=

NNNNN

UQID52 WIOO 250000
PPDD  75008 96581 9567/ 05014 35011 96146 25511 28016 19514
968// 26519 97126 28014 22016 27016 978// 26019 98124 26028
24529 22019 98567 27009 31006 35523 9889/ 35519 03513 99023
09008 06537 06544 99456 10050 11045 10552 9979/ 08547 09553
101// 09564=

NNNNN
