USID52 WIOO 010000
TTAA  51001 96581 99010 24408 05002 00085 24006 04503
92764 22633 32012 85495 18844 29519 70144 08618 29013
50585 05711 27520 40758 15708 26013 30969 30327 07009
25095 40147 10025 20244 53350 09537 15422 68947 09064
10656 77961 09019 88106 80758 05541 77138 09569 31313
73508 82330=

NNNNN

UKID52 WIOO 010000
TTBB  51008 96581 00010 24408 11995 24007 22967 24220 33780
15056 44581 00006 55520 03914 66409 14705 77333 24332 88263
37147 99152 68150 11144 70947 22133 73560 33106 80758 44100
77961 21212 00010 05002 11976 33009 22943 32513 33911 30514
44662 29516 55571 27518 66420 27517 77388 27019 88358 31509
99344 30508 11330 22002 22317 07509 33304 07010 44234 10527
55224 09530 66177 09545 77169 09549 88153 09561 99138 09569
11125 07056 22118 06053 33107 05541 31313 73508 82330 41414
41431=

NNNNN

ULID52 WIOO 010000
TTCC  51002 96581 70858 76358 26009 50057 71957 27033
30368 59557 28026 20622 56557 04512 88851 82357 18505
77999 31313 73508 82330=

NNNNN

UEID52 WIOO 010000
TTDD  5100/ 96581 11851 82357 22776 79559 33672 76557 44658
72760 55472 72157 66389 66158 77373 61760 88344 58959 99285
59158 11259 61950 22247 62756 33234 59358 44180 57558 21212
11959 12510 22910 19509 33863 17507 44818 30002 55736 31510
66698 26509 77663 30512 88630 28532 99599 30032 11541 27034
22489 27030 33442 28009 44400 29016 55380 28023 66362 26030
77329 27026 88299 28025 99247 25020 11235 24009 22224 22502
33214 05509 44204 01013 55194 09018 66185 08524 31313 73508
82330=

NNNNN

UPID52 WIOO 010000
PPAA  51008 96581 55385 29519 29013 27520 55340 26013
07009 10025 55320 09537 09064 09019 71471 09569=

NNNNN

UGID52 WIOO 010000
PPBB  51008 96581 90/12 05002 33009 32513 903// 30514 9126/
29516 27518 92468 27517 27019 31509 929// 30508 93012 22002
07509 07010 9389/ 10527 09530 94457 09545 09549 09561 949//
09569 95124 07056 06053 05541=

NNNNN

UHID52 WIOO 010000
PPCC  51008 96581 55370 26009 27033 28026 55120 04512
77999=

NNNNN

UQID52 WIOO 010000
PPDD  51008 96581 95678 12510 19509 17507 959// 30002 96123
31510 26509 30512 96457 28532 30032 27034 969// 27030 97134
28009 29016 28023 97579 26030 27026 28025 98345 25020 24009
22502 98678 05509 01013 09018 989// 08524=

NNNNN
