USID52 WIOO 050000
TTAA  55001 96581 99010 24208 06004 00091 23807 05008
92775 21807 28504 85506 19042 25508 70152 10441 26008
50588 05324 34504 40760 15522 25001 30971 29757 08009
25098 40159 10518 20246 53562 10523 15425 69357 08032
10660 81559 07509 88999 77999 31313 73508 82329=

NNNNN

UKID52 WIOO 050000
TTBB  55008 96581 00010 24208 11999 23808 22970 24827 33924
21806 44832 18450 55560 00035 66553 00156 77526 02727 88456
08746 99400 15522 11377 17550 22354 21337 33321 25758 44264
36956 55215 49163 66175 60963 77155 67557 88139 72558 99133
74757 11128 74560 22118 75161 33100 81559 21212 00010 06004
11976 26002 22944 32503 33881 23506 44793 27509 55765 23510
66739 25508 77594 24505 88531 32505 99511 29003 11492 31002
22473 23001 33456 36003 44438 28002 55405 20503 66389 22503
77374 09004 88359 05506 99345 06013 11318 09011 22305 08509
33292 07008 44280 07511 55257 10513 66215 10021 77170 10523
88154 08529 99139 08040 11119 06038 22113 07028 33107 08019
44102 08009 31313 73508 82329 41414 31431=

NNNNN

ULID52 WIOO 050000
TTCC  55002 96581 70862 75763 30509 50060 67371 24529
30369 61782 29515 20623 58384 03521 88994 81759 07007
77112 10074 66106 09073 31313 73508 82329=

NNNNN

UEID52 WIOO 050000
TTDD  5500/ 96581 11994 81759 22962 79761 33850 81559 44790
77561 55720 78560 66669 71965 77594 73765 88535 71968 99502
67571 11433 69571 22419 66374 33336 65377 44291 58984 55231
60983 66205 58984 77191 54585 88177 55585 99156 53585 11135
47987 22106 44799 21212 11964 26005 22915 25024 33822 25509
44780 27506 55740 33510 66702 30509 77634 28042 88517 25029
99492 25027 11423 26516 22403 28022 33383 26012 44365 29514
55300 29515 66260 19516 77247 18504 88236 07505 99225 11520
11214 08526 22204 04016 33195 05530 44177 08041 55154 09547
66147 08055 77123 10559 88112 10074 99106 09073 31313 73508
82329=

NNNNN

UPID52 WIOO 050000
PPAA  55008 96581 55385 25508 26008 34504 55340 25001
08009 10518 55320 10523 08032 07509 77999=

NNNNN

UGID52 WIOO 050000
PPBB  55008 96581 90/12 06004 26002 32503 90478 23506 27509
23510 909// 25508 91589 24505 32505 29003 92012 31002 23001
36003 92356 28002 20503 22503 92789 09004 05506 06013 93123
09011 08509 07008 9346/ 07511 10513 94057 10021 10523 08529
949// 08040 95234 06038 07028 08019 955// 08009=

NNNNN

UHID52 WIOO 050000
PPCC  55008 96581 55370 30509 24529 29515 55120 03521
73001 10074 63038 09073=

NNNNN

UQID52 WIOO 050000
PPDD  55008 96581 95679 26005 25024 25509 96012 27506 33510
30509 96489 28042 25029 25027 97234 26516 28022 26012 9759/
29514 29515 98234 19516 18504 07505 98567 11520 08526 04016
988// 05530 99034 08041 09547 08055 998// 10559 1001/ 10074
09073=

NNNNN
