USID52 WIOO 230000
TTAA  73001 96581 99012 25208 31002 00105 25818 28006
92790 22228 01002 85526 18222 19004 70161 09634 20511
50588 06711 33025 40760 14357 05512 30972 30357 15510
25099 40158 10541 20247 53156 11048 15426 68350 12064
10660 76962 34512 88122 77357 11078 77119 11070 77139
12068 31313 73508 82330=

NNNNN

UKID52 WIOO 230000
TTBB  73008 96581 00012 25208 11997 25817 22645 05419 33620
04643 44570 00019 55511 05105 66486 07516 77469 07535 88448
10308 99401 14357 11353 20161 22322 26357 33271 35360 44244
41757 55216 48760 66192 55733 77165 63556 88136 73344 99122
77357 11100 76962 21212 00012 31002 11978 27509 22945 31501
33913 00502 44883 00001 55853 18504 66823 17003 77794 23005
88767 19005 99714 20509 11689 21013 22617 17510 33595 00000
44573 03008 55552 34513 66492 32523 77422 34512 88405 04009
99390 08014 11374 08510 22360 12003 33346 22006 44332 17007
55318 18006 66292 12017 77246 10542 88205 10548 99196 11051
11146 12067 22139 12068 33119 11070 44113 11040 55107 09519
66102 02509 31313 73508 82330 41414 49431=

NNNNN

ULID52 WIOO 230000
TTCC  73002 96581 70865 77164 25002 50064 72171 28031
30373 61783 28516 20628 55785 13012 88162 60384 09030
77117 09069 31313 73508 82330=

NNNNN

UEID52 WIOO 230000
TTDD  7300/ 96581 11731 78163 22631 72167 33577 70170 44493
72571 55453 70972 66436 67576 77400 67578 88380 63982 99316
64982 11298 61183 22231 56984 33210 58184 44205 58384 55198
54185 66162 60384 77145 54385 88130 53785 99114 48987 21212
11966 34014 22827 32013 33785 26506 44745 30510 55707 24002
66671 11511 77637 11016 88606 29017 99547 26032 11520 27533
22495 28527 33447 27514 44425 31017 55367 29514 66316 25525
77287 29023 88237 23516 99206 19017 11196 08017 22179 06029
33162 09030 44147 09539 55141 08052 66122 09062 77117 09069
31313 73508 82330=

NNNNN

UPID52 WIOO 230000
PPAA  73008 96581 55385 19004 20511 33025 55340 05512
15510 10541 55320 11048 12064 34512 71561 11070 71471
12068=

NNNNN

UGID52 WIOO 230000
PPBB  73008 96581 90/12 31002 27509 31501 90345 00502 00001
18504 90678 17003 23005 19005 91014 20509 21013 17510 91567
00000 03008 34513 92045 32523 34512 04009 92678 08014 08510
12003 929// 22006 93013 17007 18006 12017 937// 10542 94128
10548 11051 12067 949// 12068 95234 11070 11040 09519 955//
02509=

NNNNN

UHID52 WIOO 230000
PPCC  73008 96581 55370 25002 28031 28516 55120 13012
62969 09069=

NNNNN

UQID52 WIOO 230000
PPDD  73008 96581 9569/ 34014 32013 96012 26506 30510 24002
96345 11511 11016 29017 96789 26032 27533 28527 97125 27514
31017 29514 978// 25525 98047 29023 23516 19017 988// 08017
99024 06029 09030 09539 99589 08052 09062 09069=

NNNNN
