USID52 WIOO 210000
TTAA  71001 96581 99012 24009 07003 00106 23408 09007
92784 22042 05015 85518 19045 02006 70163 10450 19025
50589 05508 10012 40761 15314 10014 30972 30127 11520
25099 40748 10521 20247 53739 10530 15425 68745 09056
10660 75959 13511 88117 79150 10077 77119 10079 77113
09571 31313 73508 82329=

NNNNN

UKID52 WIOO 210000
TTBB  71008 96581 00012 24009 11982 22608 22955 23647 33888
19633 44770 15456 55661 07856 66604 01816 77577 00007 88478
07310 99398 15514 11339 23527 22229 45957 33172 62131 44117
79150 55112 75959 66100 75959 21212 00012 07003 11978 06514
22945 03514 33882 03513 44852 02007 55822 18003 66794 18006
77767 18013 88714 19528 99664 18530 11641 17522 22617 15017
33595 13507 44573 08009 55552 08510 66532 07512 77512 06512
88493 11012 99439 11016 11422 09514 22406 10513 33390 08513
44332 12517 55215 09528 66205 10529 77196 10530 88170 08546
99162 08549 11132 09063 22119 10079 33113 09571 44102 11523
31313 73508 82329 41414 61331=

NNNNN

ULID52 WIOO 210000
TTCC  71002 96581 70865 78357 28024 50060 69950 27009
30369 60546 28521 20625 54557 15016 88728 78749 28534
88381 67522 26519 88164 60357 06018 77999 31313 73508
82329=

NNNNN

UEID52 WIOO 210000
TTDD  7100/ 96581 11921 78756 22863 78557 33843 75160 44728
78749 55705 78357 66657 78743 77633 79743 88603 74358 99519
71940 11439 63757 22381 67522 33364 67542 44347 67530 55317
61750 66255 59344 77235 55557 88219 55756 99213 53159 11193
56356 22184 58159 33164 60357 44161 57758 55159 55360 66147
55359 77143 55560 88139 51563 99127 50763 21212 11966 19008
22917 26514 33869 26014 44825 29036 55744 28539 66706 28526
77572 29022 88544 26020 99492 28508 11445 25519 22424 24026
33384 26021 44347 31523 55300 28521 66272 23026 77225 28016
88214 24011 99205 15511 11187 11521 22162 06024 33154 06024
44140 09534 55127 09052 31313 73508 82329=

NNNNN

UPID52 WIOO 210000
PPAA  71008 96581 55385 02006 19025 10012 55340 10014
11520 10521 55320 10530 09056 13511 71560 10079 71589
09571=

NNNNN

UGID52 WIOO 210000
PPBB  71008 96581 90/12 07003 06514 03514 90456 03513 02007
18003 9078/ 18006 18013 91023 19528 18530 17522 91456 15017
13507 08009 91789 08510 07512 06512 92034 11012 11016 09514
9256/ 10513 08513 930// 12517 94012 09528 10529 10530 9456/
08546 08549 95023 09063 10079 09571 955// 11523=

NNNNN

UHID52 WIOO 210000
PPCC  71008 96581 55370 28024 27009 28521 55120 15016
77999=

NNNNN

UQID52 WIOO 210000
PPDD  71008 96581 95678 19008 26514 26014 959// 29036 96126
28539 28526 29022 9679/ 26020 28508 97124 25519 24026 26021
9769/ 31523 28521 98156 23026 28016 24011 9879/ 15511 11521
99235 06024 06024 09534 997// 09052=

NNNNN
