USID52 WIOO 060000
TTAA  56001 96581 99010 25210 19006 00088 25222 08501
92775 22015 27504 85511 18844 14002 70156 10228 13006
50588 06109 09012 40760 13158 11515 30972 30149 10010
25099 39962 10517 20247 52762 09522 15426 68161 08529
10660 83150 12507 88999 77999 31313 73508 82330=

NNNNN

UKID52 WIOO 060000
TTBB  56008 96581 00010 25210 11874 19418 22855 19250 33841
18019 44748 12414 55729 12434 66568 00012 77496 06507 88479
06330 99413 14127 11403 12958 22378 16561 33312 27948 44248
40364 55234 43960 66213 48964 77163 63763 88100 83150 21212
00010 19006 11976 28505 22944 29005 33851 15002 44822 08505
55766 09503 66739 14003 77664 13508 88640 11508 99617 12503
11573 09011 22422 08016 33390 10518 44360 09020 55332 11515
66318 10512 77305 11510 88293 10010 99269 12512 11215 09021
22178 08028 33170 07530 44154 08029 55147 09033 66132 12523
77126 15019 88119 14520 99107 08008 31313 73508 82330 41414
31431=

NNNNN

ULID52 WIOO 060000
TTCC  56002 96581 70863 75763 26007 50062 64575 30023
30374 62781 21017 20628 60379 26010 88901 86741 13014
77999 31313 73508 82330=

NNNNN

UEID52 WIOO 060000
TTDD  5600/ 96581 11901 86741 22892 86345 33882 82159 44861
76761 55822 77958 66785 75161 77675 76563 88641 74965 99600
68170 11561 69769 22514 64375 33448 66176 44402 63179 55338
66378 66278 58582 77184 61178 88144 55381 21212 11964 15007
22913 14511 33821 11523 44779 19514 55668 30507 66634 00514
77603 27005 88573 24015 99545 27512 11494 30022 22426 28520
33386 32522 44333 23518 55288 20517 66227 24022 77206 22015
88187 31514 99178 32518 11170 31006 22162 17509 33147 10017
31313 73508 82330=

NNNNN

UPID52 WIOO 060000
PPAA  56008 96581 55385 14002 13006 09012 55340 11515
10010 10517 55320 09522 08529 12507 77999=

NNNNN

UGID52 WIOO 060000
PPBB  56008 96581 90/12 19006 28505 29005 90568 15002 08505
09503 909// 14003 91234 13508 11508 12503 916// 09011 92468
08016 10518 09020 93012 11515 10512 11510 9335/ 10010 12512
94045 09021 08028 07530 9478/ 08029 09033 95012 12523 15019
14520 954// 08008=

NNNNN

UHID52 WIOO 060000
PPCC  56008 96581 55370 26007 30023 21017 55120 26010
77999=

NNNNN

UQID52 WIOO 060000
PPDD  56008 96581 95679 15007 14511 11523 96034 19514 30507
00514 96567 27005 24015 27512 969// 30022 97247 28520 32522
23518 98057 20517 24022 22015 989// 31514 99012 32518 31006
17509 994// 10017=

NNNNN
