USID52 WIOO 100000
TTAA  60001 96581 99011 23808 06004 00103 23004 08506
92783 21431 07009 85521 18843 01010 70167 09228 32514
50587 05309 28507 40760 14917 08008 30971 29523 08024
25099 40332 08029 20247 53344 09531 15425 69750 11540
10662 75958 23510 88123 76758 09561 77999 31313 73508
82329=

NNNNN

UKID52 WIOO 100000
TTBB  60008 96581 00011 23808 11983 22207 22962 23219 33822
18257 44672 06615 55578 00007 66534 02507 77405 14319 88335
23519 99260 37926 11169 63348 22150 69750 33141 72359 44123
76758 55119 73761 66111 73361 77100 75958 21212 00011 06004
11978 08510 22944 09008 33882 02507 44823 36010 55794 33512
66664 33014 77595 30518 88573 30016 99552 33010 11531 01504
22511 35005 33492 28505 44474 26009 55438 26502 66422 22003
77405 06504 88389 07506 99374 07010 11225 09029 22215 09530
33139 10548 44132 09558 55119 10053 66113 09529 77108 17511
88102 23010 31313 73508 82329 41414 6721/=

NNNNN

ULID52 WIOO 100000
TTCC  60003 96581 70865 77356 28021 50062 68145 27514
30373 63931 24520 88838 82156 27519 77999 31313 73508
82329=

NNNNN

UEID52 WIOO 100000
TTDD  6000/ 96581 11838 82156 22785 76558 33738 78146 44627
75356 55571 73148 66533 68157 77496 68539 88452 69528 99442
67350 11417 63357 22384 64533 33294 63927 44276 63350 55256
63728 66247 64127 77231 59556 88210 56758 21212 11827 27016
22784 30018 33636 24022 44604 25019 55574 29013 66519 30012
77493 27016 88425 30017 99405 26013 11349 27520 22317 24523
33287 26018 44225 17010 55214 06022 31313 73508 82329=

NNNNN

UPID52 WIOO 100000
PPAA  60008 96581 55385 01010 32514 28507 55340 08008
08024 08029 55320 09531 11540 23510 77999=

NNNNN

UGID52 WIOO 100000
PPBB  60008 96581 90/12 06004 08510 09008 90467 02507 36010
33512 91256 33014 30518 30016 91789 33010 01504 35005 92013
28505 26009 26502 92456 22003 06504 07506 927// 07010 939//
09029 9409/ 09530 10548 95023 09558 10053 09529 9545/ 17511
23010=

NNNNN

UHID52 WIOO 100000
PPCC  60008 96581 55370 28021 27514 24520 77999=

NNNNN

UQID52 WIOO 100000
PPDD  60008 96581 959// 27016 96045 30018 24022 25019 96689
29013 30012 27016 97236 30017 26013 27520 978// 24523 98056
26018 17010 06022=

NNNNN
