USID52 WIOO 170000
TTAA  67001 96581 99009 23609 03002 00079 23006 06005
92765 23056 00515 85499 19861 34013 70143 09228 27510
50586 04719 04006 40758 15125 07503 30969 29546 10021
25097 40147 10525 20244 52957 09534 15423 68558 12536
10656 77960 08009 88112 80757 13039 77999 31313 73508
82330=

NNNNN

UKID52 WIOO 170000
TTBB  67008 96581 00009 23609 11998 23006 22989 24436 33846
19862 44788 15650 55681 07418 66644 04609 77627 04831 88560
00017 99478 06524 11322 25545 22241 42338 33163 64158 44112
80757 55100 77960 21212 00009 03002 11942 02011 22911 35511
33821 32512 44765 31007 55738 34007 66687 28507 77662 33506
88638 33004 99615 15504 11530 02005 22510 02505 33438 12503
44388 06505 55344 16006 66330 09507 77317 10513 88234 10026
99224 10032 11177 10038 22153 12535 33119 12037 44107 12540
55101 10512 31313 73508 82330 41414 21431=

NNNNN

ULID52 WIOO 170000
TTCC  67003 96581 70861 74364 30519 50059 67173 26024
30369 68981 26022 88999 77999 31313 73508 82330=

NNNNN

UEID52 WIOO 170000
TTDD  6700/ 96581 11830 81160 22799 80760 33777 74365 44751
72565 55677 75364 66631 75764 77526 66972 88401 64583 99352
64982 11312 69181 22233 61983 21212 11960 05009 22911 12508
33864 20017 44819 23526 55777 23512 66701 30519 77632 30528
88571 25013 99468 27028 11424 27534 22384 29536 33365 27031
44348 25026 55271 27511 66246 28524 77233 28023 31313 73508
82330=

NNNNN

UPID52 WIOO 170000
PPAA  67008 96581 55385 34013 27510 04006 55340 07503
10021 10525 55320 09534 12536 08009 77999=

NNNNN

UGID52 WIOO 170000
PPBB  67008 96581 90/23 03002 02011 35511 90689 32512 31007
34007 91123 28507 33506 33004 91489 15504 02005 02505 92369
12503 06505 16006 93018 09507 10513 10026 939// 10032 9447/
10038 12535 95245 12037 12540 10512=

NNNNN

UHID52 WIOO 170000
PPCC  67008 96581 55370 30519 26024 26022 77999=

NNNNN

UQID52 WIOO 170000
PPDD  67008 96581 95678 05009 12508 20017 959// 23526 96024
23512 30519 30528 966// 25013 97024 27028 27534 29536 9756/
27031 25026 98134 27511 28524 28023=

NNNNN
