USID52 WIOO 040000
TTAA  54001 96581 99008 24610 02002 00075 24208 36004
92760 22628 30009 85496 18424 25506 70139 10656 23505
50586 05150 18009 40758 15156 14512 30970 29935 17512
25097 39550 14018 20246 52363 13033 15425 67560 12024
10659 81557 10011 88106 82550 12013 77999 31313 73508
82329=

NNNNN

UKID52 WIOO 040000
TTBB  54008 96581 00008 24610 11985 25227 22760 14243 33569
00041 44518 03757 55496 05546 66469 07360 77454 08958 88442
09761 99423 11962 11408 13959 22398 15335 33286 32519 44220
46956 55207 50162 66176 60156 77150 67560 88106 82550 99100
81557 21212 00008 02002 11975 32510 22942 32011 33911 29008
44820 24004 55792 27002 66764 19003 77687 23504 88662 21505
99593 27007 11550 24508 22530 21010 33510 18507 44491 16514
55437 14513 66421 12511 77389 14511 88374 18008 99344 11503
11331 19006 22317 18008 33292 16013 44245 14019 55215 14529
66196 13531 77187 13027 88178 12527 99170 12029 11154 12031
22146 12517 33139 10009 44132 04009 55126 04511 66113 05010
77107 12012 31313 73508 82329 41414 41431=

NNNNN

ULID52 WIOO 040000
TTCC  54002 96581 70863 70567 29519 50061 67971 21003
30375 59984 29013 20633 53983 23016 88585 74366 22509
77999 31313 73508 82329=

NNNNN

UEID52 WIOO 040000
TTDD  5400/ 96581 11873 84545 22828 81158 33811 74763 44748
69765 55585 74366 66488 66573 77432 66375 88398 62179 99316
63182 11299 59584 22269 60184 33249 55385 44228 51986 55189
55783 21212 11964 10512 22913 03008 33865 34512 44820 06019
55779 13513 66740 30511 77636 25015 88604 23009 99574 27505
11469 14508 22447 15501 33425 25505 44405 26014 55317 31018
66302 29014 77288 30015 88275 28015 99250 32017 11238 31020
22227 34512 33217 25010 44207 22518 55198 22516 31313 73508
82329=

NNNNN

UPID52 WIOO 040000
PPAA  54008 96581 55385 25506 23505 18009 55340 14512
17512 14018 55320 13033 12024 10011 77999=

NNNNN

UGID52 WIOO 040000
PPBB  54008 96581 90/12 02002 32510 32011 90367 29008 24004
27002 908// 19003 91125 23504 21505 27007 91789 24508 21010
18507 92034 16514 14513 12511 92679 14511 18008 11503 93013
19006 18008 16013 937// 14019 94023 14529 13531 13027 94457
12527 12029 12031 9489/ 12517 10009 95013 04009 04511 05010
954// 12012=

NNNNN

UHID52 WIOO 040000
PPCC  54008 96581 55370 29519 21003 29013 55120 23016
77999=

NNNNN

UQID52 WIOO 040000
PPDD  54008 96581 95678 10512 03008 34512 959// 06019 96014
13513 30511 25015 9656/ 23009 27505 97012 14508 15501 25505
97389 26014 31018 29014 98013 30015 28015 32017 98456 31020
34512 25010 9878/ 22518 22516=

NNNNN
