USID52 WIOO 260000
TTAA  76001 96581 99007 24810 00000 00066 25417 36003
92754 23027 01504 85490 19656 28015 70143 10450 28018
50587 04756 26521 40759 15539 14506 30969 31143 09511
25095 41937 08028 20243 53933 10047 15422 67547 10583
10660 76565 01015 88999 77131 11078 77161 09574 31313
73508 82330=

NNNNN

UKID52 WIOO 260000
TTBB  76008 96581 00007 24810 11004 25213 22971 25227 33919
22621 44887 21857 55768 16661 66714 11450 77631 06858 88588
02441 99575 02060 11568 01663 22554 00060 33541 01161 44537
01562 55533 02156 66521 03356 77514 03761 88504 04562 99501
04757 11438 12928 22420 13156 33377 19121 44331 25750 55271
37350 66241 44325 77234 45918 88230 46540 99189 56731 11129
75156 22125 68965 33100 76565 21212 00007 00000 11974 03505
22941 35506 33910 05002 44879 31007 55820 27517 66712 27517
77662 30017 88551 26523 99438 26023 11421 30006 22405 15004
33373 15006 44359 17010 55317 14513 66291 08013 77256 08023
88245 08531 99224 10042 11214 10049 22204 10547 33195 10051
44169 10066 55161 09574 66131 11078 77125 09548 88113 08515
99107 02514 11102 01520 31313 73508 82330 41414 31431=

NNNNN

ULID52 WIOO 260000
TTCC  76001 96581 70864 76963 29516 50059 71368 24514
30371 63380 27527 20621 63181 17505 10068 44388 08050
88903 79363 32017 77111 09573 31313 73508 82330=

NNNNN

UEID52 WIOO 260000
TTDD  7600/ 96581 11903 79363 22818 79361 33803 75764 44611
78961 55568 74764 66558 71167 77509 71367 88492 71168 99475
66173 11400 63177 22376 64977 33339 62779 44274 65378 55261
64580 66251 59784 77204 63181 88192 62982 99183 62183 11175
57584 22156 56585 33125 47787 44113 47187 55106 44388 66095
44789 21212 11965 34512 22916 30516 33869 00514 44825 32011
55783 26519 66603 29017 77572 22507 88517 27016 99467 22024
11424 25014 22384 30029 33366 29533 44332 27526 55286 26525
66259 29518 77247 29510 88235 29512 99225 28008 11204 27003
22194 18013 33185 18014 44176 11527 55168 08530 66146 11541
77139 10553 88133 09043 99127 08551 11121 09045 22111 09573
33101 08051 44097 08048 31313 73508 82330=

NNNNN

UPID52 WIOO 260000
PPAA  76008 96581 55385 28015 28018 26521 55340 14506
09511 08028 55320 10047 10583 01015 71502 11078 71378
09574=

NNNNN

UGID52 WIOO 260000
PPBB  76008 96581 90/12 00000 03505 35506 90346 05002 31007
27517 91027 27517 30017 26523 92345 26023 30006 15004 9278/
15006 17010 93136 14513 08013 08023 9379/ 08531 10042 94012
10049 10547 10051 9456/ 10066 09574 95013 11078 09548 08515
9545/ 02514 01520=

NNNNN

UHID52 WIOO 260000
PPCC  76008 96581 55370 29516 24514 27527 55220 17505
08050 72998 09573=

NNNNN

UQID52 WIOO 260000
PPDD  76008 96581 95678 34512 30516 00514 959// 32011 96056
26519 29017 22507 968// 27016 97024 22024 25014 30029 9757/
29533 27526 98023 26525 29518 29510 98457 29512 28008 27003
9889/ 18013 18014 99014 11527 08530 11541 99567 10553 09043
08551 998// 09045 10023 09573 08051 08048=

NNNNN
