USID52 WIOO 130000
TTAA  63001 96581 99010 24210 14002 00087 24008 10005
92769 22232 12011 85505 19244 13514 70151 09425 15512
50587 06504 10002 40759 15527 09005 30971 29547 10514
25098 40150 11020 20246 52756 10027 15427 65164 35510
10662 82956 06003 88999 77999 31313 73508 82329=

NNNNN

UKID52 WIOO 130000
TTBB  63008 96581 00010 24210 11983 25026 22794 17057 33583
00006 44539 02119 55499 06704 66442 10340 77370 19324 88357
20150 99241 42340 11167 60363 22100 82956 21212 00010 14002
11976 12507 22943 13011 33880 12012 44793 14014 55739 15009
66713 16013 77639 15512 88594 14512 99551 14508 11530 14006
22455 06508 33438 07507 44421 06508 55389 10504 66374 08505
77345 12010 88331 09510 99317 09007 11305 11013 22170 09524
33154 02510 44147 34010 55133 29018 66108 33012 77102 34504
31313 73508 82329 41414 31431=

NNNNN

ULID52 WIOO 130000
TTCC  63002 96581 70862 76563 22008 50060 70375 26528
30369 64583 23516 20623 58984 24522 88987 83556 08504
77999 31313 73508 82329=

NNNNN

UEID52 WIOO 130000
TTDD  6300/ 96581 11987 83556 22758 81159 33708 76563 44611
74566 55596 70370 66546 72371 77421 67982 88388 64183 99303
64383 11280 59584 22239 57384 33213 59984 44184 60184 55167
55385 66143 53785 77136 55185 88126 53585 99122 50386 11114
49786 21212 11968 12004 22918 05505 33869 06022 44781 14517
55741 15016 66703 21511 77667 32009 88572 25535 99516 24532
11491 28028 22467 29030 33423 29524 44365 23016 55300 23516
66285 30014 77272 28526 88247 29035 99214 27027 11185 22018
22177 21506 33169 09013 44161 04026 55146 09036 66133 09543
77127 09549 88116 08056 31313 73508 82329=

NNNNN

UPID52 WIOO 130000
PPAA  63008 96581 55385 13514 15512 10002 55340 09005
10514 11020 55320 10027 35510 06003 77999=

NNNNN

UGID52 WIOO 130000
PPBB  63008 96581 90/12 14002 12507 13011 90479 12012 14014
15009 91035 16013 15512 14512 9178/ 14508 14006 92234 06508
07507 06508 92679 10504 08505 12010 93012 09510 09007 11013
94578 09524 02510 34010 95045 29018 33012 34504=

NNNNN

UHID52 WIOO 130000
PPCC  63008 96581 55370 22008 26528 23516 55120 24522
77999=

NNNNN

UQID52 WIOO 130000
PPDD  63008 96581 95678 12004 05505 06022 96012 14517 15016
21511 96368 32009 25535 24532 969// 28028 97025 29030 29524
23016 979// 23516 98013 30014 28526 29035 9869/ 27027 22018
99012 21506 09013 04026 99467 09036 09543 09549 999// 08056=

NNNNN
