USID52 WIOO 200000
TTAA  70001 96581 99012 24006 05003 00108 24012 02505
92790 21420 23014 85523 17419 22017 70160 09005 17523
50589 04303 14017 40761 14919 11514 30973 29329 08512
25100 39528 04519 20249 52738 05026 15428 69325 07534
88999 77999 31313 73508 82329=

NNNNN

UKID52 WIOO 200000
TTBB  70008 96581 00012 24006 11958 23227 22576 00007 33513
02901 44374 17516 55291 30924 66202 52136 77141 72729 88128
77332 21212 00012 05003 11978 30504 22946 24510 33883 22516
44794 22019 55714 17528 66594 15529 77573 16530 88552 16022
99531 13518 11512 15018 22422 11517 33406 12515 44375 10011
55360 10517 66332 06512 77293 08012 88258 03518 99206 04023
11188 06027 22179 07031 33133 07532 31313 73508 82329 41414
62372=

NNNNN

ULID52 WIOO 200000
TTCC  7000/ 96581 88999 77999 31313 73508 82329=

NNNNN

UEID52 WIOO 200000
TTDD  7000/ 96581 31313 73508 82329=

NNNNN

UPID52 WIOO 200000
PPAA  70008 96581 55385 22017 17523 14017 55340 11514
08512 04519 55220 05026 07534 77999=

NNNNN

UGID52 WIOO 200000
PPBB  70008 96581 90/12 05003 30504 24510 9047/ 22516 22019
91056 17528 15529 16530 91789 16022 13518 15018 92457 11517
12515 10011 928// 10517 93036 06512 08012 03518 94134 04023
06027 07031 950// 07532=

NNNNN

UHID52 WIOO 200000
PPCC  70008 96581 77999=

NNNNN

UQID52 WIOO 200000
PPDD  70008 96581=

NNNNN
