USID52 WIOO 050000
TTAA  55001 96581 99008 23809 00000 00076 23616 10504
92759 23038 25003 85495 19856 19008 70143 11858 32508
50587 05331 09008 40759 14357 05519 30972 30318 04511
25098 40158 09509 20247 52363 11523 15427 67956 10542
10661 80156 03024 88112 81142 10526 77999 31313 73508
82330=

NNNNN

UKID52 WIOO 050000
TTBB  55008 96581 00008 23809 11004 23614 22977 24619 33868
21256 44683 10857 55565 00020 66527 03312 77484 06556 88465
09123 99421 12156 11398 14358 22383 16545 33362 19157 44318
26924 55300 30318 66285 33145 77242 42157 88224 45965 99205
50967 11182 57757 22112 81142 33106 79757 44100 80156 21212
00008 00000 11975 09503 22942 27501 33850 19008 44821 21004
55765 32505 66738 34504 77712 33006 88687 35011 99663 00504
11639 05504 22616 26501 33594 18003 44572 17502 55551 06506
66492 12507 77473 08007 88438 07012 99374 03511 11359 03509
22345 04010 33305 04512 44292 06011 55280 06508 66257 08507
77246 10510 88215 12021 99178 10528 11170 10033 22139 10541
33132 11028 44126 12031 55113 11026 66102 03024 31313 73508
82330 41414 21431=

NNNNN

ULID52 WIOO 050000
TTCC  55002 96581 70863 74562 20519 50065 65373 28508
30378 64376 33512 20633 52180 17508 88170 57177 08016
77999 31313 73508 82330=

NNNNN

UEID52 WIOO 050000
TTDD  5500/ 96581 11920 82756 22856 81358 33801 75961 44744
76560 55661 71166 66625 71965 77577 66970 88528 67571 99479
62975 11435 61776 22370 65974 33331 66374 44290 65176 55256
58181 66217 53180 77195 52379 88170 57177 99154 56379 11143
58977 22119 55380 21212 11823 06011 22781 19518 33742 22028
44704 20519 55669 22501 66636 35508 77604 36008 88575 36012
99547 31010 11520 31513 22495 27509 33472 26014 44429 24528
55408 25026 66389 28526 77370 29026 88304 34515 99289 33011
11275 28007 22250 33013 33239 28508 44228 22513 55207 17014
66198 16010 77189 15505 88180 03505 99172 07514 11164 09021
22157 10529 33142 13529 44124 09042 31313 73508 82330=

NNNNN

UPID52 WIOO 050000
PPAA  55008 96581 55385 19008 32508 09008 55340 05519
04511 09509 55320 11523 10542 03024 77999=

NNNNN

UGID52 WIOO 050000
PPBB  55008 96581 90/12 00000 09503 27501 90568 19008 21004
32505 909// 34504 91012 33006 35011 00504 91345 05504 26501
18003 9167/ 17502 06506 92013 12507 08007 07012 92789 03511
03509 04010 93234 04512 06011 06508 9367/ 08507 10510 94045
12021 10528 10033 949// 10541 95013 11028 12031 11026 955//
03024=

NNNNN

UHID52 WIOO 050000
PPCC  55008 96581 55370 20519 28508 33512 55120 17508
77999=

NNNNN

UQID52 WIOO 050000
PPDD  55008 96581 959// 06011 96012 19518 22028 20519 96345
22501 35508 36008 96678 36012 31010 31513 969// 27509 97023
26014 24528 25026 97459 28526 29026 34515 98013 33011 28007
33013 98457 28508 22513 17014 9889/ 16010 15505 99012 03505
07514 09021 99358 10529 13529 09042=

NNNNN
