USID52 WIOO 180000
TTAA  68001 96581 99010 24008 12002 00090 23804 13003
92770 22235 00513 85501 18432 02505 70141 09627 05513
50587 05309 05509 40759 14930 07013 30971 29948 08018
25098 40159 12019 20246 53757 12026 15424 69547 11544
10659 79759 06021 88999 77999 31313 73508 82330=

NNNNN

UKID52 WIOO 180000
TTBB  68008 96581 00010 24008 11991 24822 22903 21656 33817
16219 44613 03432 55564 00006 66561 00304 77429 11135 88396
15525 99352 20957 11310 27946 22267 36550 33255 39159 44166
64346 55124 78156 66122 75359 77112 76160 88100 79759 21212
00010 12002 11976 00502 22912 01014 33881 01508 44821 02506
55765 06005 66738 05509 77687 06013 88616 03517 99572 06513
11473 05011 22304 08021 33268 12020 44235 12018 55225 10518
66205 11020 77196 11029 88146 11545 99139 11552 11113 09549
22102 06026 31313 73508 82330 41414 31431=

NNNNN

ULID52 WIOO 180000
TTCC  68002 96581 70861 79560 29528 50059 66976 29040
30368 67382 26522 20619 58984 01509 88918 83358 20004
77999 31313 73508 82330=

NNNNN

UEID52 WIOO 180000
TTDD  6800/ 96581 11918 83358 22862 77362 33797 79760 44707
80160 55664 79161 66602 73165 77581 68370 88534 66373 99443
68380 11418 66382 22311 67382 33297 67182 44289 63383 55250
60384 66216 60784 77197 57784 88179 55785 99164 57984 11157
54185 22134 51586 21212 11963 06508 22913 21005 33866 19009
44822 33014 55779 34023 66740 30025 77631 28522 88600 26520
99570 26027 11543 27539 22423 29533 33403 28526 44383 27023
55365 25530 66330 25525 77271 27523 88258 26520 99246 27524
11213 21512 22203 33004 33193 00521 44184 35011 55176 11520
66160 07535 77139 08062 31313 73508 82330=

NNNNN

UPID52 WIOO 180000
PPAA  68008 96581 55385 02505 05513 05509 55340 07013
08018 12019 55320 12026 11544 06021 77999=

NNNNN

UGID52 WIOO 180000
PPBB  68008 96581 90/13 12002 00502 01014 90468 01508 02506
06005 909// 05509 91146 06013 03517 06513 921// 05011 93258
08021 12020 12018 939// 10518 94128 11020 11029 11545 949//
11552 9535/ 09549 06026=

NNNNN

UHID52 WIOO 180000
PPCC  68008 96581 55370 29528 29040 26522 55120 01509
77999=

NNNNN

UQID52 WIOO 180000
PPDD  68008 96581 95678 06508 21005 19009 959// 33014 96014
34023 30025 28522 96567 26520 26027 27539 97234 29533 28526
27023 9757/ 25530 25525 98123 27523 26520 27524 98678 21512
33004 00521 989// 35011 99025 11520 07535 08062=

NNNNN
