USID53 WAOO 200000
TTAA  70001 96685 99010 25210 03004 00103 25410 02005
92786 22419 23516 85515 17010 23525 70151 09843 19040
50588 05705 09007 40761 14149 06024 30973 28757 05020
25100 39539 04521 20249 52550 06029 15427 68358 07037
10659 82357 08531 88112 82956 07048 77999 31313 73508
82330=

NNNNN

UKID53 WAOO 200000
TTBB  70008 96685 00010 25210 11007 25005 22982 25219 33853
17004 44700 09843 55554 00025 66520 04102 77462 07935 88428
12315 99413 12956 11362 19160 22314 26357 33296 29560 44244
41134 55233 43725 66218 47556 77189 55736 88184 57332 99180
58356 11168 62346 22152 67558 33112 82956 44100 82357 21212
00010 03004 11977 22002 22945 23012 33822 23023 44766 20525
55739 19530 66688 18538 77639 17518 88594 18011 99572 13004
11531 13509 22511 12511 33492 06509 44474 05511 55360 07016
66345 05519 77318 06518 88281 04520 99206 05528 11187 06533
22126 07046 33113 07049 44102 09036 31313 73508 82330 41414
55411=

NNNNN

ULID53 WAOO 200000
TTCC  70002 96685 70863 77963 34007 50061 70374 28519
30368 62183 30012 20622 60384 32010 88766 80762 23016
77999 31313 73508 82330=

NNNNN

UEID53 WAOO 200000
TTDD  7000/ 96685 11980 79160 22916 75362 33766 80762 44698
77963 55663 72966 66588 74168 77484 67976 88440 70179 99398
70381 11330 67182 22290 58984 33269 59984 44262 57584 55220
57784 66204 60584 77195 58184 88163 57984 99155 53985 11129
51986 22118 46787 33106 45987 21212 11964 12511 22915 22015
33782 23023 44742 21005 55704 34007 66668 34013 77544 23514
88492 27519 99445 23520 11403 29017 22364 28022 33346 24521
44299 30012 55285 28506 66272 10010 77259 04013 88247 34015
99235 35016 11224 03020 22214 34517 33204 33516 44194 20505
55177 10518 66168 11532 77161 09542 88146 08544 99140 08051
11111 08566 31313 73508 82330=

NNNNN

UPID53 WAOO 200000
PPAA  70008 96685 55385 23525 19040 09007 55340 06024
05020 04521 55320 06029 07037 08531 77999=

NNNNN

UGID53 WAOO 200000
PPBB  70008 96685 90/12 03004 22002 23012 90689 23023 20525
19530 91135 18538 17518 18011 91689 13004 13509 12511 92018
06509 05511 07016 929// 05519 9314/ 06518 04520 9413/ 05528
06533 95135 07046 07049 09036=

NNNNN

UHID53 WAOO 200000
PPCC  70008 96685 55370 34007 28519 30012 55120 32010
77999=

NNNNN

UQID53 WAOO 200000
PPDD  70008 96685 9567/ 12511 22015 96012 23023 21005 34007
96379 34013 23514 27519 97135 23520 29017 28022 9769/ 24521
30012 98012 28506 10010 04013 98345 34015 35016 03020 98678
34517 33516 20505 99012 10518 11532 09542 9945/ 08544 08051
100// 08566=

NNNNN
