USID53 WAOO 130000
TTAA  63001 96685 99010 25815 36004 00104 24811 01006
92789 22641 27003 85525 18428 05003 70159 08836 17010
50588 05150 07009 40760 14759 12005 30971 29561 08015
25099 39366 09014 20248 52761 08019 15427 66163 08029
10662 83550 23516 88999 77999 31313 73508 82330=

NNNNN

UKID53 WAOO 130000
TTBB  63008 96685 00010 25815 11972 23407 22926 22640 33861
19024 44836 18256 55760 12821 66622 04056 77568 00028 88516
04120 99497 05156 11471 06759 22463 07757 33456 08360 44454
08563 55449 09358 66378 17758 77372 18562 88346 22360 99326
24566 11286 32160 22252 38766 33180 58757 44152 65562 55130
73556 66100 83550 21212 00010 36004 11978 01507 22945 33004
33882 33501 44852 04503 55823 14503 66795 18005 77767 18010
88714 16510 99688 16512 11572 09515 22552 07513 33492 06510
44456 03514 55405 13004 66374 06510 77360 07514 88331 07013
99305 08513 11257 08013 22235 09513 33225 07010 44187 08526
55170 07541 66162 08536 77154 08033 88147 07526 99126 08010
11120 20506 22114 23012 33108 24517 31313 73508 82330 41414
15511=

NNNNN

ULID53 WAOO 130000
TTCC  63001 96685 70862 78361 27008 50060 68575 26032
30368 63983 10007 20623 59384 31017 10066 50986 08575
88985 84149 22515 88139 58184 12519 77101 08576 31313
73508 82330=

NNNNN

UEID53 WAOO 130000
TTDD  6300/ 96685 11985 84149 22923 83556 33905 80559 44745
84357 55706 78961 66606 70369 77541 71971 88492 68176 99433
65782 11359 67582 22320 66782 33304 64783 44285 58584 55235
57584 66205 59784 77172 57384 88162 53585 99139 58184 11120
52786 22099 50186 21212 11969 21517 22918 15513 33870 13508
44825 10007 55782 02512 66741 03012 77703 28506 88633 31519
99602 24519 11572 24534 22543 24025 33517 25530 44445 27532
55423 27029 66403 26526 77330 16016 88299 09006 99285 33007
11272 32012 22236 28515 33225 01501 44214 34004 55195 30016
66186 02005 77177 08011 88154 05517 99140 12518 11127 11049
22106 08567 33101 08576 31313 73508 82330=

NNNNN

UPID53 WAOO 130000
PPAA  63008 96685 55385 05003 17010 07009 55340 12005
08015 09014 55320 08019 08029 23516 77999=

NNNNN

UGID53 WAOO 130000
PPBB  63008 96685 90/12 36004 01507 33004 90456 33501 04503
14503 9078/ 18005 18010 91016 16510 16512 09515 917// 07513
92025 06510 03514 13004 9278/ 06510 07514 93026 07013 08513
08013 9389/ 09513 07010 94356 08526 07541 08536 9478/ 08033
07526 95123 08010 20506 23012 954// 24517=

NNNNN

UHID53 WAOO 130000
PPCC  63008 96685 55370 27008 26032 10007 55220 31017
08575 63059 08576=

NNNNN

UQID53 WAOO 130000
PPDD  63008 96685 95678 21517 15513 13508 959// 10007 96012
02512 03012 28506 96456 31519 24519 24534 9678/ 24025 25530
97123 27532 27029 26526 9779/ 16016 09006 98014 33007 32012
28515 98568 01501 34004 30016 989// 02005 99035 08011 05517
12518 997// 11049 1012/ 08567 08576=

NNNNN
