USID53 WAOO 080000
TTAA  58001 96685 99008 24008 08008 00093 24217 07505
92774 22450 32014 85506 19056 30516 70151 10850 29519
50588 04546 10007 40760 14957 00507 30971 29534 04018
25098 39933 06020 20247 52156 07527 15426 67957 08032
10658 82958 06538 88999 77999 31313 73508 82329=

NNNNN

UKID53 WAOO 080000
TTBB  58008 96685 00008 24008 11996 24825 22951 23846 33883
19432 44835 18456 55678 09447 66629 05014 77593 03656 88563
00033 99531 04308 11525 02346 22512 03732 33480 05959 44453
09137 55421 12557 66414 13550 77404 14357 88381 17920 99368
18938 11301 29332 22229 44938 33187 55759 44169 61356 55136
73356 66121 79556 77100 82958 21212 00008 08008 11977 03505
22943 32013 33851 30515 44821 32015 55713 29018 66663 31513
77639 31003 88617 33509 99594 04006 11572 34001 22551 19002
33531 19002 44511 08506 55492 09508 66474 11511 77439 08005
88422 01504 99405 35505 11389 36008 22374 01011 33359 02008
44345 04012 55225 07523 66170 08029 77162 08031 88107 07538
31313 73508 82329 41414 16421=

NNNNN

ULID53 WAOO 080000
TTCC  58002 96685 70862 69769 21529 50062 72176 28524
30370 59184 03009 20623 60384 24524 88916 84757 06025
88259 61183 31527 77999 31313 73508 82329=

NNNNN

UEID53 WAOO 080000
TTDD  5800/ 96685 11916 84757 22841 76961 33728 72765 44717
70368 55666 71369 66628 68574 77514 72775 88503 72776 99493
68979 11371 68782 22351 67782 33339 63783 44291 57584 55259
61183 66217 61583 77187 58984 88176 55185 99173 52985 11170
50786 22153 52586 33139 51586 44124 53585 55102 51386 21212
11912 06025 22864 09510 33820 25518 44779 24527 55740 23029
66703 22028 77668 20522 88636 27015 99575 28535 11546 27032
22519 28527 33384 24529 44365 23530 55347 20518 66331 12511
77315 00510 88300 03009 99286 33520 11225 25525 22195 24022
33185 22517 44177 11507 55169 05527 66161 06026 77154 08525
88147 08036 99140 07539 11134 09551 22111 08053 33106 08558
31313 73508 82329=

NNNNN

UPID53 WAOO 080000
PPAA  58008 96685 55385 30516 29519 10007 55340 00507
04018 06020 55320 07527 08032 06538 77999=

NNNNN

UGID53 WAOO 080000
PPBB  58008 96685 90/12 08008 03505 32013 9056/ 30515 32015
91023 29018 31513 31003 91456 33509 04006 34001 91789 19002
19002 08506 92013 09508 11511 08005 92456 01504 35505 36008
92789 01011 02008 04012 939// 07523 9456/ 08029 08031 954//
07538=

NNNNN

UHID53 WAOO 080000
PPCC  58008 96685 55370 21529 28524 03009 55120 24524
77999=

NNNNN

UQID53 WAOO 080000
PPDD  58008 96685 95789 06025 09510 25518 96012 24527 23029
22028 96346 20522 27015 28535 9678/ 27032 28527 97456 24529
23530 20518 97789 12511 00510 03009 98058 33520 25525 24022
989// 22517 99012 11507 05527 06026 99345 08525 08036 07539
996// 09551 1001/ 08053 08558=

NNNNN
