USID53 WAOO 030000
TTAA  53001 96685 99008 25005 09010 00088 24809 09005
92773 23250 16002 85509 18843 23005 70152 10656 22505
50589 03560 18016 40762 14959 19512 30974 29556 10005
25101 39957 08505 20249 52750 01506 15428 67758 08029
10662 81756 33007 88999 77999 31313 73508 82329=

NNNNN

UKID53 WAOO 030000
TTBB  53008 96685 00008 25005 11943 22215 22913 23258 33853
18842 44534 00059 55454 07163 66401 14959 77373 18564 88339
22949 99278 33559 11237 43350 22208 50544 33167 61960 44118
78556 55100 81756 21212 00008 09010 11976 07008 22944 01504
33912 20505 44851 23005 55766 23006 66713 21505 77663 28003
88617 23008 99573 21007 11532 19011 22440 16515 33407 18513
44391 20510 55375 18010 66361 15504 77332 11007 88293 11003
99281 19503 11269 22001 22258 09005 33216 07505 44206 01505
55197 01005 66188 10504 77179 09512 88170 11018 99140 07021
11126 00508 22120 31008 33114 03006 44108 33502 55102 31510
31313 73508 82329 41414 25411=

NNNNN

ULID53 WAOO 030000
TTCC  53002 96685 70866 75364 01010 50066 70370 32018
30377 60584 25018 20631 55585 03503 88882 83357 11032
77999 31313 73508 82329=

NNNNN

UEID53 WAOO 030000
TTDD  5300/ 96685 11882 83357 22863 82958 33824 75363 44766
73164 55717 75963 66683 72167 77548 67372 88485 70770 99451
67574 11394 67974 22350 61381 33320 59984 44288 62383 55260
62183 66242 57984 77201 55985 88180 58384 99167 55985 11161
52586 22136 48788 21212 11970 13504 22871 10530 33826 02520
44784 04015 55745 34513 66708 00513 77672 19512 88577 18018
99549 00001 11522 33017 22449 29513 33427 31012 44368 21023
55289 26019 66262 20515 77250 13513 88217 10012 99207 12001
11197 06505 22188 07012 33179 07019 44171 06534 55156 05032
66136 09040 31313 73508 82329=

NNNNN

UPID53 WAOO 030000
PPAA  53008 96685 55385 23005 22505 18016 55340 19512
10005 08505 55320 01506 08029 33007 77999=

NNNNN

UGID53 WAOO 030000
PPBB  53008 96685 90/12 09010 07008 01504 90358 20505 23005
23006 91024 21505 28003 23008 9168/ 21007 19011 92356 16515
18513 20510 9278/ 18010 15504 93034 11007 11003 19503 9356/
22001 09005 94012 07505 01505 01005 94345 10504 09512 11018
949// 07021 95123 00508 31008 03006 9545/ 33502 31510=

NNNNN

UHID53 WAOO 030000
PPCC  53008 96685 55370 01010 32018 25018 55120 03503
77999=

NNNNN

UQID53 WAOO 030000
PPDD  53008 96685 95689 13504 10530 02520 96012 04015 34513
00513 96367 19512 18018 00001 968// 33017 97125 29513 31012
21023 98023 26019 20515 13513 98678 10012 12001 06505 989//
07012 99013 07019 06534 05032 996// 09040=

NNNNN
