USID53 WAOO 100000
TTAA  60001 96685 99010 25613 33006 00105 25013 34006
92784 20805 34018 85515 16606 34010 70157 10633 05004
50589 04533 10015 40762 14156 12017 30974 29364 12013
25101 39363 14014 20249 51956 15015 15428 67357 11034
10660 83957 09547 88101 84756 09547 77999 31313 73508
82330=

NNNNN

UKID53 WAOO 100000
TTBB  60008 96685 00010 25613 11895 18608 22747 12019 33735
12638 44557 00028 55455 07750 66359 20156 77327 24762 88307
27965 99281 32960 11269 35358 22252 38963 33205 50756 44101
84756 55100 83957 21212 00010 33006 11978 34013 22882 35513
33851 34010 44822 35006 55794 31006 66766 03004 77739 06505
88713 03506 99688 04505 11664 08509 22617 09512 33475 11515
44457 12513 55423 12017 66346 12014 77206 13512 88179 15518
99170 11521 11155 12029 22140 09538 33102 09545 31313 73508
82330 41414 6541/=

NNNNN

ULID53 WAOO 100000
TTCC  60002 96685 70865 76765 27531 50063 68578 27516
30374 63583 25519 20625 53985 04031 88999 77999 31313
73508 82330=

NNNNN

UEID53 WAOO 100000
TTDD  6000/ 96685 11964 78161 22781 78362 33743 75965 44663
76965 55598 70770 66536 70974 77479 66781 88408 67382 99361
61583 11296 64183 22221 62583 33207 55985 44179 51986 55162
54185 66158 54785 77147 49986 88122 53985 21212 11966 09525
22917 14508 33870 19017 44825 20502 55783 31011 66670 25530
77636 25026 88575 32018 99519 31018 11470 25023 22405 21022
33349 29024 44261 22512 55236 14504 66225 17009 77215 06516
88205 04028 99186 04510 11178 09008 22170 12013 33162 14016
44148 08034 55135 09048 66129 09052 77122 08053 31313 73508
82330=

NNNNN

UPID53 WAOO 100000
PPAA  60008 96685 55385 34010 05004 10015 55340 12017
12013 14014 55320 15015 11034 09547 77999=

NNNNN

UGID53 WAOO 100000
PPBB  60008 96685 90/14 33006 34013 35513 90567 34010 35006
31006 9089/ 03004 06505 91012 03506 04505 08509 914// 09512
92124 11515 12513 12017 929// 12014 94145 13512 15518 11521
9479/ 12029 09538 955// 09545=

NNNNN

UHID53 WAOO 100000
PPCC  60008 96685 55370 27531 27516 25519 55120 04031
77999=

NNNNN

UQID53 WAOO 100000
PPDD  60008 96685 95678 09525 14508 19017 959// 20502 96034
31011 25530 25026 9668/ 32018 31018 97036 25023 21022 29024
98245 22512 14504 17009 98679 06516 04028 04510 99012 09008
12013 14016 99467 08034 09048 09052 998// 08053=

NNNNN
