USID53 WAOO 160000
TTAA  66001 96685 99010 25813 05005 00103 24412 06006
92789 22856 29015 85522 19050 28518 70165 09631 29514
50588 05345 06523 40760 14746 10514 30972 29156 11523
25099 39956 12528 20247 52358 14533 15427 68956 12036
10660 83556 11036 88999 77999 31313 73508 82330=

NNNNN

UKID53 WAOO 160000
TTBB  66008 96685 00010 25813 11001 24411 22937 22424 33928
22856 44834 18856 55566 00022 66499 05350 77455 09725 88386
16536 99337 22558 11317 26341 22250 39956 33224 46330 44209
50143 55203 51557 66185 57156 77165 63559 88142 71350 99100
83556 21212 00010 05005 11978 33008 22945 29010 33852 28518
44767 30018 55714 28515 66689 29513 77664 33512 88640 31508
99617 35505 11595 03509 22573 05514 33422 09018 44405 11013
55360 09020 66293 11025 77280 11030 88269 11525 99246 12528
11236 12031 22179 14033 33132 11546 44126 12050 55113 10042
31313 73508 82330 41414 25531=

NNNNN

ULID53 WAOO 160000
TTCC  66001 96685 70864 75766 21023 50060 69572 27020
30368 62783 24029 20621 58384 01022 10064 46587 08560
88999 83556 11035 88136 55585 10549 77999 31313 73508
82330=

NNNNN

UEID53 WAOO 160000
TTDD  6600/ 96685 11999 83556 22914 82158 33890 79760 44876
75363 55820 73564 66741 76165 77532 74168 88505 69772 99478
68175 11437 70577 22310 61983 33256 64783 44241 58784 55230
56185 66198 58784 77185 58984 88168 56785 99165 56984 11163
55585 22162 53385 33156 51386 44136 55585 55118 54585 66116
55385 77114 55385 88110 51586 99089 44388 21212 11965 10029
22915 13029 33868 13513 44824 23514 55743 23024 66669 19524
77603 26526 88573 26030 99545 27525 11492 26521 22468 24028
33382 27529 44347 25534 55314 26030 66285 21023 77271 22012
88258 15011 99235 12509 11224 07028 22204 01523 33194 36019
44176 32509 55168 06017 66160 05540 77146 11044 88133 10546
99127 10550 11116 10556 22092 08066 31313 73508 82330=

NNNNN

UPID53 WAOO 160000
PPAA  66008 96685 55385 28518 29514 06523 55340 10514
11523 12528 55320 14533 12036 11036 77999=

NNNNN

UGID53 WAOO 160000
PPBB  66008 96685 90/12 05005 33008 29010 9058/ 28518 30018
91012 28515 29513 33512 91345 31508 35505 03509 916// 05514
92458 09018 11013 09020 93345 11025 11030 11525 9378/ 12528
12031 944// 14033 95013 11546 12050 10042=

NNNNN

UHID53 WAOO 160000
PPCC  66008 96685 55370 21023 27020 24029 55220 01022
08560 77999=

NNNNN

UQID53 WAOO 160000
PPDD  66008 96685 95678 10029 13029 13513 959// 23514 96135
23024 19524 26526 96679 26030 27525 26521 97046 24028 27529
25534 978// 26030 98012 21023 22012 15011 98457 12509 07028
01523 988// 36019 99012 32509 06017 05540 99467 11044 10546
10550 999// 10556 104// 08066=

NNNNN
