USID53 WAOO 150000
TTAA  65007 96685 99008 26219 28010 00091 25222 29513
92777 21606 27509 85504 17805 28009 70152 09806 13008
88999 77999 31313 73508 82330=

NNNNN

UKID53 WAOO 150000
TTBB  65008 96685 00008 26219 11954 22406 22774 15004 33713
09804 44692 09804 55637 06605 66597 03000 77541 00000 88510
02500 21212 00008 28010 11944 29010 22881 28507 33851 28009
44793 31005 55765 36006 66713 15505 77688 13505 88663 20508
99640 11004 11617 07008 22594 22509 33573 18508 44552 04006
55532 04008 66512 04513 31313 73508 82330 41414 6542/=

NNNNN

ULID53 WAOO 150000
TTCC  6500/ 96685 88999 77999 31313 73508 82330=

NNNNN

UEID53 WAOO 150000
TTDD  6500/ 96685 31313 73508 82330=

NNNNN

UPID53 WAOO 150000
PPAA  65008 96685 55285 28009 13008 77999=

NNNNN

UGID53 WAOO 150000
PPBB  65008 96685 90/24 28010 29010 28507 90578 28009 31005
36006 91012 15505 13505 20508 91345 11004 07008 22509 91678
18508 04006 04008 919// 04513=

NNNNN

UHID53 WAOO 150000
PPCC  65008 96685 77999=

NNNNN

UQID53 WAOO 150000
PPDD  65008 96685=

NNNNN
