USID53 WAOO 050000
TTAA  55001 96685 99007 25612 12002 00079 25217 12503
92768 22425 22004 85500 19030 03001 70145 10246 33504
50586 05157 08511 40758 14760 04017 30971 28962 06512
25099 39743 07022 20246 51957 07529 15425 68150 08031
10658 81156 09534 88111 81748 09515 77999 31313 73508
82330=

NNNNN

UKID53 WAOO 050000
TTBB  55008 96685 00007 25612 11970 25231 22686 09649 33635
05216 44576 00621 55563 00037 66545 01756 77523 03747 88511
04361 99502 04957 11490 05759 22477 07144 33456 08758 44448
09556 55436 10561 66382 16363 77349 21150 88334 23556 99325
24962 11285 32163 22262 37150 33227 45336 44224 46334 55220
47158 66219 47360 77177 59143 88120 79556 99111 81748 11100
81156 21212 00007 12002 11976 14501 22943 23003 33911 16003
44880 00000 55850 03001 66821 00001 77792 02001 88765 31007
99738 32007 11712 00505 22593 02007 33572 08011 44491 08010
55473 09513 66438 05010 77345 03011 88268 07515 99196 07528
11187 07530 22178 08029 33170 07529 44132 08030 55119 09017
66107 09517 77101 10031 31313 73508 82330 41414 25511=

NNNNN

ULID53 WAOO 050000
TTCC  55001 96685 70862 75964 24526 50063 68974 03508
30374 65382 31010 20628 55785 10015 10074 47987 08563
88510 68974 03006 88152 56984 16023 77999 31313 73508
82330=

NNNNN

UEID53 WAOO 050000
TTDD  5500/ 96685 11899 83350 22878 79959 33853 76761 44814
77160 55793 74163 66698 76164 77655 74766 88610 66173 99510
68974 11481 68775 22455 64180 33345 64982 44330 62983 55298
65582 66268 63583 77252 58584 88222 59384 99212 58984 11198
53785 22152 56984 33145 54185 44133 55585 55105 47387 66095
47195 21212 11864 05020 22820 11009 33779 24016 44667 25011
55634 26003 66603 27505 77574 22014 88546 19009 99519 02502
11494 02011 22470 33514 33447 27026 44405 23521 55368 29522
66350 28018 77302 31511 88288 29506 99261 25505 11249 30512
22216 26515 33206 18003 44196 08013 55187 35502 66179 31003
77171 20008 88163 16008 99155 16522 11135 08045 22123 07543
33117 08540 44112 08554 55098 08564 31313 73508 82330=

NNNNN

UPID53 WAOO 050000
PPAA  55008 96685 55385 03001 33504 08511 55340 04017
06512 07022 55320 07529 08031 09534 77999=

NNNNN

UGID53 WAOO 050000
PPBB  55008 96685 90/12 12002 14501 23003 90345 16003 00000
03001 90678 00001 02001 31007 909// 32007 91056 00505 02007
08011 92013 08010 09513 05010 929// 03011 935// 07515 94234
07528 07530 08029 945// 07529 95024 08030 09017 09517 955//
10031=

NNNNN

UHID53 WAOO 050000
PPCC  55008 96685 55370 24526 03508 31010 55220 10015
08563 77999=

NNNNN

UQID53 WAOO 050000
PPDD  55008 96685 9589/ 05020 11009 96034 24016 25011 26003
96567 27505 22014 19009 9689/ 02502 02011 97013 33514 27026
23521 97569 29522 28018 31511 98023 29506 25505 30512 98678
26515 18003 08013 989// 35502 99012 31003 20008 16008 99368
16522 08045 07543 999// 08540 1003/ 08554 08564=

NNNNN
