USID53 WAOO 140000
TTAA  64001 96685 99008 26825 00000 00091 25831 00001
92773 22838 01011 85502 18631 35009 70148 10029 27504
50588 05522 08507 40760 14358 08013 30973 29558 11021
25100 39560 11030 20249 51762 11549 15428 66558 08533
10662 84756 10513 88999 77999 31313 73508 82330=

NNNNN

UKID53 WAOO 140000
TTBB  64008 96685 00008 26825 11002 25831 22995 26842 33912
21622 44889 21050 55832 17419 66689 09845 77568 00016 88490
06323 99456 08356 11391 15159 22345 21765 33332 24157 44305
28756 55280 32962 66202 51162 77168 61957 88156 64559 99139
70156 11100 84756 21212 00008 00000 11944 02510 22881 36014
33850 35009 44821 29507 55793 30506 66765 25506 77713 28507
88687 20002 99663 18503 11639 10504 22594 12505 33572 12507
44551 14510 55531 13506 66492 08509 77474 07513 88439 05514
99406 08014 11360 07516 22346 10013 33305 10017 44257 11029
55236 11030 66206 11548 77188 11551 88155 09039 99147 08529
11140 08522 22126 08510 33114 00505 44108 00000 55102 11506
31313 73508 82330 41414 15511=

NNNNN

ULID53 WAOO 140000
TTCC  64002 96685 70864 70568 32015 50062 70772 28016
30372 60584 26529 20624 59584 17024 88859 88550 13524
88573 74170 23522 88146 59184 08023 77127 08070 31313
73508 82330=

NNNNN

UEID53 WAOO 140000
TTDD  6400/ 96685 11859 88550 22846 87157 33833 82560 44812
81159 55780 73764 66763 71365 77719 72965 88658 69571 99573
74170 11512 70772 22452 71972 33385 65982 44347 59184 55325
57984 66253 63383 77233 63383 88215 59384 99191 61783 11180
56185 22176 54385 33146 59184 44138 58584 55123 48587 21212
11968 10018 22917 14516 33868 14022 44780 09519 55741 03007
66704 32513 77669 29515 88637 23014 99575 23522 11519 28519
22403 27516 33332 28528 44316 27527 55287 28534 66273 26532
77261 24029 88225 23514 99195 16024 11177 08031 22169 07523
33154 06027 44140 09039 55127 08070 31313 73508 82330=

NNNNN

UPID53 WAOO 140000
PPAA  64008 96685 55385 35009 27504 08507 55340 08013
11021 11030 55320 11549 08533 10513 77999=

NNNNN

UGID53 WAOO 140000
PPBB  64008 96685 90/24 00000 02510 36014 90567 35009 29507
30506 908// 25506 91012 28507 20002 18503 91356 10504 12505
12507 9178/ 14510 13506 92013 08509 07513 05514 92589 08014
07516 10013 93268 10017 11029 11030 94137 11548 11551 09039
9489/ 08529 08522 95134 08510 00505 00000 955// 11506=

NNNNN

UHID53 WAOO 140000
PPCC  64008 96685 55370 32015 28016 26529 55120 17024
62912 08070=

NNNNN

UQID53 WAOO 140000
PPDD  64008 96685 95678 10018 14516 14022 96012 09519 03007
32513 96346 29515 23014 23522 968// 28519 97378 27516 28528
27527 98012 28534 26532 24029 9858/ 23514 16024 99013 08031
07523 06027 9957/ 09039 08070=

NNNNN
