USID53 WAOO 180000
TTAA  68001 96685 99010 25413 00000 00101 24617 00000
92787 21819 31006 85513 17836 29516 70156 10450 22508
50589 05127 12004 40761 14950 16007 30973 29749 10514
25100 39961 10516 20248 52958 10529 15426 68950 11537
10659 80357 08544 88107 83156 11558 77999 31313 73508
82329=

NNNNN

UKID53 WAOO 180000
TTBB  68008 96685 00010 25413 11723 11431 22695 10256 33606
03428 44556 00030 55464 08716 66437 10530 77342 22348 88296
30350 99259 37562 11176 60750 22107 83156 33100 80357 21212
00010 00000 11978 26509 22913 30508 33882 29013 44713 26011
55688 22010 66617 22009 77595 19505 88573 21005 99552 28001
11532 13507 22512 10505 33474 11008 44456 06005 55439 08003
66422 16003 77390 15008 88375 18007 99360 15006 11346 16011
22318 11012 33257 10510 44236 09519 55206 10527 66196 10030
77179 11026 88170 11025 99162 11533 11119 11046 22113 11050
33107 11558 44102 09047 31313 73508 82329 41414 25511=

NNNNN

ULID53 WAOO 180000
TTCC  68002 96685 70862 78363 30530 50060 65178 27524
30367 64383 28027 20619 59584 15012 88420 70581 29035
88148 59184 08535 77121 07571 31313 73508 82329=

NNNNN

UEID53 WAOO 180000
TTDD  6800/ 96685 11884 80558 22824 75962 33774 74963 44730
77762 55685 78563 66652 74766 77602 74166 88559 68772 99494
64180 11420 70581 22356 69781 33309 65782 44285 59784 55247
59784 66221 62783 77196 60584 88178 56785 99173 54985 11172
53185 22148 59184 33141 58184 44135 52786 55113 46787 21212
11964 07537 22913 06513 33866 20513 44822 12504 55780 34019
66740 32526 77702 30530 88667 31019 99633 27514 11601 29008
22571 29013 33544 25019 44492 27526 55446 29037 66364 26531
77347 27026 88299 28027 99258 26017 11246 28013 22235 25008
33213 31512 44203 17507 55193 13011 66184 20506 77176 09516
88168 09535 99146 08042 11139 07557 22127 07562 33121 07571
44115 07567 31313 73508 82329=

NNNNN

UPID53 WAOO 180000
PPAA  68008 96685 55385 29516 22508 12004 55340 16007
10514 10516 55320 10529 11537 08544 77999=

NNNNN

UGID53 WAOO 180000
PPBB  68008 96685 90/13 00000 26509 30508 904// 29013 91014
26011 22010 22009 91567 19505 21005 28001 9189/ 13507 10505
92123 11008 06005 08003 92467 16003 15008 18007 9289/ 15006
16011 93168 11012 10510 09519 94124 10527 10030 11026 9456/
11025 11533 95234 11046 11050 11558 955// 09047=

NNNNN

UHID53 WAOO 180000
PPCC  68008 96685 55370 30530 27524 28027 55120 15012
72939 07571=

NNNNN

UQID53 WAOO 180000
PPDD  68008 96685 95678 07537 06513 20513 959// 12504 96012
34019 32526 30530 96345 31019 27514 29008 96679 29013 25019
27526 97156 29037 26531 27026 979// 28027 98234 26017 28013
25008 98678 31512 17507 13011 989// 20506 99014 09516 09535
08042 99578 07557 07562 07571 999// 07567=

NNNNN
