USID53 WAOO 090000
TTAA  59001 96685 99009 25410 08002 00095 25012 03004
92775 21213 02512 85513 18625 32017 70156 10241 30017
50588 04528 05013 40761 14339 06011 30972 29150 09517
25100 39559 09517 20248 52756 11516 15427 68557 11023
10658 82358 08055 88103 84547 08054 77999 31313 73508
82330=

NNNNN

UKID53 WAOO 090000
TTBB  59008 96685 00009 25410 11936 21609 22928 21005 33924
21819 44689 09650 55660 07017 66567 00018 77538 03304 88518
02930 99428 10939 11315 26157 22294 30343 33276 33757 44249
39760 55212 49356 66183 57949 77174 60557 88131 75756 99103
84547 11100 82358 21212 00009 08002 11977 36009 22944 01511
33912 35013 44851 32017 55766 32014 66713 30016 77639 33516
88616 01013 99572 04011 11511 04515 22474 05513 33439 08011
44406 05512 55345 10016 66257 09517 77236 11516 88126 10527
99107 08054 11101 08057 31313 73508 82330 41414 25511=

NNNNN

ULID53 WAOO 090000
TTCC  59002 96685 70864 70370 28530 50062 67179 26514
30374 60184 25533 20627 56984 11526 88999 77999 31313
73508 82330=

NNNNN

UEID53 WAOO 090000
TTDD  5900/ 96685 11941 78960 22896 79959 33873 75364 44804
77163 55772 77564 66713 70770 77626 73772 88543 73572 99517
68377 11465 66182 22422 68981 33343 64383 44320 59384 55239
60783 66184 54185 77164 55185 21212 11963 09529 22913 15012
33867 27009 44823 27509 55781 02002 66742 35506 77704 28529
88670 27535 99605 25033 11546 27017 22447 28020 33425 25021
44349 28521 55287 24032 66249 22537 77237 20521 88226 22016
99215 13519 11205 13014 22196 10533 33187 11522 44170 02527
31313 73508 82330=

NNNNN

UPID53 WAOO 090000
PPAA  59008 96685 55385 32017 30017 05013 55340 06011
09517 09517 55320 11516 11023 08055 77999=

NNNNN

UGID53 WAOO 090000
PPBB  59008 96685 90/12 08002 36009 01511 90358 35013 32017
32014 91034 30016 33516 01013 9169/ 04011 04515 92135 05513
08011 05512 929// 10016 9368/ 09517 11516 95145 10527 08054
08057=

NNNNN

UHID53 WAOO 090000
PPCC  59008 96685 55370 28530 26514 25533 55120 11526
77999=

NNNNN

UQID53 WAOO 090000
PPDD  59008 96685 95678 09529 15012 27009 959// 27509 96012
02002 35506 28529 96357 27535 25033 27017 97126 28020 25021
28521 98034 24032 22537 20521 98567 22016 13519 13014 9889/
10533 11522 991// 02527=

NNNNN
