USID53 WAOO 040000
TTAA  54001 96685 99007 25813 09004 00078 26427 05506
92767 22210 06004 85502 18423 07502 70144 10046 11002
50587 05157 14506 40759 15764 13010 30971 29163 09510
25098 39539 04511 20246 51532 02525 15427 68156 02021
10659 82756 10508 88999 77999 31313 73508 82329=

NNNNN

UKID53 WAOO 040000
TTBB  54008 96685 00007 25813 11005 25815 22979 26032 33880
19612 44865 19439 55839 17612 66763 13450 77663 07436 88637
06857 99561 00856 11547 00056 22535 00960 33484 07148 44465
08557 55458 08762 66403 15165 77379 18150 88378 18336 99372
18559 11366 19362 22353 21363 33343 23161 44339 23757 55338
23956 66336 24350 77335 24358 88333 24558 99332 24744 11331
24556 22326 25357 33323 25563 44312 26971 55269 35358 66258
37758 77252 39150 88246 40357 99232 43526 11222 45760 22220
46363 33209 49150 44201 51332 55171 60356 66133 74757 77123
78956 88114 81750 99100 82756 21212 00007 09004 11975 04007
22943 06004 33911 02502 44880 11501 55820 00502 66792 14503
77765 16503 88738 12002 99712 11002 11687 21001 22663 17501
33639 19506 44593 16508 55572 17010 66531 16508 77473 12009
88456 13012 99405 14512 11389 09011 22359 09509 33345 09010
44331 07013 55292 08510 66268 07508 77257 05010 88215 03519
99187 02025 11139 03018 22126 04010 33119 09510 44102 09006
31313 73508 82329 41414 15411=

NNNNN

ULID53 WAOO 040000
TTCC  54003 96685 70863 72367 25013 50064 67170 22014
30375 62583 28018 88966 84156 13008 77999 31313 73508
82329=

NNNNN

UEID53 WAOO 040000
TTDD  5400/ 96685 11966 84156 22919 84756 33871 80958 44839
73564 55775 75562 66718 71567 77670 73366 88642 68170 99519
69167 11486 66370 22370 65573 33335 61783 44312 63383 55289
59184 66234 55985 21212 11962 13508 22864 09024 33779 09515
44740 19008 55703 24512 66668 23010 77635 31012 88575 28519
99547 24020 11495 21016 22448 13007 33426 33505 44406 30505
55386 23009 66368 21012 77350 19009 88333 27514 99318 30024
11288 27523 22262 34513 33238 30020 31313 73508 82329=

NNNNN

UPID53 WAOO 040000
PPAA  54008 96685 55385 07502 11002 14506 55340 13010
09510 04511 55320 02525 02021 10508 77999=

NNNNN

UGID53 WAOO 040000
PPBB  54008 96685 90/12 09004 04007 06004 90346 02502 11501
00502 90789 14503 16503 12002 91012 11002 21001 17501 91356
19506 16508 17010 918// 16508 92125 12009 13012 14512 92689
09011 09509 09010 93035 07013 08510 07508 936// 05010 94039
03519 02025 03018 95125 04010 09510 09006=

NNNNN

UHID53 WAOO 040000
PPCC  54008 96685 55370 25013 22014 28018 77999=

NNNNN

UQID53 WAOO 040000
PPDD  54008 96685 9568/ 13508 09024 96012 09515 19008 24512
96346 23010 31012 28519 9679/ 24020 21016 97123 13007 33505
30505 97456 23009 21012 19009 9778/ 27514 30024 98024 27523
34513 30020=

NNNNN
