USID53 WAOO 060000
TTAA  56001 96685 99009 25213 06004 00094 25423 06507
92782 23436 35005 85518 19636 29006 70166 10436 07002
50589 03158 12015 40762 15118 12510 30974 29736 09013
25101 40928 09013 20248 53156 06519 15427 67562 08026
10663 80161 08525 88999 77999 31313 73508 82330=

NNNNN

UKID53 WAOO 060000
TTBB  56008 96685 00009 25213 11003 25017 22978 25835 33786
16250 44674 08030 55629 06456 66554 00030 77527 02334 88507
02759 99440 10126 11380 17914 22344 22741 33293 31136 44266
36950 55248 41328 66242 42925 77232 45157 88179 59356 99150
67562 11124 75559 22100 80161 21212 00009 06004 11977 01511
22944 00509 33913 33504 44882 28005 55823 28006 66794 23505
77767 22504 88740 34002 99714 13003 11689 00001 22664 04507
33641 06010 44595 10009 55532 10006 66512 10016 77457 15517
88423 14011 99406 12509 11391 12511 22375 12013 33361 13009
44332 11510 55319 10512 66281 09011 77258 09514 88170 06022
99147 08027 11140 07530 22133 08533 33120 07031 44114 08028
55108 10536 66102 09532 31313 73508 82330 41414 15411=

NNNNN

ULID53 WAOO 060000
TTCC  56002 96685 70866 68569 25504 50065 65978 29516
30376 63983 21018 20629 56185 34515 88870 85758 05008
88597 74170 30005 88387 68182 26517 77999 31313 73508
82330=

NNNNN

UEID53 WAOO 060000
TTDD  5600/ 96685 11870 85758 22825 83159 33816 80161 44789
80559 55763 72965 66744 69966 77706 68369 88597 74170 99578
70773 11544 71372 22497 64979 33437 64183 44387 68182 55306
65582 66288 62183 77264 63383 88187 54185 99168 56185 11136
52586 22116 53585 21212 11970 07517 22920 04010 33871 05008
44825 14012 55743 19024 66707 20507 77672 31511 88639 32508
99577 27509 11548 28007 22521 31017 33496 28516 44450 30020
55388 26516 66334 25519 77288 20512 88262 16517 99249 15509
11238 28006 22216 23512 33206 30005 44196 33520 55187 31012
66179 27008 77171 15502 88163 13512 99155 11525 11148 09038
22141 07029 33135 07530 44116 09042 31313 73508 82330=

NNNNN

UPID53 WAOO 060000
PPAA  56008 96685 55385 29006 07002 12015 55340 12510
09013 09013 55320 06519 08026 08525 77999=

NNNNN

UGID53 WAOO 060000
PPBB  56008 96685 90/12 06004 01511 00509 90346 33504 28005
28006 90789 23505 22504 34002 91012 13003 00001 04507 91358
06010 10009 10006 919// 10016 92245 15517 14011 12509 92678
12511 12013 13009 93014 11510 10512 09011 936// 09514 94589
06022 08027 07530 95023 08533 07031 08028 9545/ 10536 09532=

NNNNN

UHID53 WAOO 060000
PPCC  56008 96685 55370 25504 29516 21018 55120 34515
77999=

NNNNN

UQID53 WAOO 060000
PPDD  56008 96685 95678 07517 04010 05008 959// 14012 96123
19024 20507 31511 96467 32508 27509 28007 9689/ 31017 28516
97147 30020 26516 25519 98023 20512 16517 15509 98467 28006
23512 30005 9889/ 33520 31012 99012 27008 15502 13512 99345
11525 09038 07029 9969/ 07530 09042=

NNNNN
