USID53 WAOO 190000
TTAA  69001 96685 99009 26205 03004 00096 25821 05001
92782 22633 24515 85518 18846 22019 70159 09228 21511
50588 04140 02506 40761 14158 06007 30973 29158 06502
25101 39557 08510 20250 52939 09523 15428 68356 11528
10660 83750 07537 88999 77999 31313 73508 82331=

NNNNN

UKID53 WAOO 190000
TTBB  69008 96685 00009 26205 11003 25210 22982 26026 33848
18847 44643 05006 55574 01234 66562 00030 77546 01916 88533
01542 99480 05756 11453 08933 22443 09357 33383 16156 44332
23750 55268 35561 66217 48320 77205 51719 88202 52335 99189
56329 11183 58146 22177 59932 33171 61756 44139 72344 55100
83750 21212 00009 03004 11977 25507 22945 26013 33822 22021
44740 22015 55713 22509 66664 20015 77640 21011 88617 22505
99594 19004 11573 01001 22551 31506 33531 34004 44511 00000
55492 04510 66474 02512 77422 06011 88406 07006 99346 09506
11319 00504 22306 34505 33293 08005 44281 11503 55258 09008
66247 08012 77226 10016 88188 09526 99147 11529 11140 12033
31313 73508 82331 41414 25211=

NNNNN

ULID53 WAOO 190000
TTCC  69002 96685 70864 76364 25024 50062 70772 25527
30371 63983 27033 20624 55585 09023 88957 84947 08031
88280 66182 28026 88167 58384 05541 77999 31313 73508
82331=

NNNNN

UEID53 WAOO 190000
TTDD  6900/ 96685 11957 84947 22946 81958 33837 79758 44817
76561 55694 76564 66654 72168 77548 73568 88500 70772 99464
72770 11378 64180 22366 65181 33352 62383 44325 61183 55280
66182 66270 66182 77255 60784 88207 55585 99191 54185 11167
58384 22154 52386 33115 52186 44102 48987 21212 11966 08033
22868 02016 33824 31013 44782 27019 55669 23011 66636 27015
77519 27026 88493 25028 99469 25031 11424 22524 22384 20011
33348 28528 44316 28033 55273 28519 66236 16014 77204 09523
88177 05541 99161 06521 11154 08036 22140 09548 33134 10049
44122 10059 55116 10047 66111 09559 77106 09067 31313 73508
82331=

NNNNN

UPID53 WAOO 190000
PPAA  69008 96685 55385 22019 21511 02506 55340 06007
06502 08510 55320 09523 11528 07537 77999=

NNNNN

UGID53 WAOO 190000
PPBB  69008 96685 90/12 03004 25507 26013 9069/ 22021 22015
91023 22509 20015 21011 91456 22505 19004 01001 91789 31506
34004 00000 92014 04510 02512 06011 9259/ 07006 09506 93123
00504 34505 08005 93467 11503 09008 08012 939// 10016 94389
09526 11529 12033=

NNNNN

UHID53 WAOO 190000
PPCC  69008 96685 55370 25024 25527 27033 55120 09023
77999=

NNNNN

UQID53 WAOO 190000
PPDD  69008 96685 95689 08033 02016 31013 96034 27019 23011
27015 9689/ 27026 25028 97024 25031 22524 20011 9768/ 28528
28033 98147 28519 16014 09523 99023 05541 06521 08036 99568
09548 10049 10059 999// 10047 1001/ 09559 09067=

NNNNN
