USID53 WAOO 110000
TTAA  61001 96685 99010 25415 08010 00106 26248 07007
92794 23244 04010 85531 18633 01512 70178 09837 25005
50589 05130 13014 40762 15323 10518 30973 30327 11027
25100 40532 07522 20248 52958 10523 15427 69156 11035
10662 77362 30018 88123 77758 12530 77999 31313 73508
82330=

NNNNN

UKID53 WAOO 110000
TTBB  61008 96685 00010 25415 11000 26248 22735 12856 33578
00024 44500 05130 55477 07550 66453 10313 77410 14708 88381
17150 99370 18737 11351 21558 22330 25159 33320 26750 44294
31327 55241 42731 66211 50148 77206 51358 88167 63150 99123
77758 11120 74561 22100 77362 21212 00010 08010 11979 06512
22946 02010 33914 03009 44883 02511 55824 00511 66795 03009
77768 00508 88741 30004 99618 16006 11596 15506 22574 12507
33553 13011 44332 12023 55319 12029 66306 12027 77246 07522
88187 11028 99179 12032 11139 11534 22126 12532 33113 04525
44108 35022 31313 73508 82330 41414 15531=

NNNNN

ULID53 WAOO 110000
TTCC  61002 96685 70865 78362 25018 50061 67570 26521
30373 65782 23518 20626 58584 29524 88900 79961 32514
88330 66182 22533 77999 31313 73508 82330=

NNNNN

UEID53 WAOO 110000
TTDD  6100/ 96685 11900 79961 22809 80560 33759 76763 44664
79961 55597 73765 66568 74564 77529 68369 88435 66173 99397
61576 11330 66182 22277 65782 33258 62983 44242 56785 55219
59584 66199 58184 77173 60784 88152 56785 99147 54585 11110
52586 21212 11969 29516 22872 33518 33784 32022 44706 25019
55636 27513 66603 29005 77573 30017 88544 30517 99518 27022
11446 27016 22425 29520 33367 24526 44350 24029 55333 23034
66302 23519 77287 22518 88248 11016 99236 04017 11226 01518
22215 33523 33195 28021 44178 29009 55169 26507 66161 17015
77154 11532 88134 09545 99122 09547 11110 09553 31313 73508
82330=

NNNNN

UPID53 WAOO 110000
PPAA  61008 96685 55385 01512 25005 13014 55340 10518
11027 07522 55320 10523 11035 30018 77999=

NNNNN

UGID53 WAOO 110000
PPBB  61008 96685 90/12 08010 06512 02010 90346 03009 02511
00511 90789 03009 00508 30004 91456 16006 15506 12507 917//
13011 93012 12023 12029 12027 937// 07522 94349 11028 12032
11534 95134 12532 04525 35022=

NNNNN

UHID53 WAOO 110000
PPCC  61008 96685 55370 25018 26521 23518 55120 29524
77999=

NNNNN

UQID53 WAOO 110000
PPDD  61008 96685 9568/ 29516 33518 96024 32022 25019 27513
96567 29005 30017 30517 968// 27022 97125 27016 29520 24526
97679 24029 23034 23519 98034 22518 11016 04017 98568 01518
33523 28021 99012 29009 26507 17015 99368 11532 09545 09547
100// 09553=

NNNNN
