USID53 WALL 040000
TTAA  54001 96633 99009 26008 24002 00088 25616 01502
92776 22417 05509 85511 18619 04005 70155 08814 20511
50587 05500 12509 40759 15950 02513 30970 28525 23006
25098 38933 25511 20247 51939 31004 15426 68350 14506
10659 83336 08519 88999 77999 31313 73508 82330=

NNNNN

UKID53 WALL 040000
TTBB  54008 96633 00009 26008 11960 24832 22910 21212 33767
14837 44708 09414 55581 00014 66567 01314 77560 00906 88538
04324 99515 05729 11505 05502 22487 05900 33431 12117 44416
13949 55391 16534 66373 18957 77316 26125 88275 33134 99193
53750 11160 64937 22132 74550 33100 83336 21212 00009 24002
11976 03010 22912 05010 33881 05007 44793 02002 55766 17503
66739 18007 77713 21010 88688 21008 99663 18004 11639 06504
22572 02503 33551 09008 44531 10508 55511 10007 66492 13510
77455 11015 88421 05509 99405 02513 11330 03513 22317 03506
33304 26004 44292 17504 55268 26006 66257 25511 77235 26012
88225 26006 99205 33503 11196 32503 22187 33001 33178 16003
44170 19004 55154 13004 66147 14003 77139 30005 88132 01504
99126 06005 11119 03009 22113 04015 33107 04019 44102 08015
31313 73508 82330 41414 29571=

NNNNN

ULID53 WALL 040000
TTCC  54002 96633 70862 70350 27515 50064 66949 24512
30377 61550 27022 20632 56547 21514 88909 86527 10021
77999 31313 73508 82330=

NNNNN

UEID53 WALL 040000
TTDD  5400/ 96633 11909 86527 22870 84150 33853 83940 44837
82344 55810 73160 66804 70961 77748 70957 88726 69159 99698
70550 11654 70758 22619 68358 33585 70549 44567 68759 55541
65757 66511 66357 77496 67141 88430 68958 99398 64556 11376
60358 22343 60941 33263 60137 44242 56156 55221 54950 66173
59334 21212 11911 10021 22818 05518 33778 19508 44739 21506
55703 27515 66668 24006 77635 19504 88604 32514 99574 32011
11546 25012 22495 24511 33471 28506 44448 29006 55426 22003
66386 20515 77350 27519 88262 29018 99250 33011 11217 34012
22207 27009 33197 21512 44180 19003 31313 73508 82330=

NNNNN

UPID53 WALL 040000
PPAA  54008 96633 55385 04005 20511 12509 55340 02513
23006 25511 55320 31004 14506 08519 77999=

NNNNN

UGID53 WALL 040000
PPBB  54008 96633 90/13 24002 03010 05010 90478 05007 02002
17503 909// 18007 91012 21010 21008 18004 91367 06504 02503
09008 9189/ 10508 10007 92024 13510 11015 05509 925// 02513
93012 03513 03506 26004 93356 17504 26006 25511 9389/ 26012
26006 94123 33503 32503 33001 94457 16003 19004 13004 9489/
14003 30005 95012 01504 06005 03009 95345 04015 04019 08015=

NNNNN

UHID53 WALL 040000
PPCC  54008 96633 55370 27515 24512 27022 55120 21514
77999=

NNNNN

UQID53 WALL 040000
PPDD  54008 96633 9579/ 10021 05518 96012 19508 21506 27515
96345 24006 19504 32514 96679 32011 25012 24511 97012 28506
29006 22003 9746/ 20515 27519 98236 29018 33011 34012 9878/
27009 21512 990// 19003=

NNNNN
