USID52 WIII 140000
TTAA  64001 96749 99009 25824 23004 00091 25222 24009
92777 22224 23514 85508 18016 23011 70152 09840 21505
50587 05122 18006 40759 15144 12013 30971 30356 07011
25098 40757 09012 20246 53556 07531 15425 66960 10060
10659 83944 10569 88999 77102 10569 31313 73508 82330=

NNNNN

UKID52 WIII 140000
TTBB  64008 96749 00009 25824 11769 12807 22740 12428 33671
07857 44563 00022 55477 07508 66460 09111 77454 09343 88443
10533 99426 11558 11388 16736 22371 18558 33308 29550 44276
34959 55213 50150 66179 58960 77152 66560 88116 78944 99100
83944 21212 00009 23004 11976 22513 22851 22511 33822 22508
44793 26505 55713 24505 66663 15505 77616 16006 88594 17510
99531 17011 11511 19507 22473 12009 33455 10512 44438 12015
55405 12016 66374 13511 77345 13006 88331 08508 99318 06012
11304 07014 22292 10006 33280 12006 44268 11011 55256 10511
66235 07521 77205 07028 88196 07533 99169 09557 11107 10567
22102 10569 31313 73508 82330 41414 24511=

NNNNN

ULID52 WIII 140000
TTCC  64002 96749 70862 72761 29519 50061 63966 30011
30376 61768 18517 20629 57969 00505 88982 84549 10571
77999 31313 73508 82330=

NNNNN

UEID52 WIII 140000
TTDD  6400/ 96749 11982 84549 22936 81759 33856 81156 44798
79957 55766 74762 66725 72162 77659 73960 88552 70763 99515
64570 11405 60568 22325 63965 33249 61168 44240 57970 55218
55572 66198 58369 77172 57372 21212 11866 07022 22821 11017
33779 10029 44740 02019 55703 30019 66634 24010 77602 15003
88572 01507 99544 33505 11518 34510 22493 30011 33469 29506
44447 11501 55426 35504 66405 33010 77368 28516 88318 20016
99275 18016 11262 25003 22249 33005 33227 34008 44216 29013
55206 31003 66197 03506 77188 14017 88179 13520 31313 73508
82330=

NNNNN

UPID52 WIII 140000
PPAA  64008 96749 55385 23011 21505 18006 55340 12013
07011 09012 55320 07531 10060 10569 71648 10569=

NNNNN

UGID52 WIII 140000
PPBB  64008 96749 90/15 23004 22513 22511 9067/ 22508 26505
91024 24505 15505 16006 91589 17510 17011 19507 92123 12009
10512 12015 92579 12016 13511 13006 93012 08508 06012 07014
93345 10006 12006 11011 9368/ 10511 07521 94125 07028 07533
09557 9545/ 10567 10569=

NNNNN

UHID52 WIII 140000
PPCC  64008 96749 55370 29519 30011 18517 55120 00505
77999=

NNNNN

UQID52 WIII 140000
PPDD  64008 96749 9589/ 07022 11017 96012 10029 02019 30019
96456 24010 15003 01507 96789 33505 34510 30011 97012 29506
11501 35504 97358 33010 28516 20016 98123 18016 25003 33005
98567 34008 29013 31003 9889/ 03506 14017 990// 13520=

NNNNN
