USID52 WIII 020000
TTAA  52001 96749 99009 24813 21002 00085 25830 24007
92769 21629 27521 85498 18263 27518 70137 10460 26014
50586 04356 28021 40759 15327 32012 30969 29942 04515
25096 40346 09030 20244 53350 10037 15423 67757 11056
10657 83358 09571 88999 77101 09571 77113 10570 31313
73508 82330=

NNNNN

UKID52 WIII 020000
TTBB  52008 96749 00009 24813 11006 25830 22913 20830 33868
19461 44808 15866 55769 13665 66745 11432 77729 10849 88712
11866 99682 08456 11634 05457 22626 06068 33623 05876 44618
05683 55611 04862 66594 03671 77567 01462 88560 01068 99547
00063 11544 00359 22511 03562 33500 04356 44473 06357 55430
11918 66358 20924 77301 29742 88209 50939 99181 58950 11170
62160 22146 69157 33132 73360 44100 83358 21212 00009 21002
11976 26512 22765 26514 33638 26012 44593 30516 55473 28023
66389 32010 77374 32508 88359 34505 99344 02505 11317 03004
22292 04519 33256 08526 44245 08531 55234 08530 66224 08029
77214 08533 88177 09547 99169 09552 11119 10568 22113 10570
33101 09571 31313 73508 82330 41414 34431=

NNNNN

ULID52 WIII 020000
TTCC  52003 96749 70863 67967 26530 50061 71569 21016
30377 60784 34005 88934 86757 10068 88582 72767 22529
88343 61583 17502 77999 31313 73508 82330=

NNNNN

UEID52 WIII 020000
TTDD  5200/ 96749 11934 86757 22919 85558 33895 77165 44810
76762 55794 73365 66749 72164 77734 68567 88582 72767 99515
72568 11398 58183 22343 61583 33277 61383 44229 58584 21212
11960 09566 22909 10057 33863 08529 44819 01025 55778 35515
66740 26014 77703 26529 88669 25038 99574 22529 11519 22523
22493 20514 33469 19510 44446 15002 55425 07006 66405 34508
77386 31010 88368 28507 99351 18004 11334 30505 22318 02509
33303 34007 44289 00001 55276 33505 66250 25505 77239 23510
31313 73508 82330=

NNNNN

UPID52 WIII 020000
PPAA  52008 96749 55385 27518 26014 28021 55340 32012
04515 09030 55320 10037 11056 09571 71652 09571 71589
10570=

NNNNN

UGID52 WIII 020000
PPBB  52008 96749 90/18 21002 26512 26514 9135/ 26012 30516
92167 28023 32010 32508 9289/ 34505 02505 93136 03004 04519
08526 93789 08531 08530 08029 94045 08533 09547 09552 95235
10568 10570 09571=

NNNNN

UHID52 WIII 020000
PPCC  52008 96749 55370 26530 21016 34005 77999=

NNNNN

UQID52 WIII 020000
PPDD  52008 96749 95678 09566 10057 08529 959// 01025 96012
35515 26014 26529 96368 25038 22529 22523 969// 20514 97012
19510 15002 07006 97345 34508 31010 28507 97678 18004 30505
02509 979// 34007 98013 00001 33505 25505 984// 23510=

NNNNN
