USID52 WIII 180000
TTAA  68001 96749 99008 24013 24006 00078 23814 23511
92758 21220 26531 85488 18025 27025 70129 10856 27515
50585 04507 35513 40759 13920 19005 30971 28526 20009
25099 38930 18011 20247 52537 20013 15426 68956 11020
10658 80950 08056 88105 84123 09573 77113 10073 77107
09573 31313 73508 82329=

NNNNN

UKID52 WIII 180000
TTBB  68008 96749 00008 24013 11893 20432 22781 13814 33712
11856 44560 00008 55460 07711 66373 17120 77310 26727 88251
38729 99168 62737 11151 68756 22105 84123 33100 80950 21212
00008 24006 11942 26029 22910 26533 33879 26527 44711 27018
55661 31009 66638 31512 77615 29508 88592 27509 99571 28510
11550 33507 22529 35509 33510 36014 44472 35507 55454 04003
66437 03005 77420 35007 88404 18503 99389 11502 11373 19505
22359 14002 33345 16001 44331 29505 55317 20507 66304 21009
77292 20010 88268 21012 99235 18508 11215 19010 22196 20513
33154 11018 44146 10526 55132 09556 66113 10073 77107 09573
31313 73508 82329 41414 34521=

NNNNN

ULID52 WIII 180000
TTCC  68002 96749 70862 74528 36004 50062 69123 20504
30378 55756 31511 20632 59758 07002 88214 62549 32511
77999 31313 73508 82329=

NNNNN

UEID52 WIII 180000
TTDD  6800/ 96749 11931 78350 22890 79928 33825 77543 44792
77928 55745 73950 66716 74729 77690 73140 88661 73922 99638
70356 11608 70334 22568 69556 33519 69119 44481 68139 55429
67121 66379 60750 77358 58731 88325 55558 99266 57150 11248
57550 22242 58957 33214 62549 44209 62545 55201 60158 66194
57159 77179 56357 88174 53759 99163 55557 21212 11913 09022
22780 13027 33740 16008 44703 36005 55668 12011 66634 02019
77604 32016 88545 22023 99519 20014 11493 21006 22469 34005
33424 35507 44404 08504 55385 11513 66350 13010 77334 12506
88318 29503 99304 32512 11290 28009 22276 28516 33251 23508
44240 25005 55228 34508 66218 30513 77207 29509 88197 11508
99180 09523 11163 10022 31313 73508 82329=

NNNNN

UPID52 WIII 180000
PPAA  68008 96749 55385 27025 27515 35513 55340 19005
20009 18011 55320 20013 11020 08056 71590 10073 71621
09573=

NNNNN

UGID52 WIII 180000
PPBB  68008 96749 90/23 24006 26029 26533 904// 26527 91023
27018 31009 31512 91456 29508 27509 28510 91789 33507 35509
36014 92123 35507 04003 03005 92456 35007 18503 11502 92789
19505 14002 16001 93012 29505 20507 21009 93358 20010 21012
18508 94027 19010 20513 11018 948// 10526 95034 09556 10073
09573=

NNNNN

UHID52 WIII 180000
PPCC  68008 96749 55370 36004 20504 31511 55120 07002
77999=

NNNNN

UQID52 WIII 180000
PPDD  68008 96749 957// 09022 96012 13027 16008 36005 96345
12011 02019 32016 96789 22023 20014 21006 97023 34005 35507
08504 97467 11513 13010 12506 9789/ 29503 32512 98013 28009
28516 23508 98456 25005 34508 30513 9878/ 29509 11508 9902/
09523 10022=

NNNNN
