USID52 WIII 181200
TTAA  68121 96749 99007 27645 23004 00069 27244 23014
92753 21814 26519 85485 18034 27530 70127 08812 27012
50586 03728 02514 40759 13556 03023 30972 28350 06502
25100 38357 17004 20249 51359 09524 15429 66947 09046
10662 85142 08570 88999 77108 09576 77102 08573 31313
73508 81129=

NNNNN

UKID52 WIII 181200
TTBB  68128 96749 00007 27645 11915 21012 22797 15635 33701
09012 44634 06420 55553 00017 66482 05531 77470 05756 88461
06931 99452 07956 11435 09730 22427 10556 33356 19142 44336
22716 55270 34161 66257 37159 77253 37956 88249 38360 99234
42363 11216 46957 22206 49559 33167 60939 44131 73956 55100
85142 21212 00007 23004 11974 25012 22878 27526 33849 27530
44819 27530 55791 27529 66711 27013 77686 26509 88637 28513
99592 36008 11571 02512 22550 00511 33389 03021 44359 01015
55331 05006 66318 03004 77305 04003 88293 09005 99280 10502
11269 00001 22257 19501 33236 13002 44225 10007 55206 08522
66179 09539 77126 09048 88120 09053 99108 09576 11102 08573
31313 73508 81129 41414 54421=

NNNNN

ULID52 WIII 181200
TTCC  68122 96749 70863 73762 16002 50063 67572 13511
30378 58984 30518 20633 53985 10521 88986 85741 08068
88238 60384 22014 77999 31313 73508 81129=

NNNNN

UEID52 WIII 181200
TTDD  6812/ 96749 11986 85741 22960 83756 33911 84350 44880
81557 55775 80157 66726 74961 77618 73363 88596 69168 99555
69967 11470 64775 22410 65777 33404 65977 44388 59584 55343
61583 66319 58384 77273 56185 88238 60384 99219 59184 11192
51586 22137 51799 21212 11968 07563 22917 07058 33869 10041
44781 10023 55742 08013 66704 17003 77669 05510 88636 33522
99604 29019 11574 18016 22546 14026 33519 16008 44494 12514
55447 10506 66426 08003 77406 09010 88386 04015 99368 05017
11351 01514 22334 36018 33263 23519 44228 23013 55218 16012
66189 07512 77180 02010 88172 04511 99164 05017 11157 09033
22143 09532 31313 73508 81129=

NNNNN

UPID52 WIII 181200
PPAA  68128 96749 55385 27530 27012 02514 55340 03023
06502 17004 55320 09524 09046 08570 71620 09576 71651
08573=

NNNNN

UGID52 WIII 181200
PPBB  68128 96749 90/14 23004 25012 27526 90567 27530 27530
27529 91013 27013 26509 28513 91567 36008 02512 00511 9268/
03021 01015 93012 05006 03004 04003 93345 09005 10502 00001
93689 19501 13002 10007 9414/ 08522 09539 95124 09048 09053
09576 955// 08573=

NNNNN

UHID52 WIII 181200
PPCC  68128 96749 55370 16002 13511 30518 55120 10521
77999=

NNNNN

UQID52 WIII 181200
PPDD  68128 96749 95678 07563 07058 10041 96012 10023 08013
17003 96345 05510 33522 29019 96678 18016 14026 16008 969//
12514 97123 10506 08003 09010 97456 04015 05017 01514 977//
36018 98256 23519 23013 16012 989// 07512 99012 02010 04511
05017 9935/ 09033 09532=

NNNNN
