USID52 WIII 070000
TTAA  57001 96749 99008 26428 22008 00082 25827 24005
92768 22637 25015 85501 18633 25012 70145 09857 26007
50587 04161 32504 40760 14357 06006 30972 29542 05005
25099 39758 01503 20248 52763 07006 15426 68746 10522
10660 80957 05524 88999 77999 31313 73508 82329=

NNNNN

UKID52 WIII 070000
TTBB  57008 96749 00008 26428 11733 11423 22704 09856 33684
08833 44611 04039 55591 02858 66555 00039 77544 01131 88538
01156 99525 02749 11515 03159 22496 04162 33484 05362 44478
06158 55457 08739 66447 09357 77426 11333 88413 12558 99384
16543 11319 25756 22282 33143 33226 45762 44171 61560 55151
68548 66129 75556 77100 80957 21212 00008 22008 11976 25011
22765 25511 33712 24007 44687 23507 55663 29010 66616 28509
77551 33509 88531 34012 99492 34507 11474 32508 22456 33010
33438 30004 44422 00505 55405 03506 66331 03501 77318 08504
88280 07003 99269 36002 11257 00503 22246 03504 33225 01008
44215 35008 55206 02006 66187 11006 77170 10015 88139 09527
99113 08050 11102 05026 31313 73508 82329 41414 34421=

NNNNN

ULID52 WIII 070000
TTCC  57002 96749 70861 78958 00000 50060 66776 26510
30373 58584 28505 20630 54785 32005 88872 85949 06521
77999 31313 73508 82329=

NNNNN

UEID52 WIII 070000
TTDD  5700/ 96749 11872 85949 22818 80559 33786 77959 44726
77159 55682 80357 66626 70765 77513 68173 88490 65177 99344
65182 11285 56385 22238 58984 33210 54985 44150 58184 21212
11866 06521 22821 02014 33779 04506 44739 08508 55701 04501
66665 26008 77631 23505 88600 15504 99571 29011 11543 29015
22516 26514 33491 29007 44468 29013 55445 30007 66424 25007
77366 30011 88332 30012 99316 23511 11301 30006 22287 17007
33261 24511 44249 26017 55227 23019 66216 14002 77206 34503
88197 36004 99188 17507 11179 15006 22171 00001 33163 10507
44155 09519 31313 73508 82329=

NNNNN

UPID52 WIII 070000
PPAA  57008 96749 55385 25012 26007 32504 55340 06006
05005 01503 55320 07006 10522 05524 77999=

NNNNN

UGID52 WIII 070000
PPBB  57008 96749 90/18 22008 25011 25511 91012 24007 23507
29010 91478 28509 33509 34012 92012 34507 32508 33010 92345
30004 00505 03506 93014 03501 08504 07003 93567 36002 00503
03504 939// 01008 94013 35008 02006 11006 9459/ 10015 09527
9535/ 08050 05026=

NNNNN

UHID52 WIII 070000
PPCC  57008 96749 55370 00000 26510 28505 55120 32005
77999=

NNNNN

UQID52 WIII 070000
PPDD  57008 96749 9589/ 06521 02014 96012 04506 08508 04501
96345 26008 23505 15504 96678 29011 29015 26514 969// 29007
97012 29013 30007 25007 97578 30011 30012 23511 979// 30006
98023 17007 24511 26017 98567 23019 14002 34503 9889/ 36004
17507 99012 15006 00001 10507 993// 09519=

NNNNN
