USID52 WIII 060000
TTAA  56001 96749 99008 24629 20003 00081 25046 21506
92768 23058 22523 85500 17031 21012 70145 10256 15505
50587 05357 17513 40760 14157 30503 30971 29756 06007
25098 40357 02515 20246 52764 04517 15425 68156 07525
10659 81156 04009 88999 77999 31313 73508 82330=

NNNNN

UKID52 WIII 060000
TTBB  56008 96749 00008 24629 11974 25858 22853 17434 33766
13846 44632 04835 55580 01650 66572 01660 77563 01061 88559
00656 99552 00048 11547 00361 22523 02763 33505 04960 44483
07712 55478 06747 66468 07737 77460 06958 88382 16950 99356
19959 11330 24550 22270 35560 33240 42956 44219 47758 55213
49164 66178 59356 77130 74756 88121 77750 99109 77158 11100
81156 21212 00008 20003 11975 23018 22880 23017 33850 21012
44792 22509 55765 19010 66712 18510 77687 18007 88662 20505
99638 17507 11616 21005 22593 19006 33572 18511 44492 17513
55473 19514 66455 20012 77438 21006 88421 24007 99405 29503
11389 33503 22374 00000 33359 08001 44345 01509 55331 35503
66318 03003 77280 06512 88246 02514 99225 03013 11215 01009
22196 04519 33170 05524 44162 07527 55146 07525 66139 07030
77113 08031 88102 04011 31313 73508 82330 41414 24511=

NNNNN

ULID52 WIII 060000
TTCC  56002 96749 70859 78759 13009 50059 67774 30505
30374 60184 23007 20630 53785 09508 88898 84556 12012
77999 31313 73508 82330=

NNNNN

UEID52 WIII 060000
TTDD  5600/ 96749 11898 84556 22863 84556 33839 81358 44743
81956 55720 81957 66643 69566 77513 68373 88419 61783 99315
61383 11287 58384 22246 59784 33200 53785 21212 11912 10509
22865 12020 33777 06511 44737 33005 55698 13010 66663 10006
77630 25515 88543 17016 99491 29006 11467 32510 22404 26513
33366 21512 44349 22006 55332 20005 66317 27012 77302 22007
88288 27013 99274 29529 11261 26532 22238 25016 33226 21007
44216 11009 55206 11511 31313 73508 82330=

NNNNN

UPID52 WIII 060000
PPAA  56008 96749 55385 21012 15505 17513 55340 30503
06007 02515 55320 04517 07525 04009 77999=

NNNNN

UGID52 WIII 060000
PPBB  56008 96749 90/14 20003 23018 23017 90578 21012 22509
19010 91012 18510 18007 20505 91345 17507 21005 19006 916//
18511 92012 17513 19514 20012 92345 21006 24007 29503 92678
33503 00000 08001 929// 01509 93014 35503 03003 06512 9379/
02514 03013 94025 01009 04519 05524 94689 07527 07525 07030
9535/ 08031 04011=

NNNNN

UHID52 WIII 060000
PPCC  56008 96749 55370 13009 30505 23007 55120 09508
77999=

NNNNN

UQID52 WIII 060000
PPDD  56008 96749 9578/ 10509 12020 96012 06511 33005 13010
96347 10006 25515 17016 969// 29006 97035 32510 26513 21512
97678 22006 20005 27012 979// 22007 98012 27013 29529 26532
98456 25016 21007 11009 987// 11511=

NNNNN
