USID52 WIII 200000
TTAA  70001 96749 99007 24611 23004 00073 24615 23007
92757 21212 29528 85484 17815 30527 70129 09213 31027
50585 05303 32004 40758 14121 15010 30970 28729 10519
25097 38756 11017 20246 52159 13514 15425 68742 08531
10656 86124 10583 88999 77113 11572 31313 73508 82330=

NNNNN

UKID52 WIII 200000
TTBB  70008 96749 00007 24611 11861 18618 22616 03409 33550
00016 44388 15523 55285 31145 66224 45159 77189 55560 88170
61550 99127 76550 11100 86124 21212 00007 23004 11975 26017
22942 30026 33737 31525 44711 31530 55661 30028 66592 30519
77571 34015 88529 33504 99510 00501 11491 24003 22472 15006
33437 15509 44420 15509 55404 14512 66373 16014 77304 10518
88268 10519 99196 13010 11162 09026 22154 09029 33132 09545
44113 11572 31313 73508 82330 41414 4442/=

NNNNN

ULID52 WIII 200000
TTCC  70005 96749 70858 73357 06511 50060 65358 18513
88990 86525 10582 77908 09071 31313 73508 82330=

NNNNN

UEID52 WIII 200000
TTDD  7000/ 96749 11990 86525 22976 85342 33908 85928 44869
81956 55834 77757 66800 78149 77694 73757 88664 71758 99648
67161 11608 68758 22473 63159 33301 61357 21212 11908 09071
22815 11540 33735 09521 44663 05019 55631 36022 66600 30524
77492 18513 88447 14508 99425 00001 11405 31514 22386 28513
33334 27015 44318 26012 55303 21512 31313 73508 82330=

NNNNN

UPID52 WIII 200000
PPAA  70008 96749 55385 30527 31027 32004 55340 15010
10519 11017 55320 13514 08531 10583 71589 11572=

NNNNN

UGID52 WIII 200000
PPBB  70008 96749 90/12 23004 26017 30026 909// 31525 91025
31530 30028 30519 91689 34015 33504 00501 92013 24003 15006
15509 92457 15509 14512 16014 9325/ 10518 10519 94267 13010
09026 09029 9503/ 09545 11572=

NNNNN

UHID52 WIII 200000
PPCC  70008 96749 55270 06511 18513 71710 09071=

NNNNN

UQID52 WIII 200000
PPDD  70008 96749 9579/ 09071 11540 96134 09521 05019 36022
9659/ 30524 18513 97123 14508 00001 31514 97478 28513 27015
26012 979// 21512=

NNNNN
