USID52 WIII 170000
TTAA  67001 96749 99009 26019 36002 00081 25820 27007
92768 21612 28516 85498 18631 29016 70149 10232 24016
50588 04514 23510 40761 14535 13005 30972 29326 00506
25100 39935 33512 20248 52739 08507 15427 68757 07543
10660 80957 08037 88111 81156 09060 77999 31313 73508
82333=

NNNNN

UKID52 WIII 170000
TTBB  67008 96749 00009 26019 11910 20608 22766 14639 33556
00021 44525 01728 55461 08309 66431 10936 77380 17330 88371
18156 99333 24316 11295 30130 22219 46749 33205 50930 44187
56730 55181 58550 66130 74757 77111 81156 88100 80957 21212
00009 36002 11976 29515 22792 27014 33765 23018 44594 23511
55572 23009 66551 19505 77511 23506 88492 24510 99474 22509
11456 19010 22439 14006 33422 12509 44374 16008 55345 10006
66332 04514 77318 03013 88305 35508 99292 34010 11280 32511
22269 34511 33236 34514 44225 01511 55206 08009 66196 07508
77187 05508 88179 05014 99170 08517 11162 06527 22132 08557
33107 08561 31313 73508 82333 41414 34521=

NNNNN

ULID52 WIII 170000
TTCC  67003 96749 70864 71962 30508 50065 66563 27511
30378 56385 09007 88999 77999 31313 73508 82333=

NNNNN

UEID52 WIII 170000
TTDD  6700/ 96749 11969 78959 22865 82956 33747 72961 44664
73960 55632 68366 66549 65764 77464 68162 88376 64167 99344
59775 11320 60180 22302 56785 33277 55385 44239 57984 21212
11965 06522 22868 09017 33823 06533 44781 02015 55741 04505
66704 32007 77636 18513 88605 33004 99576 32012 11548 27014
22522 23009 33496 27510 44472 23006 55407 22005 66387 24503
77369 06003 88351 05507 99335 28002 11319 09012 22304 05507
33290 10513 44277 03510 55264 04005 66251 24005 77239 23510
31313 73508 82333=

NNNNN

UPID52 WIII 170000
PPAA  67008 96749 55385 29016 24016 23510 55340 13005
00506 33512 55320 08507 07543 08037 77999=

NNNNN

UGID52 WIII 170000
PPBB  67008 96749 90/17 36002 29515 27014 908// 23018 91567
23511 23009 19505 919// 23506 92012 24510 22509 19010 92347
14006 12509 16008 929// 10006 93012 04514 03013 35508 93345
34010 32511 34511 9389/ 34514 01511 94123 08009 07508 05508
94456 05014 08517 06527 9504/ 08557 08561=

NNNNN

UHID52 WIII 170000
PPCC  67008 96749 55370 30508 27511 09007 77999=

NNNNN

UQID52 WIII 170000
PPDD  67008 96749 95689 06522 09017 06533 96012 02015 04505
32007 96456 18513 33004 32012 96789 27014 23009 27510 97034
23006 22005 24503 97567 06003 05507 28002 9789/ 09012 05507
98012 10513 03510 04005 9834/ 24005 23510=

NNNNN
