USID52 WIII 050000
TTAA  55001 96749 99009 27444 24004 00084 27250 24008
92773 23045 24020 85506 18649 23515 70146 09246 23515
50586 05525 23507 40758 16124 19504 30970 29359 12508
25097 39759 08509 20245 52959 07016 15424 68358 06029
10657 82747 11526 88102 83142 12030 77999 31313 73508
82330=

NNNNN

UKID52 WIII 050000
TTBB  55008 96749 00009 27444 11840 17837 22819 17257 33807
16033 44795 15857 55641 05647 66619 03412 77568 00020 88543
00747 99435 12307 11413 14335 22390 17705 33351 21344 44322
25559 55293 30758 66275 33962 77240 42557 88210 50361 99194
54757 11182 57763 22133 73358 33117 78945 44102 83142 55100
82747 21212 00009 24004 11944 24019 22572 20513 33530 22505
44510 24509 55491 20513 66473 22009 77455 19505 88438 22505
99404 21004 11388 17506 22373 13511 33317 12016 44292 13008
55279 12510 66268 11508 77245 08009 88235 08511 99214 11013
11178 04517 22139 07529 33132 09531 44113 08532 55107 10027
66101 11528 31313 73508 82330 41414 34521=

NNNNN

ULID52 WIII 050000
TTCC  55001 96749 70858 76763 24016 50056 65776 26515
30371 58984 17018 20626 57784 18016 10075 49586 08561
88140 54185 11523 77999 31313 73508 82330=

NNNNN

UEID52 WIII 050000
TTDD  5500/ 96749 11886 82950 22847 81556 33835 77959 44724
78761 55684 74165 66539 71373 77507 65776 88428 62783 99355
64982 11316 59184 22256 56585 33218 59984 44164 50786 55140
54185 66116 48787 77089 49986 21212 11862 09026 22817 10010
33775 24503 44736 26014 55630 22515 66598 23005 77569 32517
88489 25012 99465 24509 11443 21009 22402 27013 33365 21519
44331 20521 55286 14511 66273 29003 77248 27526 88237 25532
99205 22512 11196 15516 22187 13509 33178 10506 44170 16501
55162 09514 66141 12523 77135 09027 88129 09534 99117 08046
11112 08551 22093 08561 31313 73508 82330=

NNNNN

UPID52 WIII 050000
PPAA  55008 96749 55385 23515 23515 23507 55340 19504
12508 08509 55320 07016 06029 11526 77999=

NNNNN

UGID52 WIII 050000
PPBB  55008 96749 90/2/ 24004 24019 91689 20513 22505 24509
92012 20513 22009 19505 92356 22505 21004 17506 927// 13511
93134 12016 13008 12510 93578 11508 08009 08511 94049 11013
04517 07529 95034 09531 08532 10027 955// 11528=

NNNNN

UHID52 WIII 050000
PPCC  55008 96749 55370 24016 26515 17018 55220 18016
08561 77999=

NNNNN

UQID52 WIII 050000
PPDD  55008 96749 9589/ 09026 10010 96014 24503 26014 22515
96569 23005 32517 25012 97013 24509 21009 27013 9757/ 21519
20521 98013 14511 29003 27526 98478 25532 22512 15516 989//
13509 99012 10506 16501 09514 99567 12523 09027 09534 999//
08046 1004/ 08551 08561=

NNNNN
