USID52 WIII 030000
TTAA  53001 96749 99009 23411 23002 00092 26657 24505
92781 22650 25508 85504 17012 25007 70148 09656 25013
50587 03561 26020 40759 16550 25023 30970 30359 02516
25098 40161 07511 20245 53156 06513 15424 68556 10537
10658 80758 06021 88999 77999 31313 73508 82331=

NNNNN

UKID52 WIII 030000
TTBB  53008 96749 00009 23411 11008 25643 22989 26658 33962
24233 44798 14010 55788 14250 66772 13859 77754 13257 88737
12461 99716 11262 11712 10657 22699 09656 33671 08462 44632
05259 55606 03867 66603 03871 77598 03463 88552 00057 99520
02756 11508 02962 22464 08357 33446 09761 44405 15950 55370
19157 66327 25948 77321 26342 88316 26957 99268 36164 11222
47156 22217 48558 33208 51147 44154 67157 55138 72550 66109
80157 77100 80758 21212 00009 23002 11944 25512 22912 25007
33881 27009 44851 25007 55821 30503 66793 25510 77739 22512
88663 26013 99594 29019 11551 27021 22405 25523 33389 22016
44374 16505 55359 18507 66331 05007 77305 02013 88256 05511
99245 07513 11215 03513 22187 09021 33161 09028 44154 10033
55139 11043 66132 11549 77119 11054 88113 09545 99101 06023
31313 73508 82331 41414 24431=

NNNNN

ULID52 WIII 030000
TTCC  53002 96749 70859 73763 21017 50059 64177 02506
30375 57984 25014 20630 58384 27011 88825 84357 19516
77999 31313 73508 82331=

NNNNN

UEID52 WIII 030000
TTDD  5300/ 96749 11922 80159 22825 84357 33750 82758 44736
81559 55718 74764 66505 64377 77411 64383 88323 58184 99255
59584 11181 58784 22148 52386 21212 11963 02516 22913 29009
33865 23009 44820 20016 55776 26511 66736 23006 77699 21017
88664 22017 99631 18515 11600 28006 22570 22507 33542 22504
44516 35503 55491 05508 66468 32013 77385 29015 88366 26012
99349 28009 11333 28514 22317 23012 33275 25020 44262 21511
55238 26007 66227 22007 77217 29015 88206 29015 99179 19012
11170 11016 22155 13522 33148 11025 31313 73508 82331=

NNNNN

UPID52 WIII 030000
PPAA  53008 96749 55385 25007 25013 26020 55340 25023
02516 07511 55320 06513 10537 06021 77999=

NNNNN

UGID52 WIII 030000
PPBB  53008 96749 90/23 23002 25512 25007 90456 27009 25007
30503 9079/ 25510 22512 91257 26013 29019 27021 92567 25523
22016 16505 928// 18507 93026 05007 02013 05511 937// 07513
94036 03513 09021 09028 9479/ 10033 11043 95023 11549 11054
09545 955// 06023=

NNNNN

UHID52 WIII 030000
PPCC  53008 96749 55370 21017 02506 25014 55120 27011
77999=

NNNNN

UQID52 WIII 030000
PPDD  53008 96749 95678 02516 29009 23009 959// 20016 96012
26511 23006 21017 96345 22017 18515 28006 96678 22507 22504
35503 969// 05508 97045 32013 29015 26012 97678 28009 28514
23012 98124 25020 21511 26007 98567 22007 29015 29015 99013
19012 11016 13522 994// 11025=

NNNNN
