USID52 WIII 171200
TTAA  67121 96749 99006 25620 22004 00062 25632 23007
92748 22620 27511 85484 18419 28510 70126 10627 22515
50586 03710 27007 40760 12921 23013 30973 28559 02011
25101 38156 28017 20250 51533 02503 15430 67544 08542
88999 77999 31313 73508 81130=

NNNNN

UKID52 WIII 171200
TTBB  67128 96749 00006 25620 11984 26039 22804 15208 33661
09044 44560 00013 55496 03910 66390 13721 77355 18323 88350
18723 99346 20730 11341 22550 22293 29560 33278 32557 44215
47134 55184 56136 66170 60357 77127 76332 21212 00006 22004
11973 25514 22941 26009 33878 29511 44737 27020 55711 23519
66638 21012 77593 25514 88550 22513 99510 25005 11491 29507
22473 30014 33421 27015 44405 23513 55374 22004 66360 01002
77346 07514 88332 03512 99318 03514 11305 01510 22293 34512
33281 31508 44269 30514 55258 27514 66236 27516 77226 26514
88216 30008 99206 27006 11197 01003 22188 00506 33171 07518
44155 08528 55148 09046 66140 09547 77133 09058 31313 73508
81130 41414 7947/=

NNNNN

ULID52 WIII 171200
TTCC  6712/ 96749 88999 77999 31313 73508 81130=

NNNNN

UEID52 WIII 171200
TTDD  6712/ 96749 31313 73508 81130=

NNNNN

UPID52 WIII 171200
PPAA  67128 96749 55385 28510 22515 27007 55340 23013
02011 28017 55220 02503 08542 77999=

NNNNN

UGID52 WIII 171200
PPBB  67128 96749 90/12 22004 25514 26009 9049/ 29511 27020
91035 23519 21012 25514 9179/ 22513 25005 92014 29507 30014
27015 92578 23513 22004 01002 929// 07514 93012 03512 03514
01510 93345 34512 31508 30514 93689 27514 27516 26514 94012
30008 27006 01003 94357 00506 07518 08528 9489/ 09046 09547
950// 09058=

NNNNN

UHID52 WIII 171200
PPCC  67128 96749 77999=

NNNNN

UQID52 WIII 171200
PPDD  67128 96749=

NNNNN
