USID52 WIII 020000
TTAA  52001 96749 99007 27230 35006 00066 27035 32007
92752 22005 33016 85490 18808 32516 70125 07037 27036
50583 05919 33512 40755 15928 06519 30966 29327 10533
25094 39741 12033 20242 51550 13554 15422 67738 10553
10654 85336 09572 88100 85336 09572 77106 09568 31313
73508 82330=

NNNNN

UKID52 WIII 020000
TTBB  52008 96749 00007 27230 11949 23006 22854 19008 33776
14007 44735 09806 55690 06056 66657 04259 77626 04456 88569
00040 99483 07113 11421 13128 22374 19726 33358 20720 44311
27526 55231 43545 66186 55356 77158 64737 88126 76548 99100
85336 21212 00007 35006 11974 33015 22791 31518 33764 29521
44737 27543 55660 28031 66636 27021 77569 26016 88548 28516
99528 28513 11509 33012 22489 01014 33471 00517 44403 06019
55371 06523 66357 05533 77290 11533 88278 12025 99255 11527
11233 11549 22213 13048 33204 13053 44177 12552 55169 11048
66161 11053 77119 09568 88106 09568 31313 73508 82330 41414
55572=

NNNNN

ULID52 WIII 020000
TTCC  52003 96749 70861 74358 19014 50060 67156 02012
30376 58356 29010 88999 77999 31313 73508 82330=

NNNNN

UEID52 WIII 020000
TTDD  5200/ 96749 11980 82557 22851 73759 33714 75356 44652
75356 55569 65560 66504 66956 77405 64756 88373 60758 99352
61556 11326 57558 22265 57557 33238 62542 21212 11956 08058
22907 06027 33860 07018 44818 02003 55777 23010 66700 19014
77632 10506 88600 04511 99571 05509 11543 08513 22517 03011
33468 00513 44446 34513 55424 33010 66404 11505 77385 10505
88367 04506 99349 08009 11333 03510 22317 33512 33303 29509
44289 26511 55263 26525 66238 23520 31313 73508 82330=

NNNNN

UPID52 WIII 020000
PPAA  52008 96749 55385 32516 27036 33512 55340 06519
10533 12033 55320 13554 10553 09572 71623 09568=

NNNNN

UGID52 WIII 020000
PPBB  52008 96749 90/17 35006 33015 31518 9089/ 29521 27543
91236 28031 27021 26016 91789 28516 28513 33012 92015 01014
00517 06019 9278/ 06523 05533 93346 11533 12025 11527 938//
11549 94014 13048 13053 12552 9456/ 11048 11053 9524/ 09568
09568=

NNNNN

UHID52 WIII 020000
PPCC  52008 96749 55370 19014 02012 29010 77999=

NNNNN

UQID52 WIII 020000
PPDD  52008 96749 95678 08058 06027 07018 959// 02003 96024
23010 19014 10506 96567 04511 05509 08513 968// 03011 97012
00513 34513 33010 97345 11505 10505 04506 97678 08009 03510
33512 979// 29509 98024 26511 26525 23520=

NNNNN
