USID52 WIII 010000
TTAA  51001 96749 99008 25215 23002 00077 25623 23006
92764 21403 26515 85491 17617 27518 70136 10659 25525
50586 03958 24510 40759 14934 23502 30971 28758 06518
25099 39557 06024 20248 52750 08031 15426 68158 06549
10660 83758 10068 88999 77102 10570 31313 73508 82330=

NNNNN

UKID52 WIII 010000
TTBB  51008 96749 00008 25215 11980 25024 22912 20804 33788
14450 44775 13432 55762 13257 66754 12634 77713 11256 88681
09871 99654 07866 11629 05872 22620 05470 33605 04060 44602
03856 55595 03861 66566 00457 77563 00862 88562 00864 99561
00665 11556 00246 22554 00461 33552 00264 44547 00057 55524
02357 66520 02561 77514 03356 88500 03958 99490 05143 11434
09957 22394 15727 33323 24163 44276 34156 55250 39557 66223
46530 77177 59542 88139 71163 99100 83758 21212 00008 23002
11975 25520 22849 27018 33737 25529 44615 25015 55593 29014
66550 28012 77530 28010 88510 26011 99491 21510 11473 23011
22438 24013 33405 19505 44389 34505 55374 36008 66359 04519
77292 07521 88235 07526 99225 07531 11178 07039 22170 07049
33162 06546 44147 07048 55132 09053 66113 11061 77107 10567
88102 10570 31313 73508 82330 41414 49421=

NNNNN

ULID52 WIII 010000
TTCC  51001 96749 70863 69967 30009 50065 68175 25012
30379 59984 21510 20632 56385 10533 10084 47787 09043
88968 84758 10065 88574 70173 25530 77914 10073 31313
73508 82330=

NNNNN

UEID52 WIII 010000
TTDD  5100/ 96749 11968 84758 22840 84557 33833 84557 44820
76764 55784 76961 66778 77160 77770 73564 88677 68969 99667
65573 11574 70173 22516 67376 33473 69176 44375 60584 55335
58384 66274 62783 77245 62383 88220 57584 99196 56984 11169
53985 22164 51186 33150 52386 44142 52386 55133 48587 66124
46387 77096 48187 21212 11964 10565 22914 10073 33778 09022
44740 11014 55703 30508 66669 29521 77636 28029 88606 26530
99576 25531 11548 26020 22495 25011 33472 26007 44449 29005
55427 18504 66406 19507 77387 10009 88369 33005 99351 31506
11319 19004 22304 23506 33290 23508 44277 19008 55251 15514
66239 13513 77217 14021 88207 12023 99198 10536 11172 06520
22164 08015 33156 05012 44143 12027 55130 10035 66114 08035
77099 09042 31313 73508 82330=

NNNNN

UPID52 WIII 010000
PPAA  51008 96749 55385 27518 25525 24510 55340 23502
06518 06024 55320 08031 06549 10068 71649 10570=

NNNNN

UGID52 WIII 010000
PPBB  51008 96749 90/15 23002 25520 27018 909// 25529 91457
25015 29014 28012 9189/ 28010 26011 92013 21510 23011 24013
92567 19505 34505 36008 928// 04519 93389 07521 07526 07531
94456 07039 07049 06546 948// 07048 95034 09053 11061 10567
955// 10570=

NNNNN

UHID52 WIII 010000
PPCC  51008 96749 55370 30009 25012 21510 55220 10533
09043 71710 10073=

NNNNN

UQID52 WIII 010000
PPDD  51008 96749 9567/ 10565 10073 96012 09022 11014 30508
96345 29521 28029 26530 96679 25531 26020 25011 97012 26007
29005 18504 97345 19507 10009 33005 97689 31506 19004 23506
98013 23508 19008 15514 98467 13513 14021 12023 988// 10536
99123 06520 08015 05012 9957/ 12027 10035 1003/ 08035 09042=

NNNNN
