USID53 WARR 120000
TTAA  62001 96935 99009 27216 27001 00083 27229 20504
92769 22819 09513 85501 19056 09014 70151 11860 08503
50589 04731 10008 40761 14758 09514 30973 29750 04507
25101 40335 02509 20249 53356 04009 15428 67959 09027
10663 81159 06525 88102 81759 07033 77999 31313 73508
82330=

NNNNN

UKID53 WARR 120000
TTBB  62008 96935 00009 27216 11008 26015 22003 27026 33948
24011 44873 20456 55842 18456 66835 17624 77795 16056 88720
12450 99702 11859 11682 10460 22676 09650 33546 00050 44479
07114 55409 13739 66404 14157 77370 18160 88364 19162 99356
20357 11249 40534 22210 50557 33169 62147 44147 68761 55102
81759 66100 81159 21212 00009 27001 11976 13005 22943 08509
33880 09016 44821 10014 55765 08011 66712 09504 77663 07505
88640 12008 99552 10507 11532 11505 22512 08507 33493 09009
44474 05509 55456 04510 66439 05508 77406 08012 88332 08512
99319 07008 11281 02507 22269 04009 33258 04010 44247 02510
55236 02511 66216 03008 77196 03506 88179 08516 99147 09025
11140 09031 22133 05021 33120 04515 44114 08511 55102 07033
31313 73508 82330 41414 21531=

NNNNN

ULID53 WARR 120000
TTCC  62002 96935 70865 78160 20505 50062 68970 33014
30373 59780 09024 20627 55784 10043 88999 77999 31313
73508 82330=

NNNNN

UEID53 WARR 120000
TTDD  6200/ 96935 11898 82157 22780 77360 33665 79559 44657
79560 55632 71367 66541 71766 77442 66372 88337 64576 99296
58381 11270 57180 22227 61378 33205 56184 44191 56383 55170
49786 66133 48185 77119 43189 21212 11970 06023 22920 04516
33827 15011 44784 11507 55744 16011 66706 18506 77670 28509
88636 30513 99604 26014 11546 08003 22519 06013 33494 32015
44470 34509 55447 34010 66425 02508 77385 02007 88367 32511
99349 23005 11332 10007 22317 10014 33287 08024 44274 04014
55261 33507 66249 27007 77226 09008 88216 11513 99206 09029
11178 08548 22163 07557 33148 07052 44142 07547 55124 08065
31313 73508 82330=

NNNNN

UPID53 WARR 120000
PPAA  62008 96935 55385 09014 08503 10008 55340 09514
04507 02509 55320 04009 09027 06525 77999=

NNNNN

UGID53 WARR 120000
PPBB  62008 96935 90/12 27001 13005 08509 90468 09016 10014
08011 91023 09504 07505 12008 91789 10507 11505 08507 92012
09009 05509 04510 9235/ 05508 08012 93014 08512 07008 02507
93567 04009 04010 02510 938// 02511 94024 03008 03506 08516
9489/ 09025 09031 95023 05021 04515 08511 955// 07033=

NNNNN

UHID53 WARR 120000
PPCC  62008 96935 55370 20505 33014 09024 55120 10043
77999=

NNNNN

UQID53 WARR 120000
PPDD  62008 96935 95679 06023 04516 15011 96012 11507 16011
18506 96345 28509 30513 26014 96789 08003 06013 32015 97012
34509 34010 02508 97456 02007 32511 23005 9778/ 10007 10014
98012 08024 04014 33507 98356 27007 09008 11513 987// 09029
99024 08548 07557 07052 9958/ 07547 08065=

NNNNN
