USID53 WARR 310000
TTAA  81001 96935 99009 25626 19002 00077 26627 17502
92766 22820 13503 85501 18843 25011 70145 11465 26016
50587 04120 36008 40760 14923 15505 30972 30132 05505
25099 40335 07008 20247 52945 06520 15426 67358 07551
10660 82957 10554 88105 82957 10552 77999 31313 73508
82329=

NNNNN

UKID53 WARR 310000
TTBB  81008 96935 00009 25626 11008 26821 22844 18243 33822
18661 44768 16076 55753 14867 66678 09465 77670 09476 88643
07663 99568 00056 11561 00835 22473 06324 33440 10508 44413
12932 55386 16910 66337 23525 77268 36137 88201 52546 99184
57559 11112 80359 22105 82957 33100 82957 21212 00009 19002
11975 15505 22943 15501 33911 22007 44880 26011 55765 24513
66738 25516 77663 27015 88551 31512 99531 01003 11492 01006
22474 05503 33456 14008 44422 16507 55405 16006 66389 20504
77345 04006 88318 02506 99305 07005 11280 04507 22268 05510
33257 05509 44235 06009 55225 05510 66187 05025 77170 06536
88154 07047 99147 07553 11102 10554 31313 73508 82329 41414
21511=

NNNNN

ULID53 WARR 310000
TTCC  81002 96935 70861 77961 12021 50060 70174 34018
30369 62383 25011 20622 58384 08538 88333 65182 29017
77999 31313 73508 82329=

NNNNN

UEID53 WARR 310000
TTDD  8100/ 96935 11952 80361 22747 81559 33669 76162 44642
70167 55473 71573 66427 68976 77410 64980 88375 61983 99333
65182 11310 64982 22295 61183 33273 59184 44247 61383 55221
58584 66209 59784 77188 56185 88174 56785 99158 55385 11152
54585 22143 48587 33141 46387 44116 42788 21212 11914 07515
22867 12502 33822 11013 44739 14015 55665 07513 66632 08008
77601 01507 88572 04508 99544 05010 11517 00518 22492 32018
33444 22513 44422 15020 55402 13021 66383 04012 77365 32513
88330 29014 99314 24006 11300 25011 22272 26012 33247 14022
44235 10515 55214 09038 66194 08531 77177 09023 88169 07532
99153 07528 11147 09035 22134 07557 33116 08060 31313 73508
82329=

NNNNN

UPID53 WARR 310000
PPAA  81008 96935 55385 25011 26016 36008 55340 15505
05505 07008 55320 06520 07551 10554 77999=

NNNNN

UGID53 WARR 310000
PPBB  81008 96935 90/12 19002 15505 15501 90348 22007 26011
24513 909// 25516 91278 27015 31512 01003 92012 01006 05503
14008 92456 16507 16006 20504 929// 04006 93124 02506 07005
04507 93568 05510 05509 06009 939// 05510 94357 05025 06536
07047 948// 07553 955// 10554=

NNNNN

UHID53 WARR 310000
PPCC  81008 96935 55370 12021 34018 25011 55120 08538
77999=

NNNNN

UQID53 WARR 310000
PPDD  81008 96935 95789 07515 12502 11013 96134 14015 07513
08008 96567 01507 04508 05010 9689/ 00518 32018 97123 22513
15020 13021 97457 04012 32513 29014 9789/ 24006 25011 98134
26012 14022 10515 9868/ 09038 08531 99013 09023 07532 07528
99469 09035 07557 08060=

NNNNN
