USID53 WARR 010000
TTAA  51001 96935 99008 25210 30002 00075 25209 31001
92766 22843 18017 85496 18637 25013 70137 08604 27512
50586 05904 06504 40759 13557 12005 30971 28757 11513
25099 38963 07020 20248 52157 05028 15426 67950 06040
10659 84346 10033 88999 77999 31313 73508 82329=

NNNNN

UKID53 WARR 010000
TTBB  51008 96935 00008 25210 11007 26012 22964 25044 33802
14811 44761 13056 55718 10007 66614 03229 77601 04658 88557
00044 99509 04907 11501 05704 22493 04720 33467 06556 44431
09556 55370 17756 66360 18960 77329 24143 88276 33157 99262
35964 11231 43957 22148 68550 33132 74157 44100 84346 21212
00008 30002 11975 16504 22943 18512 33911 18513 44880 21505
55850 25013 66820 24509 77792 25013 88712 28512 99662 29507
11638 28006 22615 26012 33593 30510 44571 28011 55550 28007
66530 35505 77510 31002 88491 07505 99473 05007 11455 05005
22421 14004 33405 14006 44389 08508 55374 10508 66345 11506
77318 10513 88268 09518 99246 06020 11225 06028 22206 05531
33196 05527 44179 05535 55133 07043 66126 08049 77113 09536
31313 73508 82329 41414 11571=

NNNNN

ULID53 WARR 010000
TTCC  51003 96935 70859 73163 23009 50056 71768 21007
30368 64981 18507 88949 86339 10540 88324 64381 25008
77999 31313 73508 82329=

NNNNN

UEID53 WARR 010000
TTDD  5100/ 96935 11949 86339 22892 83757 33854 84347 44771
82756 55707 73363 66597 73765 77492 71368 88452 68571 99430
64175 11388 60780 22324 64381 33275 63783 44217 56587 21212
11819 09534 22776 06028 33736 12011 44698 23510 55664 24511
66631 22515 77599 28507 88569 22006 99541 28503 11514 26009
22489 17510 33465 01007 44442 00519 55421 36022 66347 20511
77330 24507 88314 25011 99285 14004 11271 11011 22258 14508
33246 08013 44224 10028 31313 73508 82329=

NNNNN

UPID53 WARR 010000
PPAA  51008 96935 55385 25013 27512 06504 55340 12005
11513 07020 55320 05028 06040 10033 77999=

NNNNN

UGID53 WARR 010000
PPBB  51008 96935 90/12 30002 16504 18512 90345 18513 21505
25013 9067/ 24509 25013 91023 28512 29507 28006 91456 26012
30510 28011 91789 28007 35505 31002 92012 07505 05007 05005
92456 14004 14006 08508 9279/ 10508 11506 93157 10513 09518
06020 939// 06028 94124 05531 05527 05535 95013 07043 08049
09536=

NNNNN

UHID53 WARR 010000
PPCC  51008 96935 55370 23009 21007 18507 77999=

NNNNN

UQID53 WARR 010000
PPDD  51008 96935 959// 09534 96012 06028 12011 23510 96345
24511 22515 28507 96678 22006 28503 26009 969// 17510 97012
01007 00519 36022 97678 20511 24507 25011 98012 14004 11011
14508 9835/ 08013 10028=

NNNNN
