USID53 WARR 090000
TTAA  59001 96935 99012 25220 28002 00103 26241 25501
92793 23035 10009 85528 19658 10513 70170 10661 10515
50590 04560 10018 40762 14766 08517 30974 28770 08519
25101 39564 05020 20250 52559 04532 15429 68549 07036
88999 77999 31313 73508 82329=

NNNNN

UKID53 WARR 090000
TTBB  59008 96935 00012 25220 11003 25630 22996 26850 33972
26046 44920 22633 55900 22458 66888 21449 77872 21060 88837
18456 99741 12450 11716 11056 22698 10662 33675 08656 44601
03031 55559 00056 66512 03556 77469 07164 88438 10761 99428
11566 11383 16966 22365 19557 33348 22156 44306 27769 55238
41968 66202 51959 77185 56761 88139 72537 99124 77737 11120
78937 22119 78743 33118 78721 21212 00012 28002 11978 10006
22945 12506 33914 10009 44853 11013 55823 08513 66741 10513
77553 10015 88457 09012 99406 09016 11319 06516 22281 08020
33258 05017 44216 05028 55197 04533 66133 07042 77120 07050
31313 73508 82329 41414 10511=

NNNNN

ULID53 WARR 090000
TTCC  5900/ 96935 88999 77999 31313 73508 82329=

NNNNN

UEID53 WARR 090000
TTDD  5900/ 96935 31313 73508 82329=

NNNNN

UPID53 WARR 090000
PPAA  59008 96935 55385 10513 10515 10018 55340 08517
08519 05020 55220 04532 07036 77999=

NNNNN

UGID53 WARR 090000
PPBB  59008 96935 90/12 28002 10006 12506 90356 10009 11013
08513 909// 10513 917// 10015 9225/ 09012 09016 93146 06516
08020 05017 9402/ 05028 04533 9502/ 07042 07050=

NNNNN

UHID53 WARR 090000
PPCC  59008 96935 77999=

NNNNN

UQID53 WARR 090000
PPDD  59008 96935=

NNNNN
