USID53 WARR 230000
TTAA  73001 96935 99010 24822 31007 00088 25422 29512
92777 23650 26026 85507 18857 25525 70144 08007 24029
50587 03929 21519 40760 14129 04004 30972 29331 05514
25100 39532 07026 20248 52559 08531 15427 68756 11051
10660 78160 07521 88114 81556 10071 77113 10072 31313
73508 82330=

NNNNN

UKID53 WARR 230000
TTBB  73008 96935 00010 24822 11993 25223 22970 26047 33875
20041 44829 18261 55705 08211 66555 00020 77500 03929 88380
16534 99295 29944 11237 42929 22216 48338 33210 49745 44207
50557 55179 59159 66149 69150 77114 81556 88107 78160 99100
78160 21212 00010 31007 11944 26523 22881 26031 33851 25525
44822 25532 55712 25030 66687 24529 77615 23522 88572 24019
99511 23522 11455 18012 22438 15005 33421 21006 44405 08002
55389 05009 66374 04513 77318 02517 88280 05028 99269 05033
11257 06029 22246 07024 33206 09028 44187 08537 55162 10045
66147 11052 77119 10567 88113 10072 99102 08028 31313 73508
82330 41414 21521=

NNNNN

ULID53 WARR 230000
TTCC  73002 96935 70863 77762 07522 50062 67374 30016
30371 66582 12011 20622 60584 09532 88892 81959 26007
77111 09074 31313 73508 82330=

NNNNN

UEID53 WARR 230000
TTDD  7300/ 96935 11892 81959 22833 78361 33734 79361 44684
75364 55643 75364 66611 70369 77560 72169 88527 66974 99465
68376 11429 64982 22387 68182 33338 65582 44305 67182 55254
59784 66211 61583 77191 57384 88172 54385 99158 55985 11144
52985 22109 49786 21212 11966 02011 22916 29008 33824 12519
44668 05022 55635 05522 66603 10510 77573 10509 88545 01509
99518 31015 11493 29515 22469 27009 33446 27008 44425 29016
55404 24511 66385 22007 77366 35005 88349 36009 99332 20506
11316 17008 22301 12011 33286 11506 44272 02505 55260 08013
66247 05011 77236 01504 88225 10008 99214 12018 11204 10030
22185 09527 33177 06528 44161 10529 55147 09556 66140 09550
77134 09544 88128 09549 99111 09074 31313 73508 82330=

NNNNN

UPID53 WARR 230000
PPAA  73008 96935 55385 25525 24029 21519 55340 04004
05514 07026 55320 08531 11051 07521 71591 10072=

NNNNN

UGID53 WARR 230000
PPBB  73008 96935 90/24 31007 26523 26031 9056/ 25525 25532
91014 25030 24529 23522 9169/ 24019 23522 92234 18012 15005
21006 92567 08002 05009 04513 93145 02517 05028 05033 9367/
06029 07024 94136 09028 08537 10045 948// 11052 95235 10567
10072 08028=

NNNNN

UHID53 WARR 230000
PPCC  73008 96935 55370 07522 30016 12011 55120 09532
63000 09074=

NNNNN

UQID53 WARR 230000
PPDD  73008 96935 95679 02011 29008 12519 96345 05022 05522
10510 96678 10509 01509 31015 969// 29515 97012 27009 27008
29016 97345 24511 22007 35005 97678 36009 20506 17008 979//
12011 98012 11506 02505 08013 98345 05011 01504 10008 98679
12018 10030 09527 99024 06528 10529 09556 99567 09550 09544
09549 100// 09074=

NNNNN
