USID53 WARR 130000
TTAA  63001 96935 99010 25420 30002 00091 26843 29504
92779 23237 09509 85509 18222 10012 70153 09630 29005
50589 03933 09003 40762 13362 04010 30974 28572 04508
25102 39167 36005 20250 52559 01516 15430 67950 07041
10664 83350 08527 88999 77999 31313 73508 82330=

NNNNN

UKID53 WARR 130000
TTBB  63008 96935 00010 25420 11001 26843 22953 24216 33872
20050 44848 18020 55822 17250 66769 13414 77694 09244 88639
05813 99595 04457 11571 02659 22545 00039 33507 02956 44500
03933 55470 06756 66465 07537 77395 13962 88380 16160 99369
17166 11284 31571 22255 37971 33214 48958 44157 65550 55141
70750 66129 73359 77100 83350 21212 00010 30002 11977 11004
22944 11012 33912 10009 44851 10012 55822 07510 66766 05002
77739 12502 88713 29002 99688 30006 11663 25505 22639 18502
33617 00001 44532 04503 55512 13502 66474 11005 77457 05507
88422 05506 99406 04510 11390 02509 22361 05008 33333 02508
44270 05008 55258 36004 66247 01006 77236 02509 88226 01015
99216 01513 11206 36013 22197 02516 33171 06023 44163 06030
55133 07040 66127 06524 77108 10017 31313 73508 82330 41414
11531=

NNNNN

ULID53 WARR 130000
TTCC  63002 96935 70865 76161 21016 50062 68570 07509
30374 58182 02516 20629 52186 09044 88952 84550 06526
88263 59580 20518 77999 31313 73508 82330=

NNNNN

UEID53 WARR 130000
TTDD  6300/ 96935 11952 84550 22882 84350 33868 81358 44751
76361 55662 74364 66610 77162 77592 77163 88580 73167 99533
68170 11469 65374 22352 65975 33335 65775 44304 58981 55263
59580 66239 60380 77227 59382 88209 52386 99191 53583 11178
50386 22146 51583 33118 46387 21212 11920 05518 22871 07009
33826 19503 44784 20511 55744 22008 66670 22012 77637 20014
88604 13508 99574 06516 11545 01015 22518 35004 33493 08007
44469 06007 55447 13505 66425 04513 77405 04007 88385 36009
99367 33004 11349 07510 22302 03519 33288 27508 44261 20018
55249 14524 66238 13030 77216 08536 88188 08045 99179 07552
11171 07048 22149 09545 33136 08557 44118 08559 31313 73508
82330=

NNNNN

UPID53 WARR 130000
PPAA  63008 96935 55385 10012 29005 09003 55340 04010
04508 36005 55320 01516 07041 08527 77999=

NNNNN

UGID53 WARR 130000
PPBB  63008 96935 90/12 30002 11004 11012 90356 10009 10012
07510 9089/ 05002 12502 91012 29002 30006 25505 91348 18502
00001 04503 919// 13502 92124 11005 05507 05506 92568 04510
02509 05008 93056 02508 05008 36004 93789 01006 02509 01015
94012 01513 36013 02516 9456/ 06023 06030 95014 07040 06524
10017=

NNNNN

UHID53 WARR 130000
PPCC  63008 96935 55370 21016 07509 02516 55120 09044
77999=

NNNNN

UQID53 WARR 130000
PPDD  63008 96935 95789 05518 07009 19503 96013 20511 22008
22012 96456 20014 13508 06516 96789 01015 35004 08007 97012
06007 13505 04513 97345 04007 36009 33004 9769/ 07510 03519
98023 27508 20018 14524 98469 13030 08536 08045 99014 07552
07048 09545 9969/ 08557 08559=

NNNNN
