USID53 WARR 030000
TTAA  53001 96935 99008 24411 10002 00077 27048 06505
92759 23443 10005 85497 19858 10512 70136 10256 18003
50588 02561 17513 40760 15359 24506 30973 30162 16010
25099 39969 09012 20248 51960 06507 15427 67750 07017
10662 80559 12026 88999 77999 31313 73508 82329=

NNNNN

UKID53 WARR 030000
TTBB  53008 96935 00008 24411 11007 26425 22986 26856 33955
24630 44858 20458 55787 14215 66752 12205 77707 10222 88700
10256 99689 09624 11679 11071 22657 09473 33647 08872 44645
08671 55642 08258 66641 08250 77625 06644 88618 07264 99609
06458 11582 03458 22527 00060 33468 05763 44421 12158 55391
16558 66360 20366 77308 28367 88299 30361 99269 35371 11209
50163 22203 51559 33197 52762 44190 54959 55182 57363 66151
67350 77133 73349 88100 80559 21212 00008 10002 11910 10510
22879 08010 33821 11008 44738 08008 55711 11507 66686 21002
77638 21505 88593 23513 99572 22511 11551 22507 22511 16514
33474 16012 44439 20010 55406 22006 66390 26005 77375 24004
88360 15504 99346 13504 11332 16505 22318 16009 33305 15512
44293 14507 55280 12508 66269 10512 77235 07511 88225 09008
99215 13506 11196 06009 22179 05515 33140 07019 44133 09031
55126 09045 66120 09052 77108 09021 88102 11520 31313 73508
82329 41414 32521=

NNNNN

ULID53 WARR 030000
TTCC  53002 96935 70865 74564 31514 50063 68572 33017
30374 62783 14518 20627 55585 09033 88886 85157 11049
88670 76563 30013 77999 31313 73508 82329=

NNNNN

UEID53 WARR 030000
TTDD  5300/ 96935 11886 85157 22857 85157 33829 80361 44810
80560 55776 72165 66670 76563 77621 72367 88494 68972 99450
64778 11372 67381 22228 59184 33196 54385 44176 55585 55163
50786 66149 48587 77138 50786 21212 11969 12538 22825 09532
33782 08517 44743 36011 55706 32015 66670 30013 77637 23010
88605 22514 99575 18508 11546 06509 22520 35512 33495 32016
44470 24012 55448 20510 66426 27505 77405 29505 88386 25511
99367 26013 11333 19011 22302 14520 33287 15513 44274 12026
55261 11033 66248 10532 77237 09517 88226 09531 99205 09527
11196 09031 22187 08026 33170 06039 44142 09037 31313 73508
82329=

NNNNN

UPID53 WARR 030000
PPAA  53008 96935 55385 10512 18003 17513 55340 24506
16010 09012 55320 06507 07017 12026 77999=

NNNNN

UGID53 WARR 030000
PPBB  53008 96935 90/34 10002 10510 08010 9069/ 11008 08008
91013 11507 21002 21505 91567 23513 22511 22507 919// 16514
92135 16012 20010 22006 92678 26005 24004 15504 929// 13504
93012 16505 16009 15512 93345 14507 12508 10512 9389/ 07511
09008 94024 13506 06009 05515 949// 07019 95012 09031 09045
09052 9545/ 09021 11520=

NNNNN

UHID53 WARR 030000
PPCC  53008 96935 55370 31514 33017 14518 55120 09033
77999=

NNNNN

UQID53 WARR 030000
PPDD  53008 96935 9569/ 12538 09532 96012 08517 36011 32015
96345 30013 23010 22514 96678 18508 06509 35512 969// 32016
97012 24012 20510 27505 97345 29505 25511 26013 9779/ 19011
14520 98012 15513 12026 11033 98345 10532 09517 09531 98789
09527 09031 08026 9915/ 06039 09037=

NNNNN
