USID53 WARR 020000
TTAA  52001 96935 99011 24408 00000 00093 26034 30002
92784 22631 27005 85514 18222 27008 70158 09250 23511
50588 04340 24003 40760 15156 08014 30972 29756 06517
25099 39565 05513 20248 52563 06026 15427 68357 07044
10660 83956 10054 88999 77999 31313 73508 82329=

NNNNN

UKID53 WARR 020000
TTBB  52008 96935 00011 24408 11000 26034 22768 13217 33718
10628 44700 09250 55690 09065 66686 09070 77683 08672 88677
08056 99654 05609 11621 03619 22617 03857 33612 03657 44604
04068 55600 03460 66599 03258 77591 02864 88589 02667 99579
01228 11577 01659 22568 01668 33565 01463 44550 00061 55542
01156 66527 02922 77520 02143 88456 07750 99386 17139 11368
19157 22358 20363 33341 22962 44333 23757 55310 28334 66294
30359 77250 39565 88171 60762 99148 69157 11100 83956 21212
00011 00000 11977 09502 22944 33003 33912 24506 44851 27008
55822 28510 66739 25506 77713 24010 88688 23510 99594 31007
11551 28506 22512 28504 33492 13002 44474 13006 55456 09006
66422 10011 77331 07026 88292 06013 99280 04012 11206 06522
22179 08029 33162 07537 44147 07546 55140 08049 66120 08051
77108 10047 31313 73508 82329 41414 21511=

NNNNN

ULID53 WARR 020000
TTCC  52002 96935 70861 76162 23010 50058 69969 05004
30369 63183 30511 20620 56984 10023 88982 84950 09555
77128 07570 31313 73508 82329=

NNNNN

UEID53 WARR 020000
TTDD  5200/ 96935 11982 84950 22955 81958 33880 79759 44790
82157 55774 78960 66692 74163 77631 75963 88539 73366 99508
69770 11484 71568 22464 66973 33356 65578 44340 62781 55281
63983 66237 62983 77187 54185 88163 53585 99150 49986 11123
51188 21212 11964 09553 22914 10041 33868 06014 44823 33514
55779 06001 66739 31002 77702 23010 88571 28511 99542 23516
11515 27006 22490 07506 33466 35007 44443 27506 55402 24015
66383 15003 77364 10018 88347 07506 99330 12506 11315 23502
22300 30511 33285 29513 44272 29007 55259 05508 66246 11511
77235 13015 88224 08520 99213 08523 11194 10021 22176 10054
33134 08068 44128 07570 31313 73508 82329=

NNNNN

UPID53 WARR 020000
PPAA  52008 96935 55385 27008 23511 24003 55340 08014
06517 05513 55320 06026 07044 10054 77999=

NNNNN

UGID53 WARR 020000
PPBB  52008 96935 90/12 00000 09502 33003 90356 24506 27008
28510 909// 25506 91015 24010 23510 31007 9179/ 28506 28504
92012 13002 13006 09006 924// 10011 93034 07026 06013 04012
94146 06522 08029 07537 9489/ 07546 08049 9524/ 08051 10047=

NNNNN

UHID53 WARR 020000
PPCC  52008 96935 55370 23010 05004 30511 55120 10023
62909 07570=

NNNNN

UQID53 WARR 020000
PPDD  52008 96935 95678 09553 10041 06014 959// 33514 96012
06001 31002 23010 96678 28511 23516 27006 969// 07506 97013
35007 27506 24015 97456 15003 10018 07506 97789 12506 23502
30511 98012 29513 29007 05508 98345 11511 13015 08520 9868/
08523 10021 99067 10054 08068 07570=

NNNNN
