USID53 WARR 250000
TTAA  75001 96935 99007 24624 29003 00068 26035 30505
92752 24256 24519 85490 19235 27519 70129 10444 27521
50586 05146 27524 40759 14523 16502 30971 28956 05526
25099 39550 08026 20247 52561 09541 15426 67557 09559
10661 80961 08046 88103 81960 08560 77126 09577 77113
09069 31313 73508 82330=

NNNNN

UKID53 WARR 250000
TTBB  75008 96935 00007 24624 11006 26027 22984 25029 33974
26049 44929 24456 55825 16814 66713 09611 77705 10637 88668
09258 99633 06459 11613 04838 22551 00057 33519 03517 44510
04144 55467 06747 66447 09720 77383 15929 88360 18757 99258
37750 11243 41156 22237 42360 33206 50962 44145 69356 55124
73564 66103 81960 77100 80961 21212 00007 29003 11974 30015
22910 24020 33820 27021 44662 27028 55638 27030 66593 27021
77491 27022 88473 26510 99455 28011 11438 27504 22421 21501
33405 20004 44389 08503 55374 04505 66345 06519 77292 05029
88280 06032 99257 08032 11246 08024 22235 09024 33225 09030
44170 09544 55162 09549 66139 09064 77126 09577 88113 09069
99108 08567 11102 08556 31313 73508 82330 41414 11531=

NNNNN

ULID53 WARR 250000
TTCC  75003 96935 70864 76564 16009 50061 70571 33013
30369 63183 13011 88999 77999 31313 73508 82330=

NNNNN

UEID53 WARR 250000
TTDD  7500/ 96935 11900 82359 22880 82359 33862 77362 44797
74563 55737 77163 66638 73366 77596 75366 88576 71968 99544
73368 11478 68573 22370 68576 33313 63183 44285 62983 55266
58584 66222 59184 21212 11917 10523 22869 09024 33825 08005
44783 21508 55743 14010 66637 14004 77604 20007 88574 17515
99546 16512 11519 00511 22493 34014 33469 27014 44446 25012
55424 25010 66384 22014 77347 21010 88315 12513 99300 13011
11286 15508 22272 09024 33247 06537 44225 07527 31313 73508
82330=

NNNNN

UPID53 WARR 250000
PPAA  75008 96935 55385 27519 27521 27524 55340 16502
05526 08026 55320 09541 09559 08046 71529 09577 71592
09069=

NNNNN

UGID53 WARR 250000
PPBB  75008 96935 90/13 29003 30015 24020 906// 27021 91235
27028 27030 27021 92012 27022 26510 28011 92345 27504 21501
20004 92679 08503 04505 06519 93346 05029 06032 08032 93789
08024 09024 09030 94569 09544 09549 09064 95134 09577 09069
08567 955// 08556=

NNNNN

UHID53 WARR 250000
PPCC  75008 96935 55370 16009 33013 13011 77999=

NNNNN

UQID53 WARR 250000
PPDD  75008 96935 95789 10523 09024 08005 96014 21508 14010
14004 96567 20007 17515 16512 9689/ 00511 34014 97012 27014
25012 25010 97468 22014 21010 12513 979// 13011 98013 15508
09024 06537 985// 07527=

NNNNN
