USID53 WARR 080000
TTAA  58001 96935 99007 25217 33002 00065 26619 00001
92758 23438 34503 85496 19838 07006 70144 09221 06502
50588 03556 09006 40761 14359 06509 30973 29750 35009
25100 40157 05008 20248 52950 05513 15428 67761 07518
10660 85550 07033 88101 85549 07034 77999 31313 73508
82330=

NNNNN

UKID53 WARR 080000
TTBB  58008 96935 00007 25217 11006 26818 22839 19444 33721
10822 44686 09450 55576 01631 66548 00046 77545 00343 88538
00758 99522 02156 11514 02360 22506 03156 33486 04559 44467
07149 55446 10135 66409 12960 77392 14962 88374 17356 99311
27748 11287 31958 22262 37750 33226 45759 44207 51150 55179
59150 66177 59746 77172 60760 88152 67161 99101 85549 11100
85550 21212 00007 33002 11974 30002 22942 01003 33910 34004
44879 04005 55820 10506 66792 08505 77765 11503 88738 07504
99712 07506 11687 05505 22663 07505 33639 04502 44616 06004
55594 03004 66572 04505 77551 10003 88531 06505 99512 10003
11456 08008 22439 09509 33422 07010 44406 06010 55390 06008
66360 01006 77346 02009 88332 35513 99306 35012 11293 00510
22281 01511 33246 04507 44236 03006 55215 05013 66179 05021
77147 07519 88126 06528 99120 06035 11102 07536 31313 73508
82330 41414 11511=

NNNNN

ULID53 WARR 080000
TTCC  58002 96935 70863 74963 17019 50062 70969 24019
30372 59178 07027 20626 58782 32004 88768 80559 24525
77999 31313 73508 82330=

NNNNN

UEID53 WARR 080000
TTDD  5800/ 96935 11948 85550 22936 85350 33917 78161 44903
74963 55768 80559 66744 75963 77642 74563 88618 70767 99529
72766 11474 66772 22380 67972 33361 67773 44336 60579 55279
57780 66220 60580 77175 53587 21212 11964 07527 22914 06022
33868 33009 44824 28519 55781 26023 66741 19532 77704 17022
88668 23010 99635 26505 11604 28031 22493 24015 33384 26514
44365 18006 55348 09010 66316 05511 77301 07027 88287 05512
99274 33020 11261 30510 22249 00000 33237 06014 44226 05009
55215 28510 66205 35508 77196 27503 88187 36006 99178 03515
31313 73508 82330=

NNNNN

UPID53 WARR 080000
PPAA  58008 96935 55385 07006 06502 09006 55340 06509
35009 05008 55320 05513 07518 07033 77999=

NNNNN

UGID53 WARR 080000
PPBB  58008 96935 90/12 33002 30002 01003 90346 34004 04005
10506 90789 08505 11503 07504 91012 07506 05505 07505 91345
04502 06004 03004 91678 04505 10003 06505 919// 10003 92234
08008 09509 07010 92568 06010 06008 01006 929// 02009 93023
35513 35012 00510 93478 01511 04507 03006 94048 05013 05021
07519 95125 06528 06035 07536=

NNNNN

UHID53 WARR 080000
PPCC  58008 96935 55370 17019 24019 07027 55120 32004
77999=

NNNNN

UQID53 WARR 080000
PPDD  58008 96935 95678 07527 06022 33009 959// 28519 96012
26023 19532 17022 96345 23010 26505 28031 969// 24015 97456
26514 18006 09010 9789/ 05511 07027 98012 05512 33020 30510
98345 00000 06014 05009 98678 28510 35508 27503 989// 36006
990// 03515=

NNNNN
