USID53 WARR 270000
TTAA  77001 96935 99006 26028 27003 00055 26823 24003
92744 24241 27014 85484 20234 29012 70130 11256 28512
50587 04523 24025 40759 14356 34015 30971 30131 18010
25097 40143 07019 20245 53156 08533 15424 69156 10557
10661 77165 29016 88999 77999 31313 73508 82330=

NNNNN

UKID53 WARR 270000
TTBB  77008 96935 00006 26028 11930 24441 22723 11213 33709
12050 44612 05648 55561 00025 66487 05139 77422 11357 88366
19912 99292 31333 11235 43931 22220 47556 33135 73757 44129
70563 55100 77165 21212 00006 27003 11973 29014 22848 29012
33791 26515 44686 29014 55615 23020 66593 21515 77550 26023
88530 24020 99438 28014 11405 33515 22374 31510 33359 28008
44345 28510 55331 30507 66292 15006 77280 11010 88235 07022
99224 08029 11205 08032 22161 10048 33154 10053 44132 09050
55113 03023 66107 35516 31313 73508 82330 41414 21511=

NNNNN

ULID53 WARR 270000
TTCC  77002 96935 70863 79759 16511 50060 70363 28507
30367 64167 08011 20617 60171 09051 88847 82760 23527
77999 31313 73508 82330=

NNNNN

UEID53 WARR 270000
TTDD  7700/ 96935 11847 82760 22750 83158 33623 76160 44581
70964 55444 68765 66428 66167 77333 69762 88307 64567 99288
65564 11243 60968 22211 60571 33199 60371 44191 59173 55179
52781 66168 53385 77159 51986 88149 48587 21212 11968 27015
22826 23523 33783 18020 44703 17512 55667 08013 66601 02005
77571 19010 88543 19505 99517 28006 11491 28005 22467 33505
33423 26515 44346 22521 55329 20021 66298 08014 77271 07527
88258 08032 99245 08525 11234 08034 22223 09023 33212 08528
44193 09047 55175 09045 66160 08049 77153 06552 31313 73508
82330=

NNNNN

UPID53 WARR 270000
PPAA  77008 96935 55385 29012 28512 24025 55340 34015
18010 07019 55320 08533 10557 29016 77999=

NNNNN

UGID53 WARR 270000
PPBB  77008 96935 90/15 27003 29014 29012 907// 26515 91145
29014 23020 21515 9178/ 26023 24020 92357 28014 33515 31510
9289/ 28008 28510 93034 30507 15006 11010 9389/ 07022 08029
94167 08032 10048 10053 95034 09050 03023 35516=

NNNNN

UHID53 WARR 270000
PPCC  77008 96935 55370 16511 28507 08011 55120 09051
77999=

NNNNN

UQID53 WARR 270000
PPDD  77008 96935 9569/ 27015 23523 96023 18020 17512 08013
96567 02005 19010 19505 9689/ 28006 28005 97026 33505 26515
22521 9779/ 20021 08014 98123 07527 08032 08525 98456 08034
09023 08528 988// 09047 99023 09045 08049 06552=

NNNNN
