USID53 WARR 100000
TTAA  60001 96935 99009 26222 28001 00084 26626 32502
92774 22618 10508 85511 19026 13509 70156 10447 12003
50588 04750 10006 40761 15356 14503 30971 29960 10014
25098 39959 08012 20247 52956 07016 15426 67559 06533
10660 81749 08014 88999 77999 31313 73508 82330=

NNNNN

UKID53 WARR 100000
TTBB  60008 96935 00009 26222 11973 25628 22803 15815 33789
16032 44744 12620 55720 11256 66616 04225 77601 03850 88562
00018 99537 02322 11530 02550 22520 03341 33511 03557 44487
06149 55473 06958 66410 14145 77389 16958 88361 20560 99347
22956 11343 23350 22339 23961 33323 26356 44315 27560 55284
33162 66261 37944 77256 38739 88252 39357 99247 40759 11231
45142 22209 50537 33155 66158 44133 73956 55100 81749 21212
00009 28001 11943 10506 22881 10008 33822 13007 44793 07007
55688 11001 66664 17503 77640 13506 88552 13504 99532 14505
11512 09004 22474 12002 33456 28501 44439 35505 55422 12002
66405 10505 77390 13505 88374 13505 99360 10506 11345 12510
22331 08511 33280 10513 44257 06510 55225 08010 66215 07010
77196 07019 88162 07521 99154 06029 11147 06535 22126 06541
33119 05520 44113 00505 55107 05508 66102 07011 31313 73508
82330 41414 39511=

NNNNN

ULID53 WARR 100000
TTCC  60002 96935 70861 75561 20503 50061 69569 35511
30369 63383 15508 20625 54585 07012 88907 84149 07510
88481 70769 33510 77999 31313 73508 82330=

NNNNN

UEID53 WARR 100000
TTDD  6000/ 96935 11907 84149 22892 81557 33829 83356 44758
76760 55621 73565 66546 66971 77481 70769 88394 67374 99356
62581 11321 65382 22280 59184 33232 57784 44217 54585 55172
54185 66160 49986 77147 50986 88140 50986 99132 45388 11118
45588 21212 11915 06512 22867 09007 33822 11515 44779 07516
55739 13509 66702 19503 77666 08504 88633 21013 99601 15014
11572 05011 22544 35513 33518 05008 44492 35012 55468 31012
66424 21505 77403 26006 88383 19007 99347 17008 11331 22005
22315 21509 33300 15508 44272 10034 55259 09526 66236 08035
77225 06535 88215 04020 99205 02012 11195 08021 22186 09022
33178 08537 44148 09547 55135 08559 66123 09559 31313 73508
82330=

NNNNN

UPID53 WARR 100000
PPAA  60008 96935 55385 13509 12003 10006 55340 14503
10014 08012 55320 07016 06533 08014 77999=

NNNNN

UGID53 WARR 100000
PPBB  60008 96935 90/24 28001 10506 10008 9067/ 13007 07007
91123 11001 17503 13506 91789 13504 14505 09004 92123 12002
28501 35505 92456 12002 10505 13505 92789 13505 10506 12510
93046 08511 10513 06510 939// 08010 94026 07010 07019 07521
9478/ 06029 06535 95123 06541 05520 00505 9545/ 05508 07011=

NNNNN

UHID53 WARR 100000
PPCC  60008 96935 55370 20503 35511 15508 55120 07012
77999=

NNNNN

UQID53 WARR 100000
PPDD  60008 96935 95789 06512 09007 11515 96012 07516 13509
19503 96345 08504 21013 15014 96678 05011 35513 05008 969//
35012 97023 31012 21505 26006 97467 19007 17008 22005 9789/
21509 15508 98124 10034 09526 08035 98567 06535 04020 02012
9889/ 08021 09022 99046 08537 09547 08559 998// 09559=

NNNNN
