USID53 WARR 220000
TTAA  72001 96935 99010 26030 28004 00088 26633 27511
92776 23034 26021 85515 18836 24527 70155 10446 23532
50588 04732 22011 40761 14909 06511 30973 29542 08520
25100 38950 10534 20249 51556 10550 15429 68359 10550
10661 79757 08538 88111 82756 09063 77999 31313 73508
82329=

NNNNN

UKID53 WARR 220000
TTBB  72008 96935 00010 26030 11982 26648 22921 22633 33890
22456 44838 17626 55750 11840 66693 10450 77588 03657 88555
00031 99425 11733 11396 15506 22284 32533 33276 34156 44241
41143 55167 62361 66111 82756 77100 79757 21212 00010 28004
11977 28025 22851 24527 33822 24531 44766 24529 55713 23534
66640 23026 77617 23030 88594 24519 99573 22019 11552 23512
22531 20510 33512 20508 44493 23511 55456 23511 66439 22007
77422 33003 88406 05006 99375 09513 11332 12516 22293 09019
33269 10027 44258 10534 55226 10046 66216 10052 77197 10550
88188 10048 99179 10047 11171 10549 22108 08064 31313 73508
82329 41414 11521=

NNNNN

ULID53 WARR 220000
TTCC  72002 96935 70865 80558 19506 50062 68161 24006
30372 64961 13515 20624 53565 08035 88999 77999 31313
73508 82329=

NNNNN

UEID53 WARR 220000
TTDD  7200/ 96935 11939 77358 22714 80758 33681 76960 44630
76359 55586 69762 66464 67562 77426 69960 88406 70360 99388
66561 11351 64162 22288 65360 33208 54364 44170 56373 55151
55779 66147 56382 77141 52784 88124 49386 21212 11968 08031
22918 02016 33872 35506 44827 29012 55744 27004 66670 16003
77636 13505 88604 10012 99574 32508 11519 16505 22494 23507
33470 25010 44447 21506 55425 14502 66404 36007 77384 33511
88366 27517 99349 23010 11301 14015 22273 07016 33247 09022
44236 08543 55214 06530 66195 08031 77178 08527 88170 08534
99134 08043 11128 08051 31313 73508 82329=

NNNNN

UPID53 WARR 220000
PPAA  72008 96935 55385 24527 23532 22011 55340 06511
08520 10534 55320 10550 10550 08538 77999=

NNNNN

UGID53 WARR 220000
PPBB  72008 96935 90/15 28004 28025 24527 9068/ 24531 24529
91034 23534 23026 23030 91567 24519 22019 23512 9189/ 20510
20508 92023 23511 23511 22007 92457 33003 05006 09513 93035
12516 09019 10027 9369/ 10534 10046 94023 10052 10550 10048
9445/ 10047 10549 954// 08064=

NNNNN

UHID53 WARR 220000
PPCC  72008 96935 55370 19506 24006 13515 55120 08035
77999=

NNNNN

UQID53 WARR 220000
PPDD  72008 96935 95678 08031 02016 35506 959// 29012 96134
27004 16003 13505 96568 10012 32508 16505 969// 23507 97012
25010 21506 14502 97345 36007 33511 27517 9769/ 23010 14015
98134 07016 09022 08543 9868/ 06530 08031 99016 08527 08534
08043 997// 08051=

NNNNN
