USID53 WARR 210000
TTAA  71001 96935 99010 25830 25005 00090 25828 25008
92772 22838 27018 85511 19456 25018 70153 10257 21526
50588 03760 14509 40761 15341 10505 30972 29539 06018
25100 39543 08030 20248 52358 11037 15427 68959 08036
10659 81759 10548 88999 77999 31313 73508 82329=

NNNNN

UKID53 WARR 210000
TTBB  71008 96935 00010 25830 11967 23820 22958 24838 33792
15249 44765 13659 55750 12647 66669 09456 77564 00030 88547
01930 99539 00061 11509 03750 22502 03560 33449 09373 44433
11363 55432 11562 66429 11767 77427 11774 88421 12361 99407
14335 11353 21921 22347 22544 33307 28334 44262 36743 55220
46758 66168 62556 77142 71361 88123 77960 99100 81759 21212
00010 25005 11976 27515 22822 23524 33766 23031 44739 22029
55663 20025 66617 21017 77552 19514 88532 22504 99512 15006
11474 14010 22456 17005 33439 10004 44422 12505 55406 09003
66390 13003 77345 04016 88257 07528 99246 08032 11187 10540
22139 07540 33133 07549 44113 06058 55102 10046 31313 73508
82329 41414 11511=

NNNNN

ULID53 WARR 210000
TTCC  71002 96935 70862 76162 31015 50059 70770 26012
30367 63783 00510 20619 54585 10541 88973 82758 11053
77999 31313 73508 82329=

NNNNN

UEID53 WARR 210000
TTDD  7100/ 96935 11973 82758 22884 82358 33839 77762 44583
75165 55525 69371 66490 71570 77444 71572 88402 68975 99395
66178 11273 64982 22245 61983 33235 58584 44213 57784 55199
53985 66155 54785 77121 49187 21212 11964 11053 22866 10025
33822 00518 44780 28016 55702 31015 66667 28509 77633 05001
88601 32516 99571 02010 11543 04518 22516 28508 33491 27012
44467 29011 55444 31507 66422 28006 77401 08510 88381 11511
99346 00509 11313 01516 22299 00508 33284 25002 44270 14504
55258 22506 66245 15017 77223 14529 88213 12030 99193 09547
11185 10051 22168 09054 33140 08047 44127 08045 55121 08549
31313 73508 82329=

NNNNN

UPID53 WARR 210000
PPAA  71008 96935 55385 25018 21526 14509 55340 10505
06018 08030 55320 11037 08036 10548 77999=

NNNNN

UGID53 WARR 210000
PPBB  71008 96935 90/16 25005 27515 23524 9089/ 23031 22029
91247 20025 21017 19514 9189/ 22504 15006 92123 14010 17005
10004 92456 12505 09003 13003 929// 04016 9367/ 07528 08032
9439/ 10540 07540 95035 07549 06058 10046=

NNNNN

UHID53 WARR 210000
PPCC  71008 96935 55370 31015 26012 00510 55120 10541
77999=

NNNNN

UQID53 WARR 210000
PPDD  71008 96935 95689 11053 10025 00518 96023 28016 31015
28509 96456 05001 32516 02010 96789 04518 28508 27012 97012
29011 31507 28006 97346 08510 11511 00509 9789/ 01516 00508
98012 25002 14504 22506 98356 15017 14529 12030 9889/ 09547
10051 99157 09054 08047 08045 998// 08549=

NNNNN
