USID53 WARR 300000
TTAA  80001 96935 99008 25015 27003 00076 25816 28003
92760 23646 23009 85500 19438 24517 70141 11660 25018
50587 04133 26011 40760 14758 15009 30972 28933 05523
25100 39148 06036 20248 52156 07048 15428 67546 09054
10661 86137 09058 88999 77999 31313 73508 82330=

NNNNN

UKID53 WARR 300000
TTBB  80008 96935 00008 25015 11007 26015 22984 24812 33974
25636 44897 22456 55794 14815 66723 12050 77721 12258 88707
12261 99676 09456 11631 06057 22598 02411 33580 01839 44551
00047 55532 02115 66515 03350 77453 09718 88419 12332 99402
14558 11381 17534 22355 21125 33328 24156 44304 28533 55273
33939 66259 37144 77253 38345 88251 38746 99248 39560 11247
39763 22241 41367 33234 42960 44229 44365 55224 45568 66208
50157 77196 53357 88167 62126 99146 68750 11100 86137 21212
00008 27003 11975 29508 22942 27007 33911 23513 44850 24517
55792 24014 66738 26516 77594 22018 88551 21515 99511 25015
11492 27010 22474 26514 33455 27506 44438 18507 55405 16010
66374 08516 77305 06523 88280 04023 99268 05026 11257 05532
22206 07045 33187 07551 44170 08548 55162 09050 31313 73508
82330 41414 21551=

NNNNN

ULID53 WARR 300000
TTCC  80002 96935 70862 78760 34008 50057 69972 32508
30366 61983 08530 20620 58984 20005 88961 87535 09551
77999 31313 73508 82330=

NNNNN

UEID53 WARR 300000
TTDD  8000/ 96935 11961 87535 22936 86935 33921 82556 44886
77558 55754 80358 66634 78561 77619 75163 88587 75963 99459
65577 11388 68179 22323 65182 33286 59584 44252 58384 55227
61583 66189 57784 21212 11965 09552 22867 13528 33740 05511
44702 33509 55666 05502 66632 15008 77600 13508 88570 35501
99541 22504 11466 35509 22422 28029 33401 25523 44363 14523
55346 11530 66329 11525 77284 07025 88271 04021 99258 35026
11235 31015 22224 35511 33213 29010 44203 20505 55194 15011
31313 73508 82330=

NNNNN

UPID53 WARR 300000
PPAA  80008 96935 55385 24517 25018 26011 55340 15009
05523 06036 55320 07048 09054 09058 77999=

NNNNN

UGID53 WARR 300000
PPBB  80008 96935 90/12 27003 29508 27007 90357 23513 24517
24014 909// 26516 91579 22018 21515 25015 92012 27010 26514
27506 92357 18507 16010 08516 93245 06523 04023 05026 936//
05532 94135 07045 07551 08548 946// 09050=

NNNNN

UHID53 WARR 300000
PPCC  80008 96935 55370 34008 32508 08530 55120 20005
77999=

NNNNN

UQID53 WARR 300000
PPDD  80008 96935 9568/ 09552 13528 96123 05511 33509 05502
96456 15008 13508 35501 967// 22504 97023 35509 28029 25523
97567 14523 11530 11525 98012 07025 04021 35026 98456 31015
35511 29010 9878/ 20505 15011=

NNNNN
