USID53 WARR 170000
TTAA  67001 96935 99008 23413 29002 00071 25019 28503
92758 22620 30513 85491 19039 31511 70135 10844 25010
50587 04524 02009 40759 14137 16010 30971 29929 15008
25098 40537 05505 20247 53543 09514 15426 68156 06539
10658 84143 11559 88999 77999 31313 73508 82329=

NNNNN

UKID53 WARR 170000
TTBB  67008 96935 00008 23413 11007 25614 22995 26044 33976
25017 44718 11234 55688 10850 66649 07433 77636 07450 88557
00023 99469 07325 11420 13106 22400 14137 33344 21940 44280
34122 55238 43344 66177 59930 77164 63756 88100 84143 21212
00008 29002 11975 29011 22910 29511 33880 30008 44849 31511
55792 25505 66737 26011 77686 26511 88662 27505 99616 29008
11593 31508 22572 34010 33551 01012 44531 01009 55473 03004
66456 19001 77421 12507 88405 16011 99389 15004 11345 21505
22318 21503 33305 13506 44246 05004 55235 12003 66215 08008
77196 09017 88170 07029 99162 07036 11139 06541 22126 09039
33113 11054 31313 73508 82329 41414 11511=

NNNNN

ULID53 WARR 170000
TTCC  67003 96935 70860 73763 19002 50059 70171 25505
30366 67977 28004 88958 85141 11051 77999 31313 73508
82329=

NNNNN

UEID53 WARR 170000
TTDD  6700/ 96935 11958 85141 22883 81158 33819 80956 44740
78159 55699 73763 66649 70366 77551 72969 88536 70172 99435
66974 11320 68175 22296 67778 33278 60981 44262 59184 55233
61383 66217 59184 21212 11963 11051 22911 11043 33863 14019
44819 21512 55737 13018 66700 19002 77665 19512 88632 14007
99601 03510 11571 01509 22543 31010 33516 02505 44491 23013
55466 20018 66444 22007 77422 29011 88402 30509 99382 32510
11364 28515 22346 28512 33329 25012 44313 04003 55298 28505
66284 35515 77258 31511 88246 26003 99234 24006 11223 15503
31313 73508 82329=

NNNNN

UPID53 WARR 170000
PPAA  67008 96935 55385 31511 25010 02009 55340 16010
15008 05505 55320 09514 06539 11559 77999=

NNNNN

UGID53 WARR 170000
PPBB  67008 96935 90/13 29002 29011 29511 90457 30008 31511
25505 909// 26011 91124 26511 27505 29008 91567 31508 34010
01012 918// 01009 92124 03004 19001 12507 92569 16011 15004
21505 93127 21503 13506 05004 938// 12003 94025 08008 09017
07029 9469/ 07036 06541 9513/ 09039 11054=

NNNNN

UHID53 WARR 170000
PPCC  67008 96935 55370 19002 25505 28004 77999=

NNNNN

UQID53 WARR 170000
PPDD  67008 96935 95678 11051 11043 14019 959// 21512 96123
13018 19002 19512 96456 14007 03510 01509 96789 31010 02505
23013 97012 20018 22007 29011 97345 30509 32510 28515 97678
28512 25012 04003 979// 28505 98023 35515 31511 26003 9845/
24006 15503=

NNNNN
