USID53 WARR 110000
TTAA  61001 96935 99010 25230 22002 00091 26034 25501
92775 23456 32007 85510 19858 31508 70158 11457 29013
50589 05907 01504 40760 15718 12012 30971 30133 18512
25098 40736 14024 20246 53336 12021 15424 68346 08025
10660 77558 21506 88999 77999 31313 73508 82329=

NNNNN

UKID53 WARR 110000
TTBB  61008 96935 00010 25230 11009 26425 22957 23410 33930
23456 44749 15058 55568 00004 66443 10717 77342 23126 88267
36734 99193 55333 11164 63556 22138 71939 33122 77356 44117
74759 55107 74759 66100 77558 21212 00010 22002 11976 02002
22944 00503 33912 31506 44881 30511 55822 31508 66794 27009
77739 28509 88688 30013 99617 28514 11573 33506 22552 02009
33532 03509 44512 02506 55474 11505 66456 10008 77439 11509
88422 09010 99360 13521 11318 18513 22292 18512 33268 13513
44225 13027 55215 12530 66196 11523 77161 10024 88132 07526
99125 06537 11119 07026 22113 18011 33102 19513 31313 73508
82329 41414 31571=

NNNNN

ULID53 WARR 110000
TTCC  61002 96935 70862 78343 33518 50059 70144 26016
30371 63740 16514 20621 57546 03011 88878 82950 32510
88279 65730 17510 77999 31313 73508 82329=

NNNNN

UEID53 WARR 110000
TTDD  6100/ 96935 11878 82950 22832 83537 33781 78757 44730
79534 55602 72156 66549 71540 77519 69350 88479 70534 99450
69143 11439 66557 22397 62756 33326 61950 44279 65730 55264
65925 66255 63944 77231 60356 88204 57350 99189 58937 11157
57549 22143 53757 33121 51958 21212 11967 30002 22916 34007
33868 32511 44823 28509 55780 34006 66740 32020 77702 33018
88666 28512 99632 07502 11601 35504 22571 28513 33444 26017
44423 31010 55383 26523 66365 23515 77348 18508 88331 24507
99315 18005 11286 15516 22235 10519 33194 00510 44168 07516
55153 08536 66127 09565 77121 08562 31313 73508 82329=

NNNNN

UPID53 WARR 110000
PPAA  61008 96935 55385 31508 29013 01504 55340 12012
18512 14024 55320 12021 08025 21506 77999=

NNNNN

UGID53 WARR 110000
PPBB  61008 96935 90/12 22002 02002 00503 90346 31506 30511
31508 9079/ 27009 28509 91146 30013 28514 33506 91789 02009
03509 02506 92123 11505 10008 11509 9248/ 09010 13521 93135
18513 18512 13513 939// 13027 94026 12530 11523 10024 95012
07526 06537 07026 9535/ 18011 19513=

NNNNN

UHID53 WARR 110000
PPCC  61008 96935 55370 33518 26016 16514 55120 03011
77999=

NNNNN

UQID53 WARR 110000
PPDD  61008 96935 95678 30002 34007 32511 959// 28509 96012
34006 32020 33018 96345 28512 07502 35504 966// 28513 97124
26017 31010 26523 97567 23515 18508 24507 978// 18005 98048
15516 10519 00510 99137 07516 08536 09565 998// 08562=

NNNNN
