USID53 WARR 190000
TTAA  69001 96935 99010 24820 30003 00093 25629 30005
92782 24257 20510 85513 18028 24014 70159 09022 20012
50588 03962 17004 40761 14733 22011 30973 29358 02002
25100 38957 15513 20249 51963 09016 15429 68357 10022
10661 84156 07040 88999 77999 31313 73508 82329=

NNNNN

UKID53 WARR 190000
TTBB  69008 96935 00010 24820 11009 26223 22968 25247 33946
26258 44881 20239 55851 18028 66830 18250 77716 10021 88650
06644 99617 03225 11605 04660 22581 01656 33561 00864 44551
00866 55545 00059 66542 00557 77535 00961 88519 02358 99506
03162 11491 04956 22481 05757 33471 06369 44464 07171 55453
08559 66448 08559 77446 08959 88443 08969 99437 09581 11420
11772 22416 12384 33415 12395 44408 13357 55406 13742 66361
19948 77349 22115 88324 25539 99318 26158 11294 30157 22283
31564 33264 35773 44258 36967 55255 37760 66248 39356 77200
51963 88182 57558 99117 80356 11100 84156 21212 00010 30003
11977 19508 22944 17009 33881 23004 44822 23530 55739 21518
66713 22010 77688 19012 88573 17012 99531 19014 11512 16006
22439 21509 33406 22012 44390 20511 55375 22007 66360 22003
77346 36001 88332 01506 99319 35504 11305 07502 22293 06003
33281 11505 44269 15509 55258 15011 66247 14010 77236 09010
88120 10029 99114 09033 31313 73508 82329 41414 11511=

NNNNN

ULID53 WARR 190000
TTCC  69003 96935 70862 75163 28021 50059 73171 23515
30367 63383 31007 88972 85350 07036 77999 31313 73508
82329=

NNNNN

UEID53 WARR 190000
TTDD  6900/ 96935 11972 85350 22910 82558 33841 83356 44819
80159 55764 80958 66740 76962 77675 75763 88662 72366 99467
73571 11419 69576 22395 70178 33367 62783 44281 62183 21212
11968 06535 22916 04516 33868 14504 44823 03509 55780 31520
66740 27515 77666 26519 88633 24514 99544 23516 11516 26012
22490 20015 33466 25516 44421 21023 55400 13514 66381 09008
77363 27009 88345 24013 99314 30014 11299 31007 22284 29504
31313 73508 82329=

NNNNN

UPID53 WARR 190000
PPAA  69008 96935 55385 24014 20012 17004 55340 22011
02002 15513 55320 09016 10022 07040 77999=

NNNNN

UGID53 WARR 190000
PPBB  69008 96935 90/12 30003 19508 17009 90469 23004 23530
21518 91016 22010 19012 17012 9189/ 19014 16006 92356 21509
22012 20511 92789 22007 22003 36001 93012 01506 35504 07502
93345 06003 11505 15509 93678 15011 14010 09010 9523/ 10029
09033=

NNNNN

UHID53 WARR 190000
PPCC  69008 96935 55370 28021 23515 31007 77999=

NNNNN

UQID53 WARR 190000
PPDD  69008 96935 95678 06535 04516 14504 959// 03509 96013
31520 27515 26519 96478 24514 23516 26012 969// 20015 97023
25516 21023 13514 97456 09008 27009 24013 9789/ 30014 31007
980// 29504=

NNNNN
