USID53 WARR 260000
TTAA  76001 96935 99007 26232 26004 00061 27030 27506
92750 22819 28020 85490 19429 01502 70135 11859 27527
50587 05950 26028 40759 15120 21004 30970 29934 07510
25098 40543 08032 20246 52956 10041 15424 68758 10557
10660 77562 05511 88122 76957 09574 77125 09573 31313
73508 82329=

NNNNN

UKID53 WARR 260000
TTBB  76008 96935 00007 26232 11006 27430 22896 20811 33868
20836 44704 12060 55617 04850 66548 00056 77511 04930 88500
05950 99467 07723 11338 23531 22226 45550 33122 76957 44112
75161 55100 77562 21212 00007 26004 11974 28011 22910 28515
33879 30006 44849 01502 55820 29504 66791 29507 77764 29516
88616 25022 99551 27021 11492 25023 22473 22509 33456 30509
44421 28511 55405 24008 66389 09504 77374 08013 88331 09513
99317 06510 11304 07009 22292 09014 33257 08027 44246 08035
55187 10048 66178 10552 77132 10068 88125 09573 99119 09568
11107 07530 22102 06014 31313 73508 82329 41414 21511=

NNNNN

ULID53 WARR 260000
TTCC  76002 96935 70863 80761 14006 50060 68975 22516
30370 64783 10508 20622 57584 09521 88956 79162 11006
88696 80961 15506 88323 64982 27509 77999 31313 73508
82329=

NNNNN

UEID53 WARR 260000
TTDD  7600/ 96935 11956 79162 22914 79563 33877 75965 44696
80961 55616 77163 66585 74765 77564 69370 88414 70181 99365
61783 11323 64982 22252 62583 33223 56984 44171 59784 21212
11966 09006 22916 16512 33869 06005 44825 23010 55783 18018
66704 12505 77668 25001 88634 07506 99602 03511 11572 01016
22544 32006 33517 25007 44468 21515 55445 22519 66423 20013
77403 20507 88365 25505 99348 29513 11331 26504 22315 27504
33300 10508 44286 08518 55259 06013 66247 06532 77224 06526
88204 10014 99177 09538 31313 73508 82329=

NNNNN

UPID53 WARR 260000
PPAA  76008 96935 55385 01502 27527 26028 55340 21004
07510 08032 55320 10041 10557 05511 71532 09573=

NNNNN

UGID53 WARR 260000
PPBB  76008 96935 90/13 26004 28011 28515 90456 30006 01502
29504 9078/ 29507 29516 9147/ 25022 27021 92012 25023 22509
30509 92456 28511 24008 09504 927// 08013 93012 09513 06510
07009 93367 09014 08027 08035 9434/ 10048 10552 95012 10068
09573 09568 9545/ 07530 06014=

NNNNN

UHID53 WARR 260000
PPCC  76008 96935 55370 14006 22516 10508 55120 09521
77999=

NNNNN

UQID53 WARR 260000
PPDD  76008 96935 95678 09006 16512 06005 959// 23010 96023
18018 12505 25001 96456 07506 03511 01016 9678/ 32006 25007
97012 21515 22519 20013 97356 20507 25505 29513 97789 26504
27504 10508 98023 08518 06013 06532 9857/ 06526 10014 990//
09538=

NNNNN
