USID53 WARR 040000
TTAA  54001 96935 99011 24213 28001 00094 24828 26508
92781 24058 15508 85516 18656 13507 70157 10245 25016
50589 04343 36009 40761 15141 19004 30972 30562 07510
25099 40360 07012 20247 53357 04016 15425 68958 07043
10659 81359 10040 88105 82558 10534 77999 31313 73508
82330=

NNNNN

UKID53 WARR 040000
TTBB  54008 96935 00011 24213 11997 25843 22948 23432 33940
24256 44866 19858 55815 15628 66550 00039 77454 07958 88405
14343 99386 16757 11365 20131 22334 24950 33322 26362 44279
34759 55264 37165 66238 43150 77215 49133 88209 50927 99207
51520 11203 52547 22200 53357 33185 57747 44164 64548 55155
67159 66141 72157 77135 71362 88105 82558 99100 81359 21212
00011 28001 11977 21503 22944 20505 33913 13509 44882 13012
55852 13508 66822 15510 77766 22008 88739 22513 99664 23516
11640 21511 22595 27007 33573 33004 44552 29005 55512 35508
66493 36011 77474 34510 88457 34507 99439 35005 11422 05003
22406 18502 33390 19501 44375 10503 55360 27001 66346 24001
77332 04503 88305 08007 99293 07506 11280 16504 22269 10510
33257 08010 44246 06514 55215 04017 66187 05523 77170 05541
88126 06540 99113 10028 11102 10038 31313 73508 82330 41414
11511=

NNNNN

ULID53 WARR 040000
TTCC  54003 96935 70861 76561 02007 50059 67572 26014
30369 61180 08523 88999 77999 31313 73508 82330=

NNNNN

UEID53 WARR 040000
TTDD  5400/ 96935 11891 83158 22682 77161 33642 72765 44564
71168 55543 67771 66442 70571 77386 64775 88362 65575 99285
58382 11240 60590 21212 11914 09533 22866 08019 33821 25004
44778 13505 55738 12011 66701 02507 77665 34009 88632 35008
99601 00515 11571 34514 22517 29507 33491 26018 44467 28022
55444 25515 66422 14502 77402 24504 88382 20508 99347 16519
11314 10524 22299 08523 33272 03012 44247 04517 31313 73508
82330=

NNNNN

UPID53 WARR 040000
PPAA  54008 96935 55385 13507 25016 36009 55340 19004
07510 07012 55320 04016 07043 10040 77999=

NNNNN

UGID53 WARR 040000
PPBB  54008 96935 90/12 28001 21503 20505 90345 13509 13012
13508 90689 15510 22008 22513 91235 23516 21511 27007 91679
33004 29005 35508 92012 36011 34510 34507 92345 35005 05003
18502 92678 19501 10503 27001 929// 24001 93023 04503 08007
07506 93456 16504 10510 08010 937// 06514 94035 04017 05523
05541 95135 06540 10028 10038=

NNNNN

UHID53 WARR 040000
PPCC  54008 96935 55370 02007 26014 08523 77999=

NNNNN

UQID53 WARR 040000
PPDD  54008 96935 95789 09533 08019 25004 96012 13505 12011
02507 96345 34009 35008 00515 96689 34514 29507 26018 97012
28022 25515 14502 97346 24504 20508 16519 9789/ 10524 08523
9813/ 03012 04517=

NNNNN
