USID53 WARR 120000
TTAA  62001 96935 99009 25024 26002 00082 26825 26504
92771 23457 33005 85505 19050 31505 70154 11056 28511
50588 06135 10010 40760 14162 07015 30972 30358 09508
25100 40163 07508 20248 52163 11508 15427 67562 07013
10662 83556 27019 88999 77999 31313 73508 82330=

NNNNN

UKID53 WARR 120000
TTBB  62008 96935 00009 25024 11008 26422 22926 23457 33699
11056 44565 00019 55513 05315 66497 06156 77455 09357 88438
11733 99410 13362 11369 17964 22302 29959 33246 40963 44225
46359 55205 50762 66190 54959 77164 62764 88111 79360 99100
83556 21212 00009 26002 11976 33505 22943 30505 33912 36003
44881 31006 55793 31507 66766 29513 77713 29511 88688 31008
99663 33006 11594 24003 22573 24504 33531 14506 44511 13504
55474 08511 66456 07512 77438 10508 88422 09511 99390 07515
11305 08510 22293 11504 33246 07507 44225 08010 55206 10008
66196 12009 77187 11012 88179 09508 99170 07509 11162 05012
22147 07014 33133 03529 44126 35526 55108 28024 66102 26524
31313 73508 82330 41414 11511=

NNNNN

ULID53 WARR 120000
TTCC  62002 96935 70860 75960 18504 50057 70371 23521
30370 64383 12017 20620 58184 12027 88876 86546 32026
77999 31313 73508 82330=

NNNNN

UEID53 WARR 120000
TTDD  6200/ 96935 11876 86546 22820 87345 33807 84157 44791
81758 55762 82556 66717 76361 77629 75962 88609 72166 99524
72168 11462 65376 22423 62780 33312 64782 44286 61983 55236
63583 66206 58584 77178 57784 21212 11918 32525 22822 30023
33779 23017 44738 23011 55701 18504 66665 10510 77631 28004
88600 22513 99570 24521 11515 22520 22489 23020 33466 20511
44422 28018 55347 26017 66331 19016 77315 17017 88300 12017
99286 11517 11259 07518 22247 12013 33224 11501 44213 18006
55203 12525 66194 11532 77185 11039 31313 73508 82330=

NNNNN

UPID53 WARR 120000
PPAA  62008 96935 55385 31505 28511 10010 55340 07015
09508 07508 55320 11508 07013 27019 77999=

NNNNN

UGID53 WARR 120000
PPBB  62008 96935 90/12 26002 33505 30505 90347 36003 31006
31507 908// 29513 91012 29511 31008 33006 91568 24003 24504
14506 919// 13504 92123 08511 07512 10508 9246/ 09511 07515
93237 08510 11504 07507 939// 08010 94123 10008 12009 11012
94456 09508 07509 05012 948// 07014 95014 03529 35526 28024
955// 26524=

NNNNN

UHID53 WARR 120000
PPCC  62008 96935 55370 18504 23521 12017 55120 12027
77999=

NNNNN

UQID53 WARR 120000
PPDD  62008 96935 9579/ 32525 30023 96012 23017 23011 18504
96345 10510 28004 22513 96689 24521 22520 23020 97026 20511
28018 26017 97789 19016 17017 12017 98023 11517 07518 12013
98567 11501 18006 12525 9889/ 11532 11039=

NNNNN
