USID53 WARR 070000
TTAA  57001 96935 99008 24210 17002 00074 24814 26002
92765 23435 24003 85498 19442 17011 70142 10656 14509
50587 05556 09518 40759 14534 07010 30971 28959 11006
25099 39362 03008 20248 51757 01019 15427 68158 36019
10659 85548 06019 88104 85547 05521 77999 31313 73508
82330=

NNNNN

UKID53 WARR 070000
TTBB  57008 96935 00008 24210 11007 25412 22990 24213 33984
25833 44940 24441 55874 20026 66817 18258 77773 14856 88749
12415 99708 11257 11688 09431 22620 04018 33595 02427 44586
01857 55559 00257 66552 00064 77548 00371 88533 01765 99530
02360 11512 04350 22477 07158 33469 07738 44439 11149 55428
11960 66393 15334 77390 15162 88382 16556 99375 16964 11366
18173 22340 22173 33330 23961 44323 25158 55322 25356 66320
25560 77319 25765 88317 25958 99312 26948 11308 27738 22305
28133 33299 28961 44297 29367 55282 32363 66278 33362 77277
33563 88273 34356 99272 34537 11264 35926 22256 37729 33254
38325 44251 39158 55250 39362 66243 40967 77239 42169 88229
44357 99224 45542 11204 50550 22190 54761 33140 72148 44104
85547 55100 85548 21212 00008 17002 11942 24503 22880 00001
33850 17011 44820 15507 55765 20007 66687 14507 77662 16507
88639 13004 99616 16006 11594 11011 22492 09018 33438 09014
44421 07012 55405 09009 66389 05006 77374 04510 88345 05511
99318 10507 11292 09502 22280 04503 33257 01505 44235 04511
55206 01018 66140 00517 77133 01517 88107 03515 99102 06021
31313 73508 82330 41414 11511=

NNNNN

ULID53 WARR 070000
TTCC  57003 96935 70861 69967 31513 50062 68180 26524
30370 64982 14013 88999 77999 31313 73508 82330=

NNNNN

UEID53 WARR 070000
TTDD  5700/ 96935 11928 82557 22856 84356 33795 79558 44770
73763 55695 69168 66659 70569 77587 66376 88453 69781 99391
66182 11296 65382 21212 11962 05022 22912 10517 33819 11551
44737 03024 55701 31513 66633 24016 77573 25029 88546 24526
99446 27526 11404 27520 22366 23516 33331 21513 44300 14013
31313 73508 82330=

NNNNN

UPID53 WARR 070000
PPAA  57008 96935 55385 17011 14509 09518 55340 07010
11006 03008 55320 01019 36019 06019 77999=

NNNNN

UGID53 WARR 070000
PPBB  57008 96935 90/23 17002 24503 13003 90456 00001 17011
15507 908// 20007 91123 14507 16507 13004 9145/ 16006 11011
92034 09018 09014 07012 92567 09009 05006 04510 929// 05511
93134 10507 09502 04503 9368/ 01505 04511 9419/ 01018 00517
95045 01517 03515 06021=

NNNNN

UHID53 WARR 070000
PPCC  57008 96935 55370 31513 26524 14013 77999=

NNNNN

UQID53 WARR 070000
PPDD  57008 96935 95679 05022 10517 11551 96124 03024 31513
24016 9667/ 25029 24526 97135 27526 27520 23516 9779/ 21513
14013=

NNNNN
