USID53 WARR 030000
TTAA  53001 96935 99011 25018 35002 00101 25425 12004
92788 22836 33004 85523 18837 27008 70170 10031 26009
50590 04340 05506 40762 15534 08013 30973 29957 02510
25100 40160 04503 20249 52561 06524 15428 67758 09043
10662 83758 08539 88999 77999 31313 73508 82330=

NNNNN

UKID53 WARR 030000
TTBB  53008 96935 00011 25018 11010 26227 22776 15043 33658
06212 44558 00023 55532 01149 66476 06358 77380 18516 88372
18550 99350 21937 11337 23759 22302 29557 33274 34364 44252
39560 55245 40565 66159 64957 77139 71161 88100 83758 21212
00011 35002 11978 09506 22945 33505 33853 27507 44823 25511
55795 27010 66767 25511 77740 26008 88714 26511 99689 26010
11665 25008 22641 26510 33618 27509 44595 35002 55574 28502
66553 00507 77513 03506 88475 08013 99423 09515 11391 07513
22375 07010 33346 04512 44332 04013 55319 06010 66305 04011
77293 35010 88281 34509 99269 01003 11258 35002 22247 06507
33226 04010 44216 04511 55197 06525 66188 07031 77140 08048
88133 06545 99108 10035 31313 73508 82330 41414 11511=

NNNNN

ULID53 WARR 030000
TTCC  53002 96935 70863 78960 24008 50059 68171 34008
30371 66378 17515 20625 57182 09039 88941 86556 08042
88297 66977 16514 77999 31313 73508 82330=

NNNNN

UEID53 WARR 030000
TTDD  5300/ 96935 11941 86556 22921 82960 33890 80161 44828
82557 55805 79560 66763 81357 77649 75962 88614 77161 99587
76163 11542 68969 22419 66774 33367 60980 44297 66977 55267
62382 66253 57384 77200 57182 88176 51786 99118 49390 21212
11969 08542 22918 06025 33870 08006 44825 08014 55782 09507
66703 24008 77667 19510 88633 21004 99601 31507 11571 04003
22542 07512 33516 21005 44490 34513 55444 27009 66423 34504
77403 35008 88384 33017 99365 32515 11348 25009 22332 20514
33300 17515 44286 12517 55248 10026 66236 06025 77225 06008
88215 10520 99205 09531 11186 09541 22178 08553 33123 08068
31313 73508 82330=

NNNNN

UPID53 WARR 030000
PPAA  53008 96935 55385 27008 26009 05506 55340 08013
02510 04503 55320 06524 09043 08539 77999=

NNNNN

UGID53 WARR 030000
PPBB  53008 96935 90/12 35002 09506 33505 90567 27507 25511
27010 9089/ 25511 26008 91012 26511 26010 25008 91345 26510
27509 35002 91679 28502 00507 03506 92146 08013 09515 07513
9279/ 07010 04512 93012 04013 06010 04011 93345 35010 34509
01003 93679 35002 06507 04010 94023 04511 06525 07031 949//
08048 9504/ 06545 10035=

NNNNN

UHID53 WARR 030000
PPCC  53008 96935 55370 24008 34008 17515 55120 09039
77999=

NNNNN

UQID53 WARR 030000
PPDD  53008 96935 95678 08542 06025 08006 959// 08014 96023
09507 24008 19510 96456 21004 31507 04003 96789 07512 21005
34513 97123 27009 34504 35008 97456 33017 32515 25009 9779/
20514 17515 98034 12517 10026 06025 98567 06008 10520 09531
989// 09541 9908/ 08553 08068=

NNNNN
