USID53 WARR 060000
TTAA  56001 96935 99010 25413 00000 00091 27444 28003
92777 22207 06003 85513 18829 12007 70156 11860 06505
50589 04757 09518 40762 14756 14006 30973 29957 31001
25101 40950 08008 20248 52759 04020 15427 67358 10016
10662 77161 04529 88113 79358 09028 77999 31313 73508
82330=

NNNNN

UKID53 WARR 060000
TTBB  56008 96935 00010 25413 11007 26817 22991 27247 33934
22809 44753 13849 55737 12624 66730 12450 77717 11229 88698
11860 99673 09856 11636 07860 22596 04257 33584 03463 44568
01857 55541 00065 66519 02758 77487 05758 88471 06767 99453
07775 11431 10370 22403 14356 33366 19525 44354 21143 55342
23125 66303 29356 77233 44744 88193 54561 99113 79358 11100
77161 21212 00010 00000 11976 27502 22944 03502 33881 11504
44851 12006 55794 08007 66688 07006 77664 11012 88640 11009
99617 09011 11595 10511 22552 09019 33532 10520 44493 09518
55440 14011 66407 12507 77375 25002 88361 22502 99332 24005
11306 20003 22293 10502 33258 09006 44236 06515 55196 05018
66154 09513 77114 09526 88108 09539 99102 05533 31313 73508
82330 41414 81511=

NNNNN

ULID53 WARR 060000
TTCC  56002 96935 70864 77162 10012 50063 68774 29017
30374 64383 11514 20628 55985 10023 88824 81959 17516
77999 31313 73508 82330=

NNNNN

UEID53 WARR 060000
TTDD  5600/ 96935 11824 81959 22735 81360 33672 74763 44648
75163 55601 70168 66502 68574 77427 63583 88339 66382 99312
63383 11296 64783 22242 57384 33218 55585 44160 57584 55144
57184 66131 52586 21212 11970 04022 22920 06514 33873 17007
44828 18016 55784 15009 66705 10016 77670 15511 88636 12017
99605 35006 11547 34007 22494 27518 33448 24510 44426 29009
55406 30520 66333 21010 77317 23515 88302 12012 99274 09512
11261 15015 22237 11519 33216 14022 44196 08517 55179 07009
66170 01009 77163 08507 88135 08034 31313 73508 82330=

NNNNN

UPID53 WARR 060000
PPAA  56008 96935 55385 12007 06505 09518 55340 14006
31001 08008 55320 04020 10016 04529 77999=

NNNNN

UGID53 WARR 060000
PPBB  56008 96935 90/12 00000 27502 03502 90457 11504 12006
08007 91123 07006 11012 11009 91457 09011 10511 09019 918//
10520 92035 09518 14011 12507 9278/ 25002 22502 93023 24005
20003 10502 9368/ 09006 06515 9427/ 05018 09513 95345 09526
09539 05533=

NNNNN

UHID53 WARR 060000
PPCC  56008 96935 55370 10012 29017 11514 55120 10023
77999=

NNNNN

UQID53 WARR 060000
PPDD  56008 96935 95678 04022 06514 17007 959// 18016 96023
15009 10016 15511 96457 12017 35006 34007 969// 27518 97123
24510 29009 30520 97789 21010 23515 12012 98124 09512 15015
11519 9868/ 14022 08517 99012 07009 01009 08507 996// 08034=

NNNNN
