USID53 WARR 050000
TTAA  55001 96935 99010 25417 26002 00090 25216 27003
92773 22022 12005 85508 18640 28501 70144 10458 27003
50587 04914 27011 40760 13960 12507 30972 29157 08516
25100 39558 02002 20248 52759 05018 15426 69156 05531
10660 78960 07030 88999 77999 31313 73508 82329=

NNNNN

UKID53 WARR 050000
TTBB  55008 96935 00010 25417 11828 17432 22822 17456 33804
15619 44764 12422 55741 12857 66692 10259 77679 10667 88655
08667 99641 07457 11561 00021 22494 05908 33418 12937 44399
13762 55374 18147 66367 18167 77351 20758 88335 23550 99317
25959 11289 31548 22240 41958 33217 47956 44200 52759 55173
61347 66124 77757 77100 78960 21212 00010 26002 11977 03004
22944 10507 33912 12504 44851 00001 55821 25005 66793 26507
77765 23005 88738 23002 99712 30502 11663 26008 22639 25510
33616 27507 44551 26505 55492 27009 66474 31003 77456 00000
88438 13508 99390 13009 11374 10009 22360 08513 33305 09517
44292 05511 55280 04006 66269 06506 77257 02505 88235 06509
99225 04011 11196 04520 22178 02021 33162 03526 44147 06033
55132 08043 66126 08051 77119 07557 88113 08035 99102 08535
31313 73508 82329 41414 33531=

NNNNN

ULID53 WARR 050000
TTCC  55005 96935 70863 77361 00508 50061 71969 25522
88881 83158 01004 77999 31313 73508 82329=

NNNNN

UEID53 WARR 050000
TTDD  5500/ 96935 11881 83158 22813 77961 33701 77361 44664
72566 55620 70168 66475 73768 77435 67973 88389 68174 99335
61181 11313 60983 21212 11916 02013 22868 19003 33823 12018
44781 10010 55741 34508 66704 01006 77668 01507 88634 35509
99603 28511 11545 27029 22518 23521 33492 26019 44468 24007
55444 17006 66423 18011 77402 14508 88364 02515 99347 36007
11330 23006 22315 22008 31313 73508 82329=

NNNNN

UPID53 WARR 050000
PPAA  55008 96935 55385 28501 27003 27011 55340 12507
08516 02002 55320 05018 05531 07030 77999=

NNNNN

UGID53 WARR 050000
PPBB  55008 96935 90/12 26002 03004 10507 90356 12504 00001
25005 90789 26507 23005 23002 91023 30502 26008 25510 9147/
27507 26505 92012 27009 31003 00000 92367 13508 13009 10009
928// 08513 93234 09517 05511 04006 93568 06506 02505 06509
939// 04011 94246 04520 02021 03526 948// 06033 95012 08043
08051 07557 9535/ 08035 08535=

NNNNN

UHID53 WARR 050000
PPCC  55008 96935 55270 00508 25522 77999=

NNNNN

UQID53 WARR 050000
PPDD  55008 96935 95789 02013 19003 12018 96012 10010 34508
01006 96345 01507 35509 28511 96789 27029 23521 26019 97012
24007 17006 18011 97356 14508 02515 36007 9778/ 23006 22008=

NNNNN
