USID53 WARR 060000
TTAA  56001 96935 99010 25617 00000 00091 26430 08004
92776 23050 16006 85511 18233 23005 70152 11059 19510
50588 05134 14007 40760 15163 09011 30972 28962 05517
25100 39762 04510 20248 52367 06020 15427 68356 06032
10660 81356 08019 88113 82943 06042 77999 31313 73508
82330=

NNNNN

UKID53 WARR 060000
TTBB  56008 96935 00010 25617 11001 26430 22843 17630 33766
14460 44746 13470 55736 12863 66722 12873 77707 11668 88703
11462 99660 07859 11637 06862 22636 07063 33631 06857 44594
02424 55558 00029 66529 03506 77516 04903 88508 04731 99487
05958 11442 10957 22436 11560 33423 12558 44419 12964 55412
13758 66410 14157 77409 14341 88404 14560 99393 15568 11391
15569 22384 16750 33329 23760 44237 42566 55202 51767 66140
72145 77113 82943 88112 82946 99111 80957 11100 81356 21212
00010 00000 11977 11507 22944 10504 33912 17010 44851 22505
55822 26006 66766 24015 77739 25013 88713 20507 99663 20015
11617 26007 22531 25006 33511 17002 44492 12507 55474 11511
66422 11510 77405 10509 88390 07012 99345 02514 11269 05012
22215 05015 33162 08026 44147 05532 55133 05532 66120 05528
77107 05031 31313 73508 82330 41414 30936=

NNNNN

ULID53 WARR 060000
TTCC  56002 96935 70864 75764 29016 50060 70369 16504
30370 60981 14011 20624 53585 09031 88999 77999 31313
73508 82330=

NNNNN

UEID53 WARR 060000
TTDD  5600/ 96935 11941 82357 22834 75562 33656 76563 44478
70969 55405 64776 66338 65177 77311 61381 88278 62182 99242
60784 11212 54185 22154 49992 21212 11965 10506 22915 14015
33867 09518 44823 32511 55705 30015 66669 25517 77636 27021
88573 22515 99545 15503 11517 10008 22492 18005 33468 10006
44423 03011 55402 03503 66383 34508 77365 30505 88331 28502
99315 09508 11300 14011 22286 14519 33247 06018 44225 09024
55214 08030 66205 08026 77186 10042 88162 08553 99154 08554
31313 73508 82330=

NNNNN

UPID53 WARR 060000
PPAA  56008 96935 55385 23005 19510 14007 55340 09011
05517 04510 55320 06020 06032 08019 77999=

NNNNN

UGID53 WARR 060000
PPBB  56008 96935 90/12 00000 11507 10504 90356 17010 22505
26006 9089/ 24015 25013 91024 20507 20015 26007 9189/ 25006
17002 92014 12507 11511 11510 92569 10509 07012 02514 935//
05012 94068 05015 08026 05532 95024 05532 05528 05031=

NNNNN

UHID53 WARR 060000
PPCC  56008 96935 55370 29016 16504 14011 55120 09031
77999=

NNNNN

UQID53 WARR 060000
PPDD  56008 96935 95678 10506 14015 09518 959// 32511 96234
30015 25517 27021 96678 22515 15503 10008 969// 18005 97023
10006 03011 03503 97457 34508 30505 28502 9789/ 09508 14011
98035 14519 06018 09024 98679 08030 08026 10042 9923/ 08553
08554=

NNNNN
