USID53 WARR 240000
TTAA  74001 96935 99008 25622 29005 00075 26220 29507
92762 23236 28019 85504 19247 26022 70152 10856 26523
50587 04523 30505 40760 14332 10005 30973 28705 06007
25100 38941 08524 20249 51956 09040 15429 67356 11056
10662 82550 08554 88105 83144 10070 77108 09571 31313
73508 82329=

NNNNN

UKID53 WARR 240000
TTBB  74008 96935 00008 25622 11007 26621 22923 23440 33868
19425 44852 19444 55781 14237 66771 14658 77722 11433 88703
11056 99653 06417 11565 00029 22552 01108 33542 01533 44522
03506 55499 04525 66473 07906 77440 09733 88409 13915 99391
15341 11372 18314 22347 20529 33306 27705 44281 32535 55216
47356 66105 83144 77100 82550 21212 00008 29005 11975 29519
22850 26022 33713 26020 44639 25521 55594 26513 66572 29512
77511 26510 88492 30007 99474 27503 11456 35005 22438 07505
33422 10005 44390 11005 55374 08508 66360 03015 77318 03011
88269 10519 99225 07026 11206 08536 22179 10546 33171 10550
44114 10064 55108 09571 31313 73508 82329 41414 11511=

NNNNN

ULID53 WARR 240000
TTCC  74002 96935 70865 72760 14012 50062 69764 18511
30370 64771 15510 20620 56385 09042 88999 77999 31313
73508 82329=

NNNNN

UEID53 WARR 240000
TTDD  7400/ 96935 11885 84357 22855 84556 33836 79959 44772
76558 55748 72161 66661 73961 77569 73561 88543 69965 99476
71762 11445 66768 22399 68167 33366 65170 44253 64572 55227
62778 66199 55985 77162 53785 21212 11917 08024 22869 12015
33824 07526 44782 08024 55742 15508 66705 14011 77670 14002
88637 15005 99605 33007 11575 34515 22519 21011 33469 12008
44446 34008 55425 31019 66384 30513 77366 26009 88331 20015
99286 15011 11272 08513 22259 13009 33247 08509 44235 12025
55224 10029 66177 08537 77168 09057 31313 73508 82329=

NNNNN

UPID53 WARR 240000
PPAA  74008 96935 55385 26022 26523 30505 55340 10005
06007 08524 55320 09040 11056 08554 71619 09571=

NNNNN

UGID53 WARR 240000
PPBB  74008 96935 90/15 29005 29519 26022 91035 26020 25521
26513 9169/ 29512 26510 92012 30007 27503 35005 92346 07505
10005 11005 9278/ 08508 03015 93159 03011 10519 07026 94145
08536 10546 10550 9534/ 10064 09571=

NNNNN

UHID53 WARR 240000
PPCC  74008 96935 55370 14012 18511 15510 55120 09042
77999=

NNNNN

UQID53 WARR 240000
PPDD  74008 96935 95789 08024 12015 07526 96012 08024 15508
14011 96345 14002 15005 33007 9668/ 34515 21011 97012 12008
34008 31019 97457 30513 26009 20015 98012 15011 08513 13009
98345 08509 12025 10029 9901/ 08537 09057=

NNNNN
