USID53 WARR 080000
TTAA  58001 96935 99012 26423 27002 00107 25819 26506
92790 22019 12507 85521 18628 09010 70169 10860 08517
50590 04356 08026 40763 15157 07524 30976 29369 09517
25103 40157 06018 20251 53160 06530 15430 67959 07538
10663 83157 11509 88999 77999 31313 73508 82330=

NNNNN

UKID53 WARR 080000
TTBB  58008 96935 00012 26423 11759 12817 22727 12058 33718
11460 44709 11056 55702 10859 66650 08058 77636 07262 88621
06057 99555 00025 11510 03938 22496 04758 33458 08550 44430
11162 55411 13757 66387 16358 77373 17366 88308 27769 99272
35166 11252 39758 22189 56162 33157 66158 44125 73961 55100
83157 21212 00012 27002 11978 14502 22945 13006 33914 15006
44883 08508 55852 09010 66823 08510 77767 10014 88689 07518
99596 10015 11347 07018 22294 09018 33237 05520 44207 05527
55188 06538 66126 06543 77120 05525 88108 06508 99102 09006
31313 73508 82330 41414 21511=

NNNNN

ULID53 WARR 080000
TTCC  58002 96935 70864 75962 13013 50063 69771 32509
30371 58184 08513 20628 56385 10042 88976 83956 13014
77999 31313 73508 82330=

NNNNN

UEID53 WARR 080000
TTDD  5800/ 96935 11976 83956 22862 81159 33790 83357 44772
83357 55727 76562 66633 73564 77602 68970 88456 70571 99388
69772 11335 65777 22299 57584 33286 55185 44237 56984 55203
56585 66188 52985 77176 54385 88142 48987 21212 11972 13015
22872 11520 33826 11507 44783 13510 55743 13506 66705 14013
77669 13016 88635 07513 99604 04015 11574 33511 22546 26005
33520 34009 44494 32008 55470 18505 66425 11511 77404 11513
88384 12009 99365 11520 11331 07019 22300 08513 33286 02509
44261 03007 55249 13504 66237 17007 77216 12523 88206 11034
99187 09044 11179 09049 22163 08050 33156 07545 44149 08045
31313 73508 82330=

NNNNN

UPID53 WARR 080000
PPAA  58008 96935 55385 09010 08517 08026 55340 07524
09517 06018 55320 06530 07538 11509 77999=

NNNNN

UGID53 WARR 080000
PPBB  58008 96935 90/12 27002 14502 13006 90345 15006 08508
09010 9068/ 08510 10014 9115/ 07518 10015 929// 07018 9338/
09018 05520 9413/ 05527 06538 95124 06543 05525 06508 955//
09006=

NNNNN

UHID53 WARR 080000
PPCC  58008 96935 55370 13013 32509 08513 55120 10042
77999=

NNNNN

UQID53 WARR 080000
PPDD  58008 96935 95689 13015 11520 11507 96012 13510 13506
14013 96345 13016 07513 04015 96678 33511 26005 34009 969//
32008 97023 18505 11511 11513 97457 12009 11520 07019 979//
08513 98023 02509 03007 13504 98467 17007 12523 11034 989//
09044 99023 09049 08050 07545 994// 08045=

NNNNN
