USID53 WARR 090000
TTAA  59001 96935 99010 23815 29003 00086 25220 29006
92773 22423 06002 85505 18635 06504 70147 09429 07507
50587 04527 06512 40760 14136 04008 30973 29334 04517
25100 39556 03502 20248 52156 07517 15428 67756 15014
10661 83147 06534 88105 84540 08527 77999 31313 73508
82330=

NNNNN

UKID53 WARR 090000
TTBB  59008 96935 00010 23815 11003 24812 22982 25429 33779
14012 44666 08436 55564 00026 66558 00724 77481 06150 88420
12327 99348 20556 11302 28938 22248 39956 33237 42360 44222
46162 55195 53750 66169 61360 77151 67356 88134 72958 99105
84540 11104 84145 22100 83147 21212 00010 29003 11976 06002
22943 09505 33912 03004 44851 07004 55793 02010 66739 09004
77712 08506 88687 09012 99663 07009 11616 04005 22594 03011
33531 01510 44511 07009 55474 03010 66438 03512 77422 06010
88390 03508 99374 01511 11360 03008 22345 04508 33332 05514
44280 04010 55269 03005 66225 07505 77206 07514 88179 08513
99170 12010 11155 15515 22147 13513 33140 10019 44108 08526
55102 06533 31313 73508 82330 41414 11511=

NNNNN

ULID53 WARR 090000
TTCC  59003 96935 70864 69568 24023 50064 70373 03004
30375 64383 27014 88999 77999 31313 73508 82330=

NNNNN

UEID53 WARR 090000
TTDD  5900/ 96935 11948 84143 22886 79359 33790 78559 44762
72764 55705 69567 66622 71370 77553 69173 88492 70973 99384
61983 11305 64383 22273 62183 21212 11966 07028 22914 06025
33867 30004 44780 11518 55741 28508 66705 23524 77670 26027
88637 26535 99575 24023 11520 16507 22494 34505 33426 27007
44405 17007 55368 04507 66350 05508 77333 33513 88288 24016
99273 25527 31313 73508 82330=

NNNNN

UPID53 WARR 090000
PPAA  59008 96935 55385 06504 07507 06512 55340 04008
04517 03502 55320 07517 15014 06534 77999=

NNNNN

UGID53 WARR 090000
PPBB  59008 96935 90/12 29003 06002 09505 90357 03004 07004
02010 909// 09004 91012 08506 09012 07009 91458 04005 03011
01510 919// 07009 92134 03010 03512 06010 92678 03508 01511
03008 929// 04508 93045 05514 04010 03005 939// 07505 94145
07514 08513 12010 94789 15515 13513 10019 9545/ 08526 06533=

NNNNN

UHID53 WARR 090000
PPCC  59008 96935 55370 24023 03004 27014 77999=

NNNNN

UQID53 WARR 090000
PPDD  59008 96935 95678 07028 06025 30004 96012 11518 28508
23524 96346 26027 26535 24023 9689/ 16507 34505 97235 27007
17007 04507 9767/ 05508 33513 9801/ 24016 25527=

NNNNN
