USID53 WARR 200000
TTAA  70001 96935 99011 25836 28002 00100 27056 28008
92791 24058 19505 85525 19056 24026 70166 10047 20025
50589 05306 22509 40761 15127 28509 30974 29159 36015
25101 40357 36017 20249 51963 05523 15429 67946 06044
10661 79557 11013 88114 81941 06546 77999 31313 73508
82330=

NNNNN

UKID53 WARR 200000
TTBB  70008 96935 00011 25836 11007 27050 22933 24658 33868
19244 44796 16260 55781 15058 66775 14228 77623 04023 88599
03856 99553 00043 11509 04507 22482 06343 33432 11912 44421
12948 55397 15717 66358 19556 77311 26762 88250 40357 99223
47157 11214 48763 22138 72739 33114 81941 44100 79557 21212
00011 28002 11978 26008 22945 17506 33913 23003 44883 22513
55823 24024 66795 23530 77740 22524 88689 20026 99664 18531
11640 17027 22595 17515 33552 15012 44512 21008 55493 23510
66475 22515 77439 23010 88422 25008 99406 27510 11390 30507
22375 34510 33346 35014 44258 36016 55247 36017 66236 00519
77216 36018 88197 06027 99188 06531 11120 05538 22108 08046
33102 08016 31313 73508 82330 41414 11511=

NNNNN

ULID53 WARR 200000
TTCC  70002 96935 70864 74363 24022 50058 70771 20505
30366 63183 09511 20621 56984 03525 88999 77999 31313
73508 82330=

NNNNN

UEID53 WARR 200000
TTDD  7000/ 96935 11923 82557 22892 79759 33815 81758 44732
75362 55626 76764 66522 73768 77495 69572 88459 70976 99380
65382 11356 66582 22329 62783 33299 63183 44251 57184 55208
58184 66191 55385 77168 58984 88160 55785 99153 55785 21212
11968 14516 22917 14017 33825 22020 44782 20515 55741 27504
66704 24023 77668 20015 88635 22505 99602 29012 11572 26006
22516 16514 33490 23505 44466 32509 55443 01015 66421 32016
77381 29018 88345 12501 99329 09507 11313 12517 22298 10510
33284 12013 44224 04016 55213 00511 66185 08018 77168 06518
88161 08039 99153 10045 31313 73508 82330=

NNNNN

UPID53 WARR 200000
PPAA  70008 96935 55385 24026 20025 22509 55340 28509
36015 36017 55320 05523 06044 11013 77999=

NNNNN

UGID53 WARR 200000
PPBB  70008 96935 90/12 28002 26008 17506 90346 23003 22513
24024 9079/ 23530 22524 91123 20026 18531 17027 91579 17515
15012 21008 92013 23510 22515 23010 92456 25008 27510 30507
9279/ 34510 35014 93678 36016 36017 00519 94023 36018 06027
06531 95245 05538 08046 08016=

NNNNN

UHID53 WARR 200000
PPCC  70008 96935 55370 24022 20505 09511 55120 03525
77999=

NNNNN

UQID53 WARR 200000
PPDD  70008 96935 95679 14516 14017 22020 96012 20515 27504
24023 96345 20015 22505 29012 96689 26006 16514 23505 97012
32509 01015 32016 97467 29018 12501 09507 9789/ 12517 10510
98056 12013 04016 00511 989// 08018 99123 06518 08039 10045=

NNNNN
