USID53 WARR 070000
TTAA  57001 96935 99012 25619 21004 00106 26020 21004
92791 22650 18508 85522 18456 20002 70167 11467 14004
50590 04763 10517 40762 15319 06518 30974 29359 06518
25102 40359 07012 20249 52958 07513 15429 68162 07534
10663 79559 27010 88999 77999 31313 73508 82330=

NNNNN

UKID53 WARR 070000
TTBB  57008 96935 00012 25619 11968 23607 22952 22804 33945
22424 44942 23449 55875 19245 66803 16862 77784 15058 88774
14663 99770 14466 11762 13858 22692 11674 33664 10477 44626
07059 55559 00033 66543 01742 77535 01561 88497 04964 99475
06961 11472 07163 22468 07556 33454 09723 44405 14914 55371
19321 66335 23166 77320 25559 88226 46160 99218 48157 11172
61359 22165 62963 33138 72557 44128 76156 55119 76160 66100
79559 21212 00012 21004 11945 16510 22913 19007 33882 16504
44823 21003 55794 12506 66740 19506 77689 22504 88664 19509
99641 20506 11596 14008 22553 13009 33533 12011 44494 10517
55391 06520 66346 05021 77258 07012 88226 07510 99216 06510
11188 07016 22163 06528 33155 07031 44120 07545 55114 04528
66108 35517 77102 30011 31313 73508 82330 41414 11511=

NNNNN

ULID53 WARR 070000
TTCC  57003 96935 70864 78161 22502 50062 67573 35015
30370 61983 05517 88940 81559 24011 77999 31313 73508
82330=

NNNNN

UEID53 WARR 070000
TTDD  5700/ 96935 11940 81559 22803 81959 33605 74565 44550
68770 55514 66573 66362 69575 77330 67179 88285 58384 99247
60182 11215 58585 21212 11971 24009 22920 21512 33873 17011
44827 19005 55784 17515 66744 17008 77705 19502 88669 16004
99635 19011 11574 08015 22519 03012 33494 33516 44425 27007
55404 18509 66385 14506 77366 20007 88331 10003 99315 08005
11300 05517 22273 11023 33236 10027 44225 08035 31313 73508
82330=

NNNNN

UPID53 WARR 070000
PPAA  57008 96935 55385 20002 14004 10517 55340 06518
06518 07012 55320 07513 07534 27010 77999=

NNNNN

UGID53 WARR 070000
PPBB  57008 96935 90/23 21004 16510 19007 90467 16504 21003
12506 909// 19506 91123 22504 19509 20506 91578 14008 13009
12011 92069 10517 06520 05021 9369/ 07012 07510 94036 06510
07016 06528 947// 07031 95234 07545 04528 35517 955// 30011=

NNNNN

UHID53 WARR 070000
PPCC  57008 96935 55370 22502 35015 05517 77999=

NNNNN

UQID53 WARR 070000
PPDD  57008 96935 95678 24009 21512 17011 959// 19005 96012
17515 17008 19502 96346 16004 19011 08015 9689/ 03012 33516
97234 27007 18509 14506 97578 20007 10003 08005 979// 05517
98145 11023 10027 08035=

NNNNN
