USID53 WARR 050000
TTAA  55001 96935 99009 25010 36001 00082 27239 13503
92772 22828 10508 85505 20057 09015 70157 10657 08010
50588 04962 08514 40761 14572 07008 30972 29372 02510
25099 39539 02512 20248 51960 03520 15428 66950 07516
10660 81756 07520 88108 84347 07519 77999 31313 73508
82329=

NNNNN

UKID53 WARR 050000
TTBB  55008 96935 00009 25010 11008 27228 22943 23415 33856
20257 44775 15458 55765 14447 66639 06261 77629 05661 88627
05463 99623 05057 11556 00061 22549 00565 33518 02567 44500
04962 55482 07161 66474 07369 77449 08373 88426 11162 99416
12760 11405 13969 22318 26377 33294 30764 44288 31966 55286
32368 66284 32769 77282 32967 88281 33359 99278 33766 11276
34170 22273 34761 33263 36949 44249 39938 55232 43759 66197
52562 77162 62956 88132 73757 99108 84347 11100 81756 21212
00009 36001 11976 09004 22850 09015 33713 09011 44688 08010
55640 07511 66594 09517 77456 08011 88439 06510 99422 04512
11406 06509 22375 05513 33345 03012 44318 03508 55293 02010
66179 03015 77147 07516 88102 09523 31313 73508 82329 41414
11541=

NNNNN

ULID53 WARR 050000
TTCC  55002 96935 70864 72566 02012 50063 67575 10511
30374 62183 08006 20628 58784 05505 88999 77999 31313
73508 82329=

NNNNN

UEID53 WARR 050000
TTDD  5500/ 96935 11855 82157 22771 77960 33746 73763 44661
73567 55628 69770 66548 71373 77497 67176 88422 64582 99359
67182 11282 59384 22244 57384 33199 58984 44186 55185 55174
54185 66158 57984 77141 58384 21212 11915 07525 22823 08020
33780 10006 44741 11016 55704 03012 66669 36012 77636 19005
88604 23509 99575 22021 11546 20513 22519 14510 33494 11009
44470 35003 55448 19004 66405 12513 77386 13502 88367 00508
99350 01514 11333 35510 22317 00507 33302 06503 44287 07012
55274 06003 66261 35501 77249 28503 88237 26507 99226 16502
11206 09503 22187 08023 33170 10520 44148 09526 31313 73508
82329=

NNNNN

UPID53 WARR 050000
PPAA  55008 96935 55385 09015 08010 08514 55340 07008
02510 02512 55320 03520 07516 07520 77999=

NNNNN

UGID53 WARR 050000
PPBB  55008 96935 90/15 36001 09004 09015 91013 09011 08010
07511 915// 09517 92234 08011 06510 04512 92579 06509 05513
03012 9313/ 03508 02010 9448/ 03015 07516 955// 09523=

NNNNN

UHID53 WARR 050000
PPCC  55008 96935 55370 02012 10511 08006 55120 05505
77999=

NNNNN

UQID53 WARR 050000
PPDD  55008 96935 9579/ 07525 08020 96012 10006 11016 03012
96345 36012 19005 23509 96678 22021 20513 14510 969// 11009
97013 35003 19004 12513 97456 13502 00508 01514 97789 35510
00507 06503 98012 07012 06003 35501 98345 28503 26507 16502
9879/ 09503 08023 9914/ 10520 09526=

NNNNN
