USID53 WARR 160000
TTAA  66001 96935 99009 34018 00000 00077 26412 20004
92764 22841 26505 85498 19439 30512 70144 09016 30006
50586 04906 00507 40759 14139 02010 30972 28550 09512
25099 39158 15012 20248 51141 16540 15428 67556 14537
10662 84745 11533 88999 77999 31313 73508 82330=

NNNNN

UKID53 WARR 160000
TTBB  66008 96935 00009 34018 11002 28213 22999 25411 33989
24009 44984 25032 55954 24644 66776 15240 77707 09213 88564
00005 99468 07314 11419 11726 22363 19523 33337 22156 44282
32541 55251 38757 66242 41150 77233 42948 88230 43741 99228
44339 11226 44556 22225 44759 33202 50742 44192 53159 55186
54962 66155 65956 77100 84745 21212 00009 00000 11975 20506
22942 24511 33911 27503 44880 30005 55850 30512 66765 30513
77738 32013 88712 30011 99687 29006 11662 24003 22616 35008
33593 02511 44572 01009 55551 35511 66511 34510 77492 00506
88473 30505 99455 33007 11438 30507 22421 35009 33405 00509
44374 03014 55359 01514 66345 00508 77331 07505 88318 08510
99280 10512 11268 12011 22257 15010 33236 16519 44215 17028
55206 17036 66126 11548 77120 12051 88114 11048 31313 73508
82330 41414 21511=

NNNNN

ULID53 WARR 160000
TTCC  66002 96935 70863 74563 17515 50060 72767 17514
30368 65370 26513 20619 57574 06527 88977 85545 11532
77999 31313 73508 82330=

NNNNN

UEID53 WARR 160000
TTDD  6600/ 96935 11977 85545 22909 85356 33881 80759 44849
81756 55838 81956 66827 78160 77787 78157 88689 73164 99648
74963 11625 72965 22531 74364 33429 66969 44308 65968 55257
59976 66218 59574 77190 56380 88181 56978 99176 56577 11170
51785 22128 53184 21212 11868 09529 22823 13006 33741 22013
44668 15513 55635 24008 66603 23524 77517 17517 88491 17511
99467 14003 11444 26007 22423 22013 33402 24507 44383 23512
55364 27516 66330 25017 77314 27518 88284 22009 99271 12520
11246 13015 22223 11527 33213 08035 44194 05028 55176 04525
66168 09035 77140 09548 88133 09050 31313 73508 82330=

NNNNN

UPID53 WARR 160000
PPAA  66008 96935 55385 30512 30006 00507 55340 02010
09512 15012 55320 16540 14537 11533 77999=

NNNNN

UGID53 WARR 160000
PPBB  66008 96935 90/12 00000 20506 24511 90345 27503 30005
30512 9089/ 30513 32013 91012 30011 29006 24003 91456 35008
02511 01009 9179/ 35511 34510 92012 00506 30505 33007 92345
30507 35009 00509 92789 03014 01514 00508 93014 07505 08510
10512 93568 12011 15010 16519 9401/ 17028 17036 95123 11548
12051 11048=

NNNNN

UHID53 WARR 160000
PPCC  66008 96935 55370 17515 17514 26513 55120 06527
77999=

NNNNN

UQID53 WARR 160000
PPDD  66008 96935 9589/ 09529 13006 96134 22013 15513 24008
96589 23524 17517 17511 97012 14003 26007 22013 97345 24507
23512 27516 9778/ 25017 27518 98013 22009 12520 13015 98568
11527 08035 05028 99015 04525 09035 09548 996// 09050=

NNNNN
