USID53 WARR 110000
TTAA  61001 96935 99009 29024 26003 00080 26025 26503
92769 23437 09002 85499 19644 12512 70146 09413 11009
50586 06506 13009 40759 13958 09013 30971 29160 06511
25099 39361 09515 20247 51765 06022 15427 67956 06039
10660 84734 12009 88999 77999 31313 73508 82330=

NNNNN

UKID53 WARR 110000
TTBB  61008 96935 00009 29024 11007 27226 22901 22646 33864
19222 44848 19648 55692 08810 66614 03614 77600 03245 88567
00006 99532 02730 11496 06904 22483 06529 33408 13357 44383
15765 55374 16961 66350 20364 77331 23759 88252 38761 99231
44358 11224 46357 22220 46762 33199 51966 44171 60957 55135
73550 66113 79756 77100 84734 21212 00009 26003 11975 00001
22943 11008 33911 27504 44880 12502 55850 12512 66821 11009
77793 11507 88765 09503 99738 12504 11662 09009 22616 11508
33593 15507 44530 13509 55511 13510 66473 11007 77455 11510
88438 11512 99405 09513 11389 09012 22374 09507 33359 09509
44345 08012 55331 06510 66318 06509 77305 06511 88280 07012
99268 08009 11257 10015 22187 06027 33170 06031 44126 06541
55119 05529 66113 06516 77107 06003 88102 14006 31313 73508
82330 41414 11511=

NNNNN

ULID53 WARR 110000
TTCC  61002 96935 70861 76962 29009 50058 70970 19007
30370 61583 01508 20626 55185 09537 88999 84935 11510
77999 31313 73508 82330=

NNNNN

UEID53 WARR 110000
TTDD  6100/ 96935 11999 84935 22839 81356 33798 79558 44785
76162 55723 78560 66621 72966 77546 73167 88488 68172 99431
67974 11359 62582 22295 62183 33259 59984 44246 55785 55225
53785 66208 56185 77177 51999 21212 11965 08515 22914 08020
33867 09518 44821 05008 55779 04504 66740 13008 77702 29008
88666 26017 99632 25508 11601 01005 22571 31513 33543 30522
44490 16508 55444 13016 66422 12011 77402 12009 88383 12509
99364 04010 11347 32505 22330 34503 33315 33510 44300 01508
55286 08510 66247 03519 77236 01009 88225 11012 99205 11532
11196 08039 22177 10047 31313 73508 82330=

NNNNN

UPID53 WARR 110000
PPAA  61008 96935 55385 12512 11009 13009 55340 09013
06511 09515 55320 06022 06039 12009 77999=

NNNNN

UGID53 WARR 110000
PPBB  61008 96935 90/12 26003 00001 11008 90345 27504 12502
12512 90678 11009 11507 09503 909// 12504 91245 09009 11508
15507 9189/ 13509 13510 92123 11007 11510 11512 92567 09513
09012 09507 9289/ 09509 08012 93012 06510 06509 06511 93456
07012 08009 10015 9435/ 06027 06031 95123 06541 05529 06516
9545/ 06003 14006=

NNNNN

UHID53 WARR 110000
PPCC  61008 96935 55370 29009 19007 01508 55120 09537
77999=

NNNNN

UQID53 WARR 110000
PPDD  61008 96935 95678 08515 08020 09518 959// 05008 96012
04504 13008 29008 96345 26017 25508 01005 96679 31513 30522
16508 97123 13016 12011 12009 97456 12509 04010 32505 97789
34503 33510 01508 98034 08510 03519 01009 98578 11012 11532
08039 990// 10047=

NNNNN
