USID53 WARR 280000
TTAA  78001 96935 99006 26221 17003 00059 26618 19001
92748 22806 27005 85487 19220 28507 70136 11239 24014
50586 03744 25014 40760 14140 25016 30971 29357 14508
25099 40361 19511 20248 51956 09524 15427 67540 10056
10663 80761 18013 88999 77999 31313 73508 82329=

NNNNN

UKID53 WARR 280000
TTBB  78008 96935 00006 26221 11886 21427 22768 13813 33748
14046 44659 08850 55560 00017 66511 04707 77502 03544 88434
10333 99377 16757 11319 26340 22299 29558 33268 35961 44248
40761 55238 42950 66205 50746 77193 53957 88160 64336 99143
68944 11122 75364 22100 80761 21212 00006 17003 11973 26503
22909 27506 33878 31009 44848 28506 55819 30508 66791 29010
77764 23506 88711 24013 99492 25511 11473 24512 22438 20008
33421 23508 44405 26015 55389 26513 66374 27008 77345 31007
88331 36006 99318 06013 11305 10505 22292 16509 33280 19513
44257 21013 55246 19010 66235 12512 77225 06010 88215 06513
99196 09028 11179 10544 22162 09547 33147 10059 44126 08565
55114 08023 66108 08010 77102 18008 31313 73508 82329 41414
30031=

NNNNN

ULID53 WARR 280000
TTCC  78003 96935 70863 79357 25010 50061 69164 26009
30367 66971 06517 88886 85956 15026 77999 31313 73508
82329=

NNNNN

UEID53 WARR 280000
TTDD  7800/ 96935 11886 85956 22775 79559 33708 78957 44689
78358 55656 71564 66626 72961 77560 68566 88364 70764 99338
70166 11323 66969 22282 64973 21212 11970 17518 22919 17021
33825 10016 44782 08519 55742 32505 66703 25010 77668 17505
88634 03505 99603 34504 11545 27025 22518 25514 33446 27013
44424 23517 55364 21522 66347 18012 77330 09007 88314 07019
99298 06015 11284 04003 31313 73508 82329=

NNNNN

UPID53 WARR 280000
PPAA  78008 96935 55385 28507 24014 25014 55340 25016
14508 19511 55320 09524 10056 18013 77999=

NNNNN

UGID53 WARR 280000
PPBB  78008 96935 90/13 17003 26503 27506 90456 31009 28506
30508 9078/ 29010 23506 910// 24013 92013 25511 24512 20008
92456 23508 26015 26513 9279/ 27008 31007 93012 36006 06013
10505 93346 16509 19513 21013 93789 19010 12512 06010 94024
06513 09028 10544 9468/ 09547 10059 95134 08565 08023 08010
955// 18008=

NNNNN

UHID53 WARR 280000
PPCC  78008 96935 55370 25010 26009 06517 77999=

NNNNN

UQID53 WARR 280000
PPDD  78008 96935 95679 17518 17021 10016 96012 08519 32505
25010 96345 17505 03505 34504 9678/ 27025 25514 97125 27013
23517 21522 97678 18012 09007 07019 979// 06015 980// 04003=

NNNNN
