USID54 WAMM 080000
TTAA  58001 97014 99002 24615 09004 00098 23211 30005
92778 21214 05513 85511 18010 04517 70153 09805 06516
50588 03700 07515 40762 13312 07515 30975 28318 07518
25103 38720 08513 20252 51721 09519 15431 67516 11015
10663 84123 06027 88999 77999 31313 73508 82330=

NNNNN

UKID54 WAMM 080000
TTBB  58008 97014 00002 24615 11997 23011 22969 23821 33554
00004 44494 04100 55401 13312 66309 26519 77241 40718 88127
76520 99100 84123 21212 00002 09004 11977 04511 22881 06012
33793 04013 44595 09518 55512 07515 66423 07515 77391 07515
88319 07514 99282 07521 11207 08516 22197 11017 33163 10515
44141 11514 55134 08511 66120 11516 31313 73508 82330 41414
48471=

NNNNN

ULID54 WAMM 080000
TTCC  58007 97014 70864 71918 17004 88942 85324 06021
77999 31313 73508 82330=

NNNNN

UEID54 WAMM 080000
TTDD  5800/ 97014 11942 85324 22810 81722 33739 78521 44724
72919 55693 71318 66673 66916 21212 11971 06522 22871 05539
33826 10522 44743 04017 55705 11503 31313 73508 82330=

NNNNN

UPID54 WAMM 080000
PPAA  58008 97014 55385 04517 06516 07515 55340 07515
07518 08513 55320 09519 11015 06027 77999=

NNNNN

UGID54 WAMM 080000
PPBB  58008 97014 90/14 09004 04511 06012 907// 04013 9159/
09518 07515 9246/ 07515 07515 9314/ 07514 07521 94126 08516
11017 10515 949// 11514 9502/ 08511 11516=

NNNNN

UHID54 WAMM 080000
PPCC  58008 97014 55170 17004 77999=

NNNNN

UQID54 WAMM 080000
PPDD  58008 97014 95689 06522 05539 10522 9612/ 04017 11503=

NNNNN
