USID54 WAFF 280000
TTAA  78001 97072 99000 26656 00000 00073 ///// /////
92758 22411 17005 85493 20050 24504 70145 10056 20002
50588 04564 26017 40760 14357 05509 30972 29361 08529
25100 39560 09536 20248 52957 08543 15427 66960 09557
10662 78758 15013 88999 77999 31313 73508 82330=

NNNNN

UKID54 WAFF 280000
TTBB  78008 97072 00000 26656 11927 22612 22907 21816 33873
22257 44825 17633 55787 16258 66712 10636 77682 08856 88676
08657 99651 08859 11639 08667 22621 07469 33616 06662 44569
02666 55552 00865 66547 00058 77534 01364 88500 04564 99493
05357 11492 05550 22481 06162 33439 11556 44430 12331 55403
13957 66365 19545 77351 21738 88344 22548 99341 22159 11318
25764 22294 30158 33242 41567 44218 47964 55200 52957 66181
57746 77177 58938 88170 60958 99154 65761 11133 73156 22126
76349 33114 80350 44109 78158 55100 78758 21212 00000 00000
11974 17005 22942 13504 33910 19504 44879 14005 55849 25004
66820 24514 77765 26514 88738 25508 99712 28504 11687 23007
22663 22513 33492 25518 44456 30511 55438 33007 66422 34512
77405 02505 88390 06511 99318 09025 11305 08530 22293 09522
33280 10026 44269 10031 55187 09048 66179 08550 77126 08554
88120 09048 99108 09526 11102 13016 31313 73508 82330 41414
25478=

NNNNN

ULID54 WAFF 280000
TTCC  7800/ 97072 88999 77999 31313 73508 82330=

NNNNN

UEID54 WAFF 280000
TTDD  7800/ 97072 11875 81559 22828 81959 21212 11970 18007
22919 23014 33827 20510 31313 73508 82330=

NNNNN

UPID54 WAFF 280000
PPAA  78008 97072 55385 24504 20002 26017 55340 05509
08529 09536 55320 08543 09557 15013 77999=

NNNNN

UGID54 WAFF 280000
PPBB  78008 97072 90/12 00000 17005 13504 90345 19504 14005
25004 90689 24514 26514 25508 91012 28504 23007 22513 92023
25518 30511 33007 92456 34512 02505 06511 93123 09025 08530
09522 9345/ 10026 10031 9434/ 09048 08550 95124 08554 09048
09526 955// 13016=

NNNNN

UHID54 WAFF 280000
PPCC  78008 97072 77999=

NNNNN

UQID54 WAFF 280000
PPDD  78008 97072 95679 18007 23014 20510=

NNNNN
