USID54 WAMM 020000
TTAA  52001 97014 99003 25420 18004 00108 25018 14504
92794 22028 36004 85526 17811 05508 70169 11044 06008
50590 04768 06021 40763 14156 07018 30975 29161 09515
25102 40160 09526 20250 53960 08031 15429 66166 10039
10662 84556 09030 88999 77999 31313 73508 82330=

NNNNN

UKID54 WAMM 020000
TTBB  52008 97014 00003 25420 11769 13008 22709 11645 33654
06827 44619 05843 55554 00030 66503 04566 77493 05764 88488
06556 99481 07331 11478 06958 22468 07958 33465 07768 44448
10160 55445 10557 66444 10750 77439 11159 88434 11750 99410
14144 11387 15759 22374 17557 33327 24159 44270 35562 55218
48956 66198 53963 77180 59159 88169 61165 99141 69564 11114
81157 22100 84556 21212 00003 18004 11946 26502 22914 01505
33853 05508 44823 05006 55767 10504 66740 06506 77714 07507
88689 07511 99618 09013 11596 11008 22574 09508 33533 06519
44440 07018 55406 08020 66376 06015 77306 09516 88270 09019
99226 08528 11216 08030 22155 11040 33133 09536 44120 10031
55114 09028 66108 07034 31313 73508 82330 41414 48471=

NNNNN

ULID54 WAMM 020000
TTCC  52003 97014 70864 73963 22513 50063 71169 28037
30371 67374 27522 88931 87146 10031 77999 31313 73508
82330=

NNNNN

UEID54 WAMM 020000
TTDD  5200/ 97014 11931 87146 22917 84357 33871 80159 44809
80358 55789 76761 66697 73963 77680 70567 88530 72568 99457
70769 11393 63576 22321 67574 33290 65177 21212 11917 11529
22869 11008 33824 11006 44781 29005 55742 28009 66704 22513
77636 25536 88575 26526 99547 27533 11494 27534 22446 31021
33404 27016 44385 28523 55349 23027 66300 27522 31313 73508
82330=

NNNNN

UPID54 WAMM 020000
PPAA  52008 97014 55385 05508 06008 06021 55340 07018
09515 09526 55320 08031 10039 09030 77999=

NNNNN

UGID54 WAMM 020000
PPBB  52008 97014 90/23 18004 26502 01505 90568 05508 05006
10504 909// 06506 91014 07507 07511 09013 91568 11008 09508
06519 92357 07018 08020 06015 93259 09516 09019 08528 9407/
08030 11040 95023 09536 10031 09028 954// 07034=

NNNNN

UHID54 WAMM 020000
PPCC  52008 97014 55370 22513 28037 27522 77999=

NNNNN

UQID54 WAMM 020000
PPDD  52008 97014 95789 11529 11008 11006 96012 29005 28009
22513 96467 25536 26526 27533 969// 27534 97134 31021 27016
28523 9769/ 23027 27522=

NNNNN
