USID54 WAMM 090000
TTAA  59001 97014 99003 26630 07002 00104 26432 03002
92794 22837 10504 85525 18631 01508 70167 11046 06010
50590 04138 07014 40762 14350 07515 30974 29949 10513
25102 40157 09025 20250 53350 08533 15428 68756 09539
10662 80958 33519 88999 77999 31313 73508 82329=

NNNNN

UKID54 WAMM 090000
TTBB  59008 97014 00003 26630 11801 15620 22714 11856 33559
00021 44483 04950 55372 17558 66310 28147 77258 38157 88203
52548 99172 61157 11144 70550 22127 76756 33100 80958 21212
00003 07002 11978 16503 22945 10504 33914 09503 44883 03506
55823 02009 66767 01510 77714 03510 88689 06009 99664 06506
11641 06011 22595 04509 33574 05511 44553 07509 55513 07514
66423 09516 77376 08017 88333 10516 99270 10515 11216 08026
22197 08535 33155 10038 44140 10048 55133 10553 66126 11057
77108 08508 88102 33514 31313 73508 82329 41414 24541=

NNNNN

ULID54 WAMM 090000
TTCC  59002 97014 70863 74962 27522 50062 70978 25020
30370 62183 27012 20625 58784 05525 88876 83756 32020
77999 31313 73508 82329=

NNNNN

UEID54 WAMM 090000
TTDD  5900/ 97014 11876 83756 22808 82958 33733 75962 44671
73365 55623 74766 66563 67574 77504 70777 88435 66182 99396
68782 11319 64782 22287 58384 33250 56785 44201 58584 55179
57984 66157 51986 21212 11969 35014 22871 32019 33825 01012
44741 02003 55704 28021 66573 31511 77545 25012 88493 24520
99469 22018 11446 22510 22424 28008 33404 29010 44365 31511
55331 31010 66315 26513 77300 27012 88273 22521 99248 22011
11236 17507 22215 13522 33205 06520 44195 07027 55178 08045
66169 08041 77162 08549 31313 73508 82329=

NNNNN

UPID54 WAMM 090000
PPAA  59008 97014 55385 01508 06010 07014 55340 07515
10513 09025 55320 08533 09539 33519 77999=

NNNNN

UGID54 WAMM 090000
PPBB  59008 97014 90/12 07002 16503 10504 90346 09503 03506
02009 908// 01510 91012 03510 06009 06506 91356 06011 04509
05511 9179/ 07509 07514 9247/ 09516 08017 9305/ 10516 10515
94027 08026 08535 10038 949// 10048 95014 10553 11057 08508
955// 33514=

NNNNN

UHID54 WAMM 090000
PPCC  59008 97014 55370 27522 25020 27012 55120 05525
77999=

NNNNN

UQID54 WAMM 090000
PPDD  59008 97014 95689 35014 32019 01012 96126 02003 28021
31511 9679/ 25012 24520 97012 22018 22510 28008 97357 29010
31511 31010 9789/ 26513 27012 98134 22521 22011 17507 98678
13522 06520 07027 99012 08045 08041 08549=

NNNNN
