USID54 WAFF 090000
TTAA  59001 97072 99003 24827 29001 00098 24833 29503
92783 23657 07002 85514 18856 14003 70159 09841 07507
50588 05910 11521 40760 15306 10517 30972 29739 07518
25099 39950 07524 20247 53143 07031 15426 68756 09032
10658 82356 09561 88103 84135 09061 77999 31313 73508
82330=

NNNNN

UKID54 WAFF 090000
TTBB  59008 97072 00003 24827 11989 24035 22949 24858 33886
20247 44678 09250 55574 00005 66477 07311 77346 22131 88291
31139 99157 66356 11103 84135 22100 82356 21212 00003 29001
11978 15506 22944 13003 33913 07002 44882 06003 55851 13503
66822 06003 77794 03005 88766 08004 99739 09005 11713 07505
22664 08505 33640 13505 44594 14510 55573 12013 66552 10018
77474 09516 88318 10018 99305 07517 11215 07029 22196 07030
33187 07029 44170 07031 55126 09041 66113 10053 77101 09065
31313 73508 82330 41414 25421=

NNNNN

ULID54 WAFF 090000
TTCC  59005 97072 70865 72957 28012 50064 68157 29018
88999 77999 31313 73508 82330=

NNNNN

UEID54 WAFF 090000
TTDD  5900/ 97072 11956 77759 22880 73358 33849 74156 44739
75156 55679 71357 66652 71946 77594 73538 88564 70757 99532
71941 11515 71747 22508 69557 33477 66356 44396 67738 55363
65956 66353 66538 77317 60356 21212 11913 13510 22867 24517
33824 28514 44783 28011 55743 31018 66638 27526 77606 25036
88576 25528 99520 26522 11495 29519 22386 24520 33349 28518
44317 27019 31313 73508 82330=

NNNNN

UPID54 WAFF 090000
PPAA  59008 97072 55385 14003 07507 11521 55340 10517
07518 07524 55320 07031 09032 09561 77999=

NNNNN

UGID54 WAFF 090000
PPBB  59008 97072 90/12 29001 15506 13003 90345 07002 06003
13503 90678 06003 03005 08004 909// 09005 91023 07505 08505
13505 91567 14510 12013 10018 921// 09516 9312/ 10018 07517
94023 07029 07030 07029 945// 07031 95135 09041 10053 09065=

NNNNN

UHID54 WAFF 090000
PPCC  59008 97072 55270 28012 29018 77999=

NNNNN

UQID54 WAFF 090000
PPDD  59008 97072 95789 13510 24517 28514 96014 28011 31018
27526 96568 25036 25528 26522 969// 29519 97468 24520 28518
27019=

NNNNN
