USID54 WAMM 290000
TTAA  79001 97014 99001 26834 36002 00090 27446 00000
92778 24050 06003 85509 19439 00502 70161 11859 22002
50590 04360 32003 40762 15757 09016 30973 29173 09030
25101 39374 10031 20249 51569 09524 15430 66564 10032
10662 84156 07032 88999 77999 31313 73508 82332=

NNNNN

UKID54 WAMM 290000
TTBB  79008 97014 00001 26834 11931 24456 22802 16023 33783
16456 44647 08663 55631 07058 66590 03858 77572 03064 88538
00065 99483 06758 11466 07360 22395 16557 33366 19161 44310
28365 55299 29373 66183 56171 77110 82356 88100 84156 21212
00001 36002 11976 10503 22912 03501 33881 07502 44851 00502
55822 29004 66766 23506 77739 19007 88714 21004 99664 10003
11640 30004 22617 29009 33595 28010 44574 28006 55532 29009
66513 23505 77494 01503 88475 06506 99457 03004 11423 05510
22407 08013 33361 09031 44332 09026 55306 09528 66281 09533
77206 09529 88197 09523 99179 10032 11171 11027 22155 10029
33140 10035 44108 09531 55102 07531 31313 73508 82332 41414
22511=

NNNNN

ULID54 WAMM 290000
TTCC  79005 97014 70862 77161 18507 50059 69570 26021
88982 84950 07032 77999 31313 73508 82332=

NNNNN

UEID54 WAMM 290000
TTDD  7900/ 97014 11982 84950 22945 83357 33858 84556 44801
84556 55788 80759 66749 81757 77624 70966 88580 73365 99480
68371 11452 69970 22416 65974 33350 66774 21212 11919 09506
22870 25512 33824 32519 44781 00524 55740 03521 66702 18506
77666 19007 88633 24508 99572 26034 11516 27020 22491 25521
33444 29017 44383 26526 55364 27531 31313 73508 82332=

NNNNN

UPID54 WAMM 290000
PPAA  79008 97014 55385 00502 22002 32003 55340 09016
09030 10031 55320 09524 10032 07032 77999=

NNNNN

UGID54 WAMM 290000
PPBB  79008 97014 90/13 36002 10503 03501 90456 07502 00502
29004 9089/ 23506 19007 91023 21004 10003 30004 91456 29009
28010 28006 9189/ 29009 23505 92012 01503 06506 03004 92458
05510 08013 09031 93024 09026 09528 09533 94124 09529 09523
10032 94579 11027 10029 10035 9545/ 09531 07531=

NNNNN

UHID54 WAMM 290000
PPCC  79008 97014 55270 18507 26021 77999=

NNNNN

UQID54 WAMM 290000
PPDD  79008 97014 95789 09506 25512 32519 96012 00524 03521
18506 96346 19007 24508 26034 9689/ 27020 25521 97145 29017
26526 27531=

NNNNN
