USID54 WAMM 210000
TTAA  71001 97014 99004 25213 21002 00121 25014 23502
92797 21006 31516 85530 18015 32016 70173 10221 04505
50590 04327 08511 40763 14358 08518 30975 28766 08525
25102 38965 08523 20251 51957 07537 15430 68556 08039
10662 84956 10543 88101 86545 10541 77999 31313 73508
82330=

NNNNN

UKID54 WAMM 210000
TTBB  71008 97014 00004 25213 11794 14607 22728 12022 33632
06448 44581 01222 55550 00050 66538 00958 77533 00960 88527
01748 99483 06319 11474 06136 22440 10327 33405 13956 44398
14560 55382 16163 66378 16764 77374 17159 88365 18550 99355
20157 11348 20762 22332 23368 33304 27963 44279 33158 55251
38964 66218 46956 77205 50358 88196 53156 99188 55359 11161
64546 22118 79756 33101 86545 44100 84956 21212 00004 21002
11914 32015 22824 34011 33795 32509 44767 02004 55715 03008
66690 10001 77641 09505 88618 07508 99596 07513 11574 03507
22553 08506 33513 07010 44475 09511 55440 07514 66361 09518
77237 08026 88216 08033 99127 09538 11102 10539 31313 73508
82330 41414 44571=

NNNNN

ULID54 WAMM 210000
TTCC  71002 97014 70866 74766 30030 50060 73771 22004
30370 62183 24017 20624 60584 19512 88654 78166 31539
88204 60983 19519 77999 31313 73508 82330=

NNNNN

UEID54 WAMM 210000
TTDD  7100/ 97014 11962 84350 22944 84156 33928 79960 44854
76961 55811 78361 66756 77163 77738 73767 88654 78166 99499
73771 11455 67782 22336 65382 33261 60384 44246 55985 55237
54985 66204 60983 77175 60584 88168 60784 99165 57984 11143
52586 22140 49586 33128 48387 21212 11918 10519 22826 20016
33784 21012 44744 28513 55707 30030 66637 32543 77605 33526
88545 35510 99518 02003 11492 21008 22445 23516 33403 28016
44365 24517 55331 24023 66286 22517 77247 26519 88205 19521
99195 20004 11186 05512 22161 03527 33153 08024 44134 06053
31313 73508 82330=

NNNNN

UPID54 WAMM 210000
PPAA  71008 97014 55385 32016 04505 08511 55340 08518
08525 08523 55320 07537 08039 10543 77999=

NNNNN

UGID54 WAMM 210000
PPBB  71008 97014 90/36 21002 32015 34011 9078/ 32509 02004
91013 03008 10001 09505 91456 07508 07513 03507 9179/ 08506
07010 92138 09511 07514 09518 938// 08026 940// 08033 9515/
09538 10539=

NNNNN

UHID54 WAMM 210000
PPCC  71008 97014 55370 30030 22004 24017 55120 19512
77999=

NNNNN

UQID54 WAMM 210000
PPDD  71008 97014 9579/ 10519 20016 96012 21012 28513 30030
96457 32543 33526 35510 9689/ 02003 21008 97135 23516 28016
24517 977// 24023 98037 22517 26519 19521 9889/ 20004 05512
99236 03527 08024 06053=

NNNNN
