USID54 WAMM 030000
TTAA  53001 97014 99004 25420 22002 00114 24624 10502
92799 22845 35002 85530 18631 32505 70171 09831 06507
50590 04731 07021 40761 14357 07526 30973 29934 08026
25101 39944 09026 20248 53557 09026 15427 68550 10057
10660 82356 08537 88105 84148 07047 77999 31313 73508
82330=

NNNNN

UKID54 WAMM 030000
TTBB  53008 97014 00004 25420 11998 24626 22972 25045 33760
13221 44625 04439 55604 03058 66595 02059 77590 01656 88581
01459 99575 00857 11569 00861 22561 00658 33556 00863 44545
00061 55533 01361 66515 03158 77508 03939 88482 06550 99467
08361 11459 08756 22450 09757 33436 11531 44420 12922 55408
13358 66398 14756 77380 16560 88362 18762 99332 24747 11295
31126 22224 46943 33195 54758 44162 65150 55139 70359 66105
84148 77100 82356 21212 00004 22002 11979 27503 22946 28005
33914 33504 44853 33505 55823 25007 66795 27504 77741 28506
88715 04505 99618 10007 11574 08020 22439 08029 33422 07530
44406 07526 55332 09016 66247 09026 77196 09028 88179 11038
99162 10545 11147 10062 22126 07549 33120 07047 44102 08046
31313 73508 82330 41414 24521=

NNNNN

ULID54 WAMM 030000
TTCC  53003 97014 70864 75162 27530 50060 71367 29016
30369 60783 24017 88999 77999 31313 73508 82330=

NNNNN

UEID54 WAMM 030000
TTDD  5300/ 97014 11973 79159 22772 78959 33716 74963 44656
77362 55580 72765 66439 70967 77424 67970 88339 65973 99317
61378 11235 56785 21212 11916 04512 22869 33508 33825 27517
44742 29019 55669 27041 66573 28523 77492 29517 88444 32524
99423 31012 11402 24017 22347 24522 33330 25519 44315 23518
55285 25013 66272 29009 77247 34512 88235 01007 31313 73508
82330=

NNNNN

UPID54 WAMM 030000
PPAA  53008 97014 55385 32505 06507 07021 55340 07526
08026 09026 55320 09026 10057 08537 77999=

NNNNN

UGID54 WAMM 030000
PPBB  53008 97014 90/12 22002 27503 28005 90356 33504 33505
25007 9079/ 27504 28506 91046 04505 10007 08020 92345 08029
07530 07526 9307/ 09016 09026 94246 09028 11038 10545 948//
10062 95125 07549 07047 08046=

NNNNN

UHID54 WAMM 030000
PPCC  53008 97014 55370 27530 29016 24017 77999=

NNNNN

UQID54 WAMM 030000
PPDD  53008 97014 95789 04512 33508 27517 96136 29019 27041
28523 969// 29517 97123 32524 31012 24017 97678 24522 25519
23518 98013 25013 29009 34512 984// 01007=

NNNNN
