USID54 WAMM 190000
TTAA  69001 97014 99003 26034 00000 00108 26227 03504
92794 23045 34506 85525 18449 01007 70171 10434 07010
50590 03925 10521 40763 14144 09021 30975 29357 09017
25102 39559 10023 20250 52744 11037 15429 68150 12039
10662 83949 09046 88999 77999 31313 73508 82330=

NNNNN

UKID54 WAMM 190000
TTBB  69008 97014 00003 26034 11988 26444 22838 17856 33805
15011 44735 12428 55541 00029 66404 13543 77392 14558 88358
20344 99348 21359 11324 25543 22272 34760 33198 53140 44124
77543 55100 83949 21212 00003 00000 11979 00000 22945 35502
33883 36006 44853 01006 55823 02008 66795 36005 77767 02507
88740 06510 99715 06510 11689 05009 22665 05014 33553 11017
44440 10521 55407 08524 66270 10018 77237 10028 88216 11029
99133 12043 11120 10552 22108 10554 31313 73508 82330 41414
22511=

NNNNN

ULID54 WAMM 190000
TTCC  69002 97014 70864 76362 25024 50063 69581 27031
30371 62383 25525 20624 60384 36011 88978 84941 09041
88185 63783 35515 77999 31313 73508 82330=

NNNNN

UEID54 WAMM 190000
TTDD  6900/ 97014 11978 84941 22967 82556 33786 80558 44767
77361 55687 74165 66627 74967 77569 68974 88457 70781 99272
62183 11259 58184 22245 56385 33185 63783 44180 60584 55166
61383 66127 49386 77116 48787 21212 11917 09517 22870 02013
33825 04009 44782 33503 55743 21520 66705 24525 77636 23522
88574 25521 99546 26031 11470 27531 22424 26022 33331 27519
44273 26028 55236 27012 66225 31008 77215 24005 88205 33507
99186 35516 11177 04515 22161 09026 33153 10033 44139 08056
55121 09547 66116 09052 31313 73508 82330=

NNNNN

UPID54 WAMM 190000
PPAA  69008 97014 55385 01007 07010 10521 55340 09021
09017 10023 55320 11037 12039 09046 77999=

NNNNN

UGID54 WAMM 190000
PPBB  69008 97014 90/12 00000 00000 35502 90456 36006 01006
02008 90789 36005 02507 06510 91012 06510 05009 05014 917//
11017 9235/ 10521 08524 9358/ 10018 10028 940// 11029 95024
12043 10552 10554=

NNNNN

UHID54 WAMM 190000
PPCC  69008 97014 55370 25024 27031 25525 55120 36011
77999=

NNNNN

UQID54 WAMM 190000
PPDD  69008 97014 95789 09517 02013 04009 96012 33503 21520
24525 96467 23522 25521 26031 97027 27531 26022 27519 98145
26028 27012 31008 98679 24005 33507 35516 99023 04515 09026
10033 99589 08056 09547 09052=

NNNNN
