USID54 WAMM 230000
TTAA  73001 97014 99004 25015 30002 00117 26242 33004
92805 21627 28020 85537 17430 29026 70175 10450 21513
50590 04320 13522 40763 14532 10524 30974 28957 10023
25102 40357 10025 20250 52760 08538 15429 68350 10051
10661 85337 10061 88100 85337 10061 77999 31313 73508
82329=

NNNNN

UKID54 WAMM 230000
TTBB  73008 97014 00004 25015 11003 26233 22939 21817 33836
17644 44762 12423 55733 12656 66667 09050 77624 04018 88586
02630 99558 00026 11532 03305 22512 03126 33435 10523 44400
14532 55391 15157 66335 23533 77308 27157 88292 30750 99285
31759 11257 38556 22231 44561 33179 58560 44145 70138 55100
85337 21212 00004 30002 11947 26014 22884 29526 33741 27016
44715 21513 55641 20005 66618 10006 77596 13512 88513 12024
99494 13521 11391 09529 22376 09535 33346 09031 44319 10025
55236 09028 66226 08531 77188 09046 88171 09550 31313 73508
82329 41414 38571=

NNNNN

ULID54 WAMM 230000
TTCC  73002 97014 70865 79961 30513 50064 65182 28522
30374 62783 27018 20625 58184 32511 88745 80361 28012
88429 69581 28537 77999 31313 73508 82329=

NNNNN

UEID54 WAMM 230000
TTDD  7300/ 97014 11986 83556 22962 83750 33935 77162 44883
75360 55745 80361 66705 80561 77671 76164 88625 75764 99608
71568 11538 65576 22429 69581 33398 68582 44369 63383 55246
61983 66188 57184 77165 57984 88121 51986 21212 11967 11059
22917 16028 33744 28012 44705 29512 55669 35509 66635 10008
77604 02011 88574 35512 99520 28015 11471 29028 22426 28536
33385 30520 44367 28509 55350 23511 66249 30524 77215 25016
88205 28011 99195 35509 11186 10017 22169 12023 33162 12535
44154 13042 55140 08039 66134 08049 77121 09057 31313 73508
82329=

NNNNN

UPID54 WAMM 230000
PPAA  73008 97014 55385 29026 21513 13522 55340 10524
10023 10025 55320 08538 10051 10061 77999=

NNNNN

UGID54 WAMM 230000
PPBB  73008 97014 90/24 30002 26014 29526 909// 27016 91034
21513 20005 10006 9159/ 13512 12024 92067 13521 09529 09535
929// 09031 93189 10025 09028 08531 9435/ 09046 09550=

NNNNN

UHID54 WAMM 230000
PPCC  73008 97014 55370 30513 28522 27018 55120 32511
77999=

NNNNN

UQID54 WAMM 230000
PPDD  73008 97014 9567/ 11059 16028 96123 28012 29512 35509
96456 10008 02011 35512 968// 28015 97024 29028 28536 30520
9756/ 28509 23511 98367 30524 25016 28011 9889/ 35509 10017
99123 12023 12535 13042 99568 08039 08049 09057=

NNNNN
