USID54 WAMM 180000
TTAA  68001 97014 99003 25413 00000 00102 25620 06502
92784 21622 25015 85515 17809 28504 70161 10057 04515
50588 04141 02017 40761 14511 10025 30973 29118 10531
25101 39523 10531 20249 52726 11037 15428 68558 11042
10661 82956 08524 88101 83745 08520 77999 31313 73508
82330=

NNNNN

UKID54 WAMM 180000
TTBB  68008 97014 00003 25413 11832 16406 22756 12622 33742
12256 44721 10857 55706 09630 66696 10059 77663 07249 88635
05250 99621 04259 11577 00023 22529 01731 33473 06133 44383
16706 55346 21305 66277 33535 77226 45324 88161 65541 99156
67538 11151 68557 22125 75558 33101 83745 44100 82956 21212
00003 00000 11978 27508 22945 25513 33913 25512 44852 28504
55822 03004 66740 03507 77714 03514 88594 03518 99532 02021
11422 10022 22375 09526 33346 10031 44281 10030 55258 10527
66247 10531 77133 11546 88114 07530 99108 09021 31313 73508
82330 41414 48471=

NNNNN

ULID54 WAMM 180000
TTCC  68002 97014 70864 78950 32016 50061 69147 27520
30372 62550 28532 20624 61760 28015 88223 63150 23031
77999 31313 73508 82330=

NNNNN

UEID54 WAMM 180000
TTDD  6800/ 97014 11963 83545 22939 83348 33931 82950 44922
78759 55915 76561 66873 77356 77747 80339 88693 77956 99641
77137 11625 77142 22617 74157 33569 72741 44543 69557 55498
69346 66448 69146 77394 63157 88346 62748 99286 62956 11263
59357 22223 63150 33197 61960 44167 56575 55163 54382 66144
56585 21212 11968 09028 22917 06011 33871 32514 44784 31028
55705 32017 66669 25513 77603 29503 88573 24508 99545 27012
11518 26017 22446 29033 33424 28531 44404 26027 55366 26032
66287 29033 77273 28521 88261 25012 99237 23028 11225 23032
22215 25021 33195 29513 44186 24503 55177 06024 66169 06536
77154 10042 88147 08548 31313 73508 82330=

NNNNN

UPID54 WAMM 180000
PPAA  68008 97014 55385 28504 04515 02017 55340 10025
10531 10531 55320 11037 11042 08524 77999=

NNNNN

UGID54 WAMM 180000
PPBB  68008 97014 90/12 00000 27508 25513 90356 25512 28504
03004 909// 03507 91058 03514 03518 02021 92479 10022 09526
10031 93467 10030 10527 10531 95034 11546 07530 09021=

NNNNN

UHID54 WAMM 180000
PPCC  68008 97014 55370 32016 27520 28532 55120 28015
77999=

NNNNN

UQID54 WAMM 180000
PPDD  68008 97014 95678 09028 06011 32514 96023 31028 32017
25513 96567 29503 24508 27012 968// 26017 97123 29033 28531
26027 975// 26032 98012 29033 28521 25012 98456 23028 23032
25021 9889/ 29513 24503 99013 06024 06536 10042 994// 08548=

NNNNN
