USID54 WAMM 270000
TTAA  77001 97014 99000 28445 25002 00080 28445 25002
92772 23036 33506 85504 18622 25505 70153 10857 23014
50589 04750 32007 40761 14756 09008 30972 30150 09530
25100 40527 11036 20248 52156 11546 15427 67560 10556
10662 78361 12025 88111 80359 08555 77999 31313 73508
82329=

NNNNN

UKID54 WAMM 270000
TTBB  77008 97014 00000 28445 11984 26231 22902 22256 33857
19022 44768 14647 55740 12415 66733 13456 77668 08237 88650
07258 99556 00041 11472 06556 22434 11737 33420 12956 44357
21139 55323 25957 66253 39735 77238 43327 88225 46357 99214
48746 11187 55958 22171 60756 33140 70562 44111 80359 55100
78361 21212 00000 25002 11976 15502 22943 33004 33912 31007
44881 32005 55850 25505 66821 27513 77739 24514 88688 23017
99532 28012 11493 33005 22474 02508 33456 36008 44439 02506
55422 00509 66406 07006 77390 09007 88375 11010 99332 09519
11305 09027 22293 09534 33196 11547 44187 11549 55179 11548
66170 11547 77162 11553 88114 08057 99108 10048 11102 11530
31313 73508 82329 41414 24521=

NNNNN

ULID54 WAMM 270000
TTCC  77002 97014 70865 79162 29519 50062 69371 24018
30372 64181 23524 20622 58384 05503 88999 77999 31313
73508 82329=

NNNNN

UEID54 WAMM 270000
TTDD  7700/ 97014 11761 79761 22593 75164 33580 71767 44518
71368 55475 67772 66420 67973 77372 64378 88262 65781 99253
62183 11220 57384 22186 59584 33171 59384 44153 53792 21212
11969 12019 22919 09513 33872 21506 44828 31016 55785 33519
66706 29022 77670 29510 88636 29014 99604 25015 11573 25509
22545 29013 33493 23018 44446 27026 55425 28035 66404 27031
77385 26527 88366 24026 99260 24025 11247 23509 22236 29514
33224 28014 44214 23007 55204 15508 66195 01012 77185 04011
88177 02521 99169 07026 11161 06032 22153 07538 31313 73508
82329=

NNNNN

UPID54 WAMM 270000
PPAA  77008 97014 55385 25505 23014 32007 55340 09008
09530 11036 55320 11546 10556 12025 77999=

NNNNN

UGID54 WAMM 270000
PPBB  77008 97014 90/12 25002 15502 33004 90345 31007 32005
25505 9069/ 27513 24514 9118/ 23017 28012 92012 33005 02508
36008 92345 02506 00509 07006 9267/ 09007 11010 93023 09519
09027 09534 94234 11547 11549 11548 9456/ 11547 11553 95345
08057 10048 11530=

NNNNN

UHID54 WAMM 270000
PPCC  77008 97014 55370 29519 24018 23524 55120 05503
77999=

NNNNN

UQID54 WAMM 270000
PPDD  77008 97014 95678 12019 09513 21506 959// 31016 96023
33519 29022 29510 96456 29014 25015 25509 9679/ 29013 23018
97123 27026 28035 27031 9745/ 26527 24026 98234 24025 23509
29514 98567 28014 23007 15508 9889/ 01012 04011 99012 02521
07026 06032 993// 07538=

NNNNN
