USID54 WAMM 110000
TTAA  61001 97014 99002 29043 19004 00096 27640 00000
92782 22624 35004 85515 19647 34510 70160 09823 31005
50590 05319 06512 40762 14157 09512 30974 29158 08008
25101 40156 10521 20250 53157 11530 15429 67162 11543
10663 83150 00504 88999 77999 31313 73508 82330=

NNNNN

UKID54 WAMM 110000
TTBB  61008 97014 00002 29043 11001 28039 22912 21616 33880
21257 44713 10421 55548 00046 66490 06909 77469 07341 88418
11756 99324 24757 11288 31359 22239 42748 33225 46159 44209
50556 55195 54557 66184 56962 77159 64163 88118 79156 99100
83150 21212 00002 19004 11977 17003 22944 05003 33912 33005
44851 34510 55794 28506 66740 29006 77714 32004 88688 31007
99664 24003 11640 33003 22617 34503 33595 01504 44532 05511
55512 06010 66493 06509 77475 09012 88390 10013 99375 09008
11360 10011 22346 08014 33332 10012 44319 09509 55293 07509
66281 08012 77226 10528 88206 11029 99197 11530 11120 09032
22108 10018 33102 02505 31313 73508 82330 41414 34541=

NNNNN

ULID54 WAMM 110000
TTCC  61003 97014 70864 72565 27515 50061 67975 27023
30372 58984 29014 88987 83750 35504 77999 31313 73508
82330=

NNNNN

UEID54 WAMM 110000
TTDD  6100/ 97014 11987 83750 22860 83356 33741 75762 44724
72165 55564 76169 66540 75370 77500 67975 88480 65579 99392
66582 11332 63783 22294 58184 33270 58184 21212 11969 33506
22918 30016 33870 33016 44824 02513 55782 09013 66742 22506
77705 27514 88605 25525 99574 26032 11545 25525 22492 27515
33446 27518 44424 24015 55384 30008 66366 29512 77348 27010
88332 26008 99316 25008 11287 32520 22274 33530 31313 73508
82330=

NNNNN

UPID54 WAMM 110000
PPAA  61008 97014 55385 34510 31005 06512 55340 09512
08008 10521 55320 11530 11543 00504 77999=

NNNNN

UGID54 WAMM 110000
PPBB  61008 97014 90/12 19004 17003 05003 90357 33005 34510
28506 909// 29006 91012 32004 31007 24003 91345 33003 34503
01504 9189/ 05511 06010 92016 06509 09012 10013 92789 09008
10011 08014 93013 10012 09509 07509 9349/ 08012 10528 9412/
11029 11530 95245 09032 10018 02505=

NNNNN

UHID54 WAMM 110000
PPCC  61008 97014 55370 27515 27023 29014 77999=

NNNNN

UQID54 WAMM 110000
PPDD  61008 97014 95678 33506 30016 33016 959// 02513 96012
09013 22506 27514 96567 25525 26032 25525 969// 27515 97124
27518 24015 30008 97567 29512 27010 26008 978// 25008 9801/
32520 33530=

NNNNN
