USID54 WAFF 070000
TTAA  57001 97072 99004 24822 00000 00114 25020 21005
92800 22446 16507 85532 18450 25505 70172 10246 23508
50590 04721 10008 40763 14940 10014 30973 29950 09516
25101 40358 09028 20248 53358 08036 15427 68156 08552
10662 78560 26521 88117 77959 09550 77999 31313 73508
82329=

NNNNN

UKID54 WAFF 070000
TTBB  57008 97072 00004 24822 11977 25050 22793 15242 33745
13450 44682 08830 55657 08042 66567 00009 77506 04318 88464
09309 99458 08145 11443 08759 22388 16932 33380 17556 44312
28141 55272 35559 66215 49556 77192 55561 88163 63956 99117
77959 11100 78560 21212 00004 00000 11979 03002 22946 16506
33853 25505 44824 30002 55795 20008 66715 22505 77689 24011
88665 24510 99618 09505 11553 10512 22533 14009 33475 06006
44440 09011 55236 09029 66226 08531 77170 09044 88162 09049
99120 09552 11108 10014 22102 25011 31313 73508 82329 41414
25578=

NNNNN

ULID54 WAFF 070000
TTCC  57003 97072 70866 75163 26524 50062 70971 00508
30372 62783 24005 88999 77999 31313 73508 82329=

NNNNN

UEID54 WAFF 070000
TTDD  5700/ 97072 11860 81158 22748 74364 33628 76364 44583
75566 55553 71369 66500 70971 77451 65777 88388 66582 99352
63583 11320 65782 22285 60584 33254 58784 44232 61183 55202
57584 21212 11970 26531 22872 27526 33784 22019 44744 20508
55707 26522 66605 23024 77574 16512 88546 34010 99518 35007
11493 34511 22366 25019 33316 21513 44301 24504 55287 33006
66273 33510 77260 03012 88215 10018 99205 10031 31313 73508
82329=

NNNNN

UPID54 WAFF 070000
PPAA  57008 97072 55385 25505 23508 10008 55340 10014
09516 09028 55320 08036 08552 26521 77999=

NNNNN

UGID54 WAFF 070000
PPBB  57008 97072 90/12 00000 03002 16506 90567 25505 30002
20008 91012 22505 24011 24510 91478 09505 10512 14009 9213/
06006 09011 9389/ 09029 08531 9456/ 09044 09049 95245 09552
10014 25011=

NNNNN

UHID54 WAFF 070000
PPCC  57008 97072 55370 26524 00508 24005 77999=

NNNNN

UQID54 WAFF 070000
PPDD  57008 97072 9568/ 26531 27526 96012 22019 20508 26522
96567 23024 16512 34010 9689/ 35007 34511 97589 25019 21513
24504 98012 33006 33510 03012 9867/ 10018 10031=

NNNNN
