USID54 WAFF 010000
TTAA  51001 97072 99001 25039 00000 00087 25037 17002
92772 22642 19505 85501 18636 26012 70147 09856 31018
50587 03956 18506 40761 13162 31502 30972 29139 13015
25100 39938 10023 20248 52744 09028 15426 68356 09536
10660 83957 08034 88999 77999 31313 73508 82330=

NNNNN

UKID54 WAFF 010000
TTBB  51008 97072 00001 25039 11975 25256 22792 14621 33723
11256 44561 00036 55484 05356 66459 05961 77407 12162 88350
22542 99316 26334 11284 32150 22234 43729 33163 64556 44100
83957 21212 00001 00000 11976 16509 22911 18502 33850 26012
44687 32021 55639 31510 66616 29008 77594 28510 88572 26010
99551 23512 11531 24006 22511 22505 33492 19506 44473 22507
55422 10503 66406 31501 77390 03004 88375 09007 99346 07509
11332 09024 22305 13514 33269 09523 44206 09528 55187 09531
66139 10042 77126 10054 88119 09548 99113 07537 31313 73508
82330 41414 25511=

NNNNN

ULID54 WAFF 010000
TTCC  5100/ 97072 88999 77999 31313 73508 82330=

NNNNN

UEID54 WAFF 010000
TTDD  5100/ 97072 31313 73508 82330=

NNNNN

UPID54 WAFF 010000
PPAA  51008 97072 55385 26012 31018 18506 55340 31502
13015 10023 55320 09028 09536 08034 77999=

NNNNN

UGID54 WAFF 010000
PPBB  51008 97072 90/13 00000 16509 18502 905// 26012 91134
32021 31510 29008 91567 28510 26010 23512 9189/ 24006 22505
92014 19506 22507 10503 92567 31501 03004 09007 929// 07509
93025 09024 13514 09523 94139 09528 09531 10042 95123 10054
09548 07537=

NNNNN

UHID54 WAFF 010000
PPCC  51008 97072 77999=

NNNNN

UQID54 WAFF 010000
PPDD  51008 97072=

NNNNN
