USID54 WAMM 050000
TTAA  55001 97014 99001 25220 00000 00092 25624 12001
92776 23026 07006 85516 19657 09509 70168 11044 08556
50590 03760 11002 40763 13959 14506 30974 29156 08521
25102 39758 04013 20250 52761 04515 15429 68359 08529
10663 81156 11005 88999 77999 31313 73508 82330=

NNNNN

UKID54 WAMM 050000
TTBB  55008 97014 00001 25220 11988 26229 22948 24016 33867
20858 44824 17629 55792 16659 66741 13035 77712 12047 88659
07436 99548 00057 11528 01163 22463 07359 33434 09767 44422
11170 55409 12760 66389 15367 77343 22358 88333 24162 99289
31341 11272 34935 22255 38357 33227 45556 44208 50957 55199
52762 66185 56766 77128 75950 88100 81156 21212 00001 00000
11977 06005 22912 09005 33851 10009 44794 08513 55766 10509
66740 08012 77689 08556 88664 08508 99641 12502 11617 04005
22573 01507 33532 13004 44512 00001 55493 12005 66475 07505
77440 12002 88407 10505 99391 19006 11376 06002 22361 04005
33346 05505 44333 09507 55319 10515 66247 03513 77179 06025
88163 07024 99155 08530 11140 10022 22126 09537 33108 15012
31313 73508 82330 41414 38571=

NNNNN

ULID54 WAMM 050000
TTCC  55002 97014 70866 74964 24010 50067 67176 23513
30381 62783 25515 20635 56385 22507 88975 82156 09508
88356 63583 27524 77999 31313 73508 82330=

NNNNN

UEID54 WAMM 050000
TTDD  5500/ 97014 11975 82156 22932 81956 33917 78360 44829
80758 55795 76962 66738 78360 77577 66772 88518 67974 99398
60983 11356 63583 22313 63983 33291 61183 44264 62783 55239
56585 66223 55185 77177 58584 88167 59184 99160 57184 11144
56585 21212 11971 09509 22920 03016 33873 36032 44828 02031
55746 13011 66707 23007 77638 31511 88577 28006 99523 23014
11450 28518 22408 25021 33371 28025 44305 25015 55291 26510
66264 25018 77251 27013 88239 19510 99228 19017 11218 23017
22208 21010 33198 26006 44189 30512 55180 04012 66172 09023
77149 10523 31313 73508 82330=

NNNNN

UPID54 WAMM 050000
PPAA  55008 97014 55385 09509 08556 11002 55340 14506
08521 04013 55320 04515 08529 11005 77999=

NNNNN

UGID54 WAMM 050000
PPBB  55008 97014 90/13 00000 06005 09005 90578 10009 08513
10509 909// 08012 91123 08556 08508 12502 91468 04005 01507
13004 919// 00001 92013 12005 07505 12002 92567 10505 19006
06002 9289/ 04005 05505 93017 09507 10515 03513 94467 06025
07024 08530 949// 10022 9514/ 09537 15012=

NNNNN

UHID54 WAMM 050000
PPCC  55008 97014 55370 24010 23513 25515 55120 22507
77999=

NNNNN

UQID54 WAMM 050000
PPDD  55008 97014 95678 09509 03016 36032 959// 02031 96124
13011 23007 31511 9668/ 28006 23014 97135 28518 25021 28025
979// 25015 98023 26510 25018 27013 98456 19510 19017 23017
98789 21010 26006 30512 99014 04012 09023 10523=

NNNNN
