USID54 WAMM 220000
TTAA  72004 97014 99005 23208 12004 00118 23013 14506
92801 20224 26027 85528 16606 27526 70170 09205 32515
50589 05303 07015 40761 14907 08021 88999 77999 31313
73508 82330=

NNNNN

UKID54 WAMM 220000
TTBB  72008 97014 00005 23208 11949 21825 22559 00004 33384
16922 21212 00005 12004 11980 25009 22883 27531 33853 27527
44767 31520 55740 31022 66714 32519 77664 31510 88641 30506
99595 25509 11552 17504 22532 08007 33493 07014 44456 07521
55390 08522 31313 73508 82330 41414 5857/=

NNNNN

ULID54 WAMM 220000
TTCC  7200/ 97014 88999 77999 31313 73508 82330=

NNNNN

UEID54 WAMM 220000
TTDD  7200/ 97014 31313 73508 82330=

NNNNN

UPID54 WAMM 220000
PPAA  72008 97014 55385 27526 32515 07015 55140 08021
77999=

NNNNN

UGID54 WAMM 220000
PPBB  72008 97014 90/14 12004 25009 27531 90589 27527 31520
31022 91023 32519 31510 30506 91578 25509 17504 08007 92026
07014 07521 08522=

NNNNN

UHID54 WAMM 220000
PPCC  72008 97014 77999=

NNNNN

UQID54 WAMM 220000
PPDD  72008 97014=

NNNNN
