USID54 WAFF 130000
TTAA  63001 97072 99001 24447 00000 00090 25441 04001
92775 22837 16506 85515 18448 08002 70158 09824 14504
50588 04537 09014 40761 13958 07514 30973 29164 12015
25100 39964 13011 20248 52961 10032 15428 65564 10029
10664 82356 21522 88999 77999 31313 73508 82330=

NNNNN

UKID54 WAFF 130000
TTBB  63008 97072 00001 24447 11978 24856 22746 12616 33620
04836 44568 00022 55541 02706 66528 02534 77487 05918 88473
06150 99382 15560 11344 22158 22322 24764 33242 41765 44213
49164 55190 55956 66163 63550 77151 65763 88133 70563 99100
82356 21212 00001 00000 11976 14507 22881 17004 33851 08502
44794 07004 55766 17505 66739 13504 77713 16006 88688 11006
99664 13507 11617 09009 22573 11011 33474 06015 44456 06512
55422 04513 66390 09011 77360 07509 88346 07505 99319 14507
11306 12014 22269 13015 33247 12511 44226 10018 55206 10529
66187 10034 77154 10036 88147 09519 99133 07506 11126 27502
22103 23018 31313 73508 82330 41414 12538=

NNNNN

ULID54 WAFF 130000
TTCC  63003 97072 70863 72364 30012 50062 69768 29031
30372 61776 33509 88857 85156 13516 77999 31313 73508
82330=

NNNNN

UEID54 WAFF 130000
TTDD  6300/ 97072 11919 83158 22857 85156 33797 84356 44759
82557 55726 76163 66698 71965 77639 73363 88608 70167 99525
70766 11438 64571 22380 63971 33349 67569 44330 67770 55314
66371 66296 59378 77285 58975 21212 11972 21518 22921 13510
33872 14015 44783 11514 55742 06504 66704 30011 77636 31019
88605 26510 99546 26028 11520 27030 22494 29032 33447 27029
44405 24530 55386 24528 66367 22030 77333 23515 88316 22514
99301 33508 11287 32519 31313 73508 82330=

NNNNN

UPID54 WAFF 130000
PPAA  63008 97072 55385 08002 14504 09014 55340 07514
12015 13011 55320 10032 10029 21522 77999=

NNNNN

UGID54 WAFF 130000
PPBB  63008 97072 90/14 00000 14507 17004 90578 08502 07004
17505 909// 13504 91012 16006 11006 13507 9146/ 09009 11011
92124 06015 06512 04513 92689 09011 07509 07505 93125 14507
12014 13015 9379/ 12511 10018 94137 10529 10034 10036 948//
09519 95015 07506 27502 23018=

NNNNN

UHID54 WAFF 130000
PPCC  63008 97072 55370 30012 29031 33509 77999=

NNNNN

UQID54 WAFF 130000
PPDD  63008 97072 95678 21518 13510 14015 96012 11514 06504
30011 96457 31019 26510 26028 9689/ 27030 29032 97134 27029
24530 24528 97578 22030 23515 22514 979// 33508 980// 32519=

NNNNN
