USID54 WAMM 160000
TTAA  66001 97014 99001 26628 10004 00094 26631 00001
92776 23238 26503 85509 19032 28504 70161 11645 09511
50590 04916 07020 40762 14528 07017 30975 29358 09022
25102 40161 09023 20250 53360 11523 15430 67357 08525
10664 84741 08005 88999 77999 31313 73508 82338=

NNNNN

UKID54 WAMM 160000
TTBB  66008 97014 00001 26628 11712 12456 22549 00024 33489
05910 44454 08544 55423 12909 66398 14544 77367 18556 88355
20357 99351 21157 11347 21560 22346 21564 33338 22765 44336
23170 55331 24160 66284 32949 77244 41564 88216 48964 99204
52160 11183 56564 22100 84741 21212 00001 10004 11977 00001
22944 25504 33881 33504 44822 23002 55766 17504 66740 10005
77664 09514 88513 06519 99319 09020 11197 11022 22188 09519
33163 09520 44140 09017 55127 10513 66120 07513 77114 07508
31313 73508 82338 41414 38571=

NNNNN

ULID54 WAMM 160000
TTCC  66002 97014 70864 72365 24524 50062 73370 25031
30372 59384 24030 20623 62583 33027 88875 87542 05024
77999 31313 73508 82338=

NNNNN

UEID54 WAMM 160000
TTDD  6600/ 97014 11875 87542 22839 85556 33805 80359 44792
75563 55691 71167 66553 74569 77529 71972 88498 73570 99445
66577 11401 63383 22342 66182 33302 59584 44258 62383 55205
62183 66201 62583 77192 57184 21212 11971 03007 22920 04020
33824 07022 44781 18014 55742 19020 66705 24022 77637 27044
88546 28534 99519 25031 11493 25029 22446 28027 33424 28030
44385 28029 55316 26527 66301 24030 77274 24027 88248 24018
99205 33023 11195 34521 31313 73508 82338=

NNNNN

UPID54 WAMM 160000
PPAA  66008 97014 55385 28504 09511 07020 55340 07017
09022 09023 55320 11523 08525 08005 77999=

NNNNN

UGID54 WAMM 160000
PPBB  66008 97014 90/12 10004 00001 25504 90468 33504 23002
17504 909// 10005 9129/ 09514 06519 931// 09020 94236 11022
09519 09520 949// 09017 95123 10513 07513 07508=

NNNNN

UHID54 WAMM 160000
PPCC  66008 97014 55370 24524 25031 24030 55120 33027
77999=

NNNNN

UQID54 WAMM 160000
PPDD  66008 97014 95679 03007 04020 07022 96012 18014 19020
24022 96478 27044 28534 25031 969// 25029 97124 28027 28030
28029 9789/ 26527 24030 98137 24027 24018 33023 988// 34521=

NNNNN
