USID54 WAFF 180000
TTAA  68001 97072 99002 25630 00000 00093 25423 16503
92776 20809 34003 85507 18238 29505 70152 10643 27009
50588 03936 29007 40761 14538 07009 30972 29733 11011
25100 39941 11523 20248 52757 10533 15426 68760 11539
10661 83159 09038 88999 77999 31313 73508 82330=

NNNNN

UKID54 WAFF 180000
TTBB  68008 97072 00002 25630 11905 19612 22875 19843 33830
16428 44802 17057 55675 08028 66663 08439 77570 00003 88518
02534 99425 11533 11337 23138 22273 35316 33255 38940 44193
54756 55170 62560 66127 75762 77100 83159 21212 00002 00000
11977 00000 22944 35504 33912 17501 44881 21004 55851 29505
66821 25516 77713 27510 88688 28005 99663 24507 11640 19506
22616 25003 33594 02007 44572 35508 55551 34504 66531 03002
77511 28005 88492 33506 99474 04007 11456 03006 22439 08006
33406 07509 44390 10510 55360 07512 66293 10010 77269 10017
88246 11526 99206 10532 11154 11041 22139 11542 33126 12049
44119 11549 55108 10048 31313 73508 82330 41414 25571=

NNNNN

ULID54 WAFF 180000
TTCC  68003 97072 70863 78363 30023 50060 67973 29527
30370 62783 28530 88971 84358 09033 77999 31313 73508
82330=

NNNNN

UEID54 WAFF 180000
TTDD  6800/ 97072 11971 84358 22849 76362 33755 78962 44653
77363 55608 73766 66582 74765 77536 67972 88467 64778 99418
67179 11327 66582 22313 63583 33271 61583 44223 62588 21212
11966 09031 22915 09505 33868 31520 44782 33035 55704 30022
66602 22519 77517 27526 88492 29532 99365 26032 11348 26529
22315 27529 33300 28530 44286 28025 55247 26527 66223 22526
31313 73508 82330=

NNNNN

UPID54 WAFF 180000
PPAA  68008 97072 55385 29505 27009 29007 55340 07009
11011 11523 55320 10533 11539 09038 77999=

NNNNN

UGID54 WAFF 180000
PPBB  68008 97072 90/12 00000 00000 35504 90345 17501 21004
29505 906// 25516 91012 27510 28005 24507 91345 19506 25003
02007 91678 35508 34504 03002 919// 28005 92012 33506 04007
03006 92356 08006 07509 10510 928// 07512 93357 10010 10017
11526 94179 10532 11041 11542 95124 12049 11549 10048=

NNNNN

UHID54 WAFF 180000
PPCC  68008 97072 55370 30023 29527 28530 77999=

NNNNN

UQID54 WAFF 180000
PPDD  68008 97072 95678 09031 09505 31520 96025 33035 30022
22519 9689/ 27526 29532 97568 26032 26529 27529 979// 28530
98035 28025 26527 22526=

NNNNN
