USID54 WAFF 050000
TTAA  55001 97072 99003 24439 00000 00106 25227 14501
92784 21619 15509 85519 18856 29511 70159 10041 30014
50589 04349 15008 40761 15131 22007 30973 29756 18511
25099 40558 14508 20247 53728 10022 15425 70146 08533
10658 76560 30511 88115 81542 10051 77999 31313 73508
82330=

NNNNN

UKID54 WAFF 050000
TTBB  55008 97072 00003 24439 11002 25427 22893 20027 33873
20456 44797 15250 55785 14221 66681 09656 77559 00020 88535
02709 99509 03550 11436 11150 22430 11728 33351 21146 44300
29756 55284 33338 66249 40759 77201 53530 88156 67933 99148
70950 11115 81542 22114 80950 33113 78158 44111 76359 55100
76560 21212 00003 00000 11978 19007 22913 15505 33882 24007
44852 30010 55713 31014 66688 29514 77664 28509 88617 26510
99595 28007 11573 21006 22552 21509 33512 17508 44493 16010
55439 16511 66406 20507 77375 24007 88332 22008 99305 20012
11281 16012 22257 16012 33235 10014 44178 10022 55170 08524
66146 08534 77125 10046 88119 10553 99113 09539 11107 03503
22101 30012 31313 73508 82330 41414 25421=

NNNNN

ULID54 WAFF 050000
TTCC  55003 97072 70861 72364 19511 50061 72968 25033
30368 64181 29514 88819 82159 28025 77999 31313 73508
82330=

NNNNN

UEID54 WAFF 050000
TTDD  5500/ 97072 11819 82159 22787 82160 33737 75363 44656
69567 55512 73167 66456 73767 77429 67173 88406 64174 99350
67575 11312 67177 22293 61783 33279 59384 44253 60583 21212
11963 29008 22867 28534 33779 28520 44738 21508 55701 19511
66667 22508 77634 28522 88574 27530 99518 25526 11444 23516
22423 26508 33403 30011 44365 26512 55347 29520 66314 27515
77299 29514 88285 27508 99272 23510 11259 24003 31313 73508
82330=

NNNNN

UPID54 WAFF 050000
PPAA  55008 97072 55385 29511 30014 15008 55340 22007
18511 14508 55320 10022 08533 30511 77999=

NNNNN

UGID54 WAFF 050000
PPBB  55008 97072 90/13 00000 19007 15505 9045/ 24007 30010
91012 31014 29514 28509 91456 26510 28007 21006 9179/ 21509
17508 92035 16010 16511 20507 927// 24007 93024 22008 20012
16012 9368/ 16012 10014 94458 10022 08524 08534 95123 10046
10553 09539 9545/ 03503 30012=

NNNNN

UHID54 WAFF 050000
PPCC  55008 97072 55370 19511 25033 29514 77999=

NNNNN

UQID54 WAFF 050000
PPDD  55008 97072 9568/ 29008 28534 96012 28520 21508 19511
96346 22508 28522 27530 968// 25526 97123 23516 26508 30011
97568 26512 29520 27515 979// 29514 98012 27508 23510 24003=

NNNNN
