USID54 WAMM 280000
TTAA  78001 97014 99000 26434 00000 00080 26434 00000
92769 23844 29502 85506 18615 19502 70158 11256 26504
50589 03959 30512 40761 15756 15506 30973 29172 08027
25100 38768 10534 20249 51762 10040 15428 66961 08537
10662 84756 11031 88999 77999 31313 73508 82330=

NNNNN

UKID54 WAMM 280000
TTBB  78008 97014 00000 26434 11999 27647 22847 18413 33733
12624 44715 12656 55675 09033 66626 05858 77540 00057 88519
01161 99473 07356 11383 18350 22355 20962 33308 27571 44259
36573 55225 45560 66159 63962 77116 77760 88100 84756 21212
00000 00000 11976 03002 22943 00001 33911 30502 44850 19502
55765 28504 66739 27507 77713 28505 88688 26005 99664 28012
11617 28013 22594 25514 33493 31011 44475 34511 55457 03009
66439 00505 77422 12502 88406 12007 99390 16506 11375 07008
22332 06530 33305 08027 44257 10034 55126 09037 66108 12026
77102 12029 31313 73508 82330 41414 38531=

NNNNN

ULID54 WAMM 280000
TTCC  78002 97014 70862 82758 34523 50060 70370 25527
30365 65576 28523 20621 56383 36023 88998 84956 11030
88805 83557 32014 88227 56383 24506 77999 31313 73508
82330=

NNNNN

UEID54 WAMM 280000
TTDD  7800/ 97014 11998 84956 22970 81360 33916 79160 44805
83557 55746 84157 66705 83158 77671 76562 88590 69168 99454
71369 11326 67774 22295 65177 33264 58382 44254 53785 55227
56383 66190 57783 77155 53985 88146 55587 21212 11919 03507
22872 33009 33826 31012 44783 33010 55742 32015 66703 34024
77667 29008 88601 30015 99572 28022 11544 27033 22517 26027
33491 25526 44467 26036 55401 27025 66363 23025 77313 28022
88270 25516 99258 28013 11235 24513 22224 30003 33214 34517
44204 35524 55194 02024 66185 03523 77177 07526 88161 10542
99146 08046 31313 73508 82330=

NNNNN

UPID54 WAMM 280000
PPAA  78008 97014 55385 19502 26504 30512 55340 15506
08027 10534 55320 10040 08537 11031 77999=

NNNNN

UGID54 WAMM 280000
PPBB  78008 97014 90/12 00000 03002 00001 90358 30502 19502
28504 909// 27507 91012 28505 26005 28012 9145/ 28013 25514
92012 31011 34511 03009 92345 00505 12502 12007 9267/ 16506
07008 93026 06530 08027 10034 95145 09037 12026 12029=

NNNNN

UHID54 WAMM 280000
PPCC  78008 97014 55370 34523 25527 28523 55120 36023
77999=

NNNNN

UQID54 WAMM 280000
PPDD  78008 97014 95789 03507 33009 31012 96012 33010 32015
34024 96356 29008 30015 28022 96789 27033 26027 25526 97035
26036 27025 23025 978// 28022 98124 25516 28013 24513 98567
30003 34517 35524 9889/ 02024 03523 99024 07526 10542 08046=

NNNNN
