USID54 WAMM 060000
TTAA  56001 97014 99003 26222 18004 00104 26228 16004
92790 22026 25004 85525 18429 15503 70171 10650 18508
50590 04727 13510 40762 14150 11020 30974 29757 11013
25102 40156 10525 20250 53557 07525 15428 69356 09027
10662 75961 30509 88117 80956 09043 77999 31313 73508
82329=

NNNNN

UKID54 WAMM 060000
TTBB  56008 97014 00003 26222 11971 23610 22823 17450 33615
05247 44562 00021 55535 01138 66480 06924 77462 07150 88357
19558 99258 38358 11229 45539 22171 62160 33117 80956 44116
80357 55107 75961 66100 75961 21212 00003 18004 11978 14003
22945 22005 33914 23503 44883 09002 55852 15503 66823 14004
77767 05502 88740 08504 99715 17005 11641 15016 22618 14505
33574 15013 44532 11511 55513 13009 66494 14511 77423 10520
88361 11517 99333 09013 11319 11511 22281 09517 33236 09522
44162 07528 55147 09529 66140 09532 77119 09042 88113 11036
99108 11026 11102 28505 31313 73508 82329 41414 22511=

NNNNN

ULID54 WAMM 060000
TTCC  56002 97014 70864 78162 16512 50060 68974 24521
30370 61983 25007 20625 57784 10527 88829 82759 29517
77999 31313 73508 82329=

NNNNN

UEID54 WAMM 060000
TTDD  5600/ 97014 11829 82759 22793 79362 33711 78561 44684
74565 55658 72566 66591 75167 77498 68574 88381 67182 99268
62183 11234 55585 22201 57584 33176 51986 44148 52786 21212
11969 30016 22826 29516 33783 23504 44743 20511 55705 17512
66669 24511 77636 27021 88604 26531 99545 23524 11492 24019
22446 31024 33424 32532 44404 32516 55365 28512 66348 22011
77315 22509 88300 25007 99286 23509 11273 23012 22260 26007
33247 02504 44236 35510 55225 03512 66205 09024 77195 12528
88186 09026 99178 08531 11155 08543 31313 73508 82329=

NNNNN

UPID54 WAMM 060000
PPAA  56008 97014 55385 15503 18508 13510 55340 11020
11013 10525 55320 07525 09027 30509 77999=

NNNNN

UGID54 WAMM 060000
PPBB  56008 97014 90/12 18004 14003 22005 90345 23503 09002
15503 90689 14004 05502 08504 91034 17005 15016 14505 91689
15013 11511 13009 92048 14511 10520 11517 93014 09013 11511
09517 938// 09522 94689 07528 09529 09532 95234 09042 11036
11026 955// 28505=

NNNNN

UHID54 WAMM 060000
PPCC  56008 97014 55370 16512 24521 25007 55120 10527
77999=

NNNNN

UQID54 WAMM 060000
PPDD  56008 97014 9569/ 30016 29516 96012 23504 20511 17512
96345 24511 27021 26531 9679/ 23524 24019 97123 31024 32532
32516 97568 28512 22011 22509 979// 25007 98012 23509 23012
26007 98345 02504 35510 03512 98789 09024 12528 09026 9903/
08531 08543=

NNNNN
