USID54 WAMM 070000
TTAA  57001 97014 99001 28825 21004 00094 26825 00504
92782 22216 07012 85511 18215 09017 70159 10440 09010
50589 04335 06509 40761 14341 09507 30973 28959 06011
25102 39366 02510 20250 52962 04002 15429 68956 08521
10663 81558 14511 88999 77999 31313 73508 82330=

NNNNN

UKID54 WAMM 070000
TTBB  57008 97014 00001 28825 11000 26825 22850 18215 33808
17857 44721 11439 55683 10256 66565 00020 77513 03135 88475
07715 99456 07950 11382 16731 22302 28759 33284 31767 44218
47967 55155 67156 66119 78757 77117 75561 88100 81558 21212
00001 21004 11977 10006 22944 06514 33793 08510 44714 06511
55688 08509 66664 05005 77640 05503 88595 08009 99573 09509
11552 08014 22532 06017 33512 07511 44493 07508 55456 08515
66406 09008 77375 09009 88346 08510 99332 07008 11319 07010
22293 06013 33258 02012 44247 02010 55236 02007 66226 36009
77216 35506 88206 03003 99188 07009 11171 09012 22120 08525
33108 17012 44102 16512 31313 73508 82330 41414 32431=

NNNNN

ULID54 WAMM 070000
TTCC  57002 97014 70864 77962 33516 50066 66582 25020
30374 65182 29014 20630 59184 33017 88877 85157 04507
88189 61183 33511 77999 31313 73508 82330=

NNNNN

UEID54 WAMM 070000
TTDD  5700/ 97014 11877 85157 22848 79362 33699 77962 44684
76963 55661 70369 66630 65773 77534 68182 88521 66182 99421
69581 11377 69781 22360 66782 33342 67582 44300 65182 55284
58384 66252 55185 77189 61183 88179 58784 99164 57984 11150
61383 22142 61983 33139 62183 44136 58984 55123 58584 21212
11970 12507 22871 04008 33825 34515 44783 32518 55705 33518
66669 18508 77606 23017 88548 27523 99472 24527 11450 24036
22387 24534 33350 23529 44288 29528 55262 29031 66238 28032
77227 29531 88217 30529 99197 33517 11188 34009 22179 09511
33170 19507 44162 16510 55155 14505 66141 12018 77128 10047
31313 73508 82330=

NNNNN

UPID54 WAMM 070000
PPAA  57008 97014 55385 09017 09010 06509 55340 09507
06011 02510 55320 04002 08521 14511 77999=

NNNNN

UGID54 WAMM 070000
PPBB  57008 97014 90/12 21004 10006 06514 907// 08510 91012
06511 08509 05005 91356 05503 08009 09509 91789 08014 06017
07511 92025 07508 08515 09008 9279/ 09009 08510 93013 07008
07010 06013 93678 02012 02010 02007 939// 36009 94013 35506
03003 07009 945// 09012 95245 08525 17012 16512=

NNNNN

UHID54 WAMM 070000
PPCC  57008 97014 55370 33516 25020 29014 55120 33017
77999=

NNNNN

UQID54 WAMM 070000
PPDD  57008 97014 95689 12507 04008 34515 96023 32518 33518
18508 9657/ 23017 27523 97014 24527 24036 24534 976// 23529
98024 29528 29031 28032 98568 29531 30529 33517 989// 34009
99012 09511 19507 16510 99357 14505 12018 10047=

NNNNN
