USID54 WAFF 130000
TTAA  63001 97072 99002 27449 00000 00095 26042 21501
92779 22833 18010 85511 19256 22503 70159 11050 03002
50590 03763 09518 40763 14545 07519 30974 29763 10026
25101 40160 10524 20250 52959 09029 15429 66960 10039
10663 82950 10011 88999 77999 31313 73508 82329=

NNNNN

UKID54 WAFF 130000
TTBB  63008 97072 00002 27449 11001 26440 22930 23032 33916
23448 44765 14042 55655 08256 66552 00041 77527 02143 88517
02941 99510 03349 11506 03560 22501 03762 33495 04157 44358
20331 55300 29763 66240 42560 77232 44557 88216 48556 99212
49556 11209 50360 22187 56757 33169 62158 44163 64156 55147
67562 66100 82950 21212 00002 00000 11977 17504 22944 15508
33912 16507 44882 07004 55852 22504 66822 20503 77793 25508
88766 00000 99713 01005 11640 09507 22617 09007 33595 11507
44553 09518 55361 07518 66247 10525 77206 09527 88197 09031
99147 09039 11127 06536 22120 06531 33114 06026 44102 11510
31313 73508 82329 41414 25518=

NNNNN

ULID54 WAFF 130000
TTCC  63002 97072 70867 75563 28026 50064 69770 29013
30376 62379 36016 20628 57182 07042 88926 85534 11004
77999 31313 73508 82329=

NNNNN

UEID54 WAFF 130000
TTDD  6300/ 97072 11926 85534 22883 79559 33840 76159 44794
77559 55759 73763 66692 75763 77631 75164 88598 70768 99520
72167 11494 68371 22403 65774 33380 61978 44291 63378 55269
63578 66260 60981 77242 61780 88236 61580 99229 57584 11218
55585 22198 57382 21212 11971 09507 22920 09505 33872 14506
44827 32012 55785 28015 66639 26518 77606 24522 88548 28018
99521 26009 11495 29512 22471 29008 33448 25515 44406 26506
55386 20007 66368 22516 77334 17505 88318 02011 99303 00514
11289 36014 22275 06009 33262 09011 44249 15024 55238 15528
66226 08524 77216 08540 88206 08046 31313 73508 82329=

NNNNN

UPID54 WAFF 130000
PPAA  63008 97072 55385 22503 03002 09518 55340 07519
10026 10524 55320 09029 10039 10011 77999=

NNNNN

UGID54 WAFF 130000
PPBB  63008 97072 90/12 00000 17504 15508 90345 16507 07004
22504 90678 20503 25508 00000 91034 01005 09507 09007 9157/
11507 09518 928// 07518 937// 10525 94128 09527 09031 09039
95123 06536 06531 06026 955// 11510=

NNNNN

UHID54 WAFF 130000
PPCC  63008 97072 55370 28026 29013 36016 55120 07042
77999=

NNNNN

UQID54 WAFF 130000
PPDD  63008 97072 95678 09507 09505 14506 959// 32012 96045
28015 26518 24522 96789 28018 26009 29512 97013 29008 25515
26506 97457 20007 22516 17505 9789/ 02011 00514 98012 36014
06009 09011 98345 15024 15528 08524 9867/ 08540 08046=

NNNNN
