USID54 WAMM 260000
TTAA  76001 97014 99001 26623 08002 00085 26631 03002
92772 22218 28007 85502 18009 26508 70155 11257 24015
50588 04733 31507 40760 14942 12005 30972 30558 09011
25099 40158 08535 20247 52958 10550 15426 68160 12560
10661 78561 06511 88999 77126 12568 31313 73508 82330=

NNNNN

UKID54 WAMM 260000
TTBB  76008 97014 00001 26623 11891 20850 22822 16411 33799
17048 44712 11658 55612 03420 66586 02634 77556 00034 88523
04307 99511 03928 11423 12136 22319 27326 33299 30558 44271
35756 55230 44367 66199 53158 77121 77958 88110 75362 99100
78561 21212 00001 08002 11976 26503 22912 28009 33881 30510
44850 26508 55793 22519 66713 25019 77617 24514 88594 27012
99573 28009 11552 30513 22512 30513 33474 33002 44456 08005
55439 16005 66422 13007 77406 14003 88374 07008 99360 09011
11345 10015 22280 07522 33257 08027 44246 08539 55205 10547
66196 11052 77132 12566 88126 12568 99108 10025 31313 73508
82330 41414 48571=

NNNNN

ULID54 WAMM 260000
TTCC  76002 97014 70865 74364 30027 50062 70169 29020
30373 65777 29026 20623 59183 22014 88923 81160 07526
88652 76363 31030 77999 31313 73508 82330=

NNNNN

UEID54 WAMM 260000
TTDD  7600/ 97014 11923 81160 22801 79961 33778 78961 44764
74565 55741 72765 66652 76363 77585 75364 88558 70768 99488
71368 11463 65773 22359 63178 33296 65977 44271 65578 55245
60782 66225 62379 77172 55383 88150 54982 99141 50785 11124
47585 21212 11968 06516 22918 07528 33870 05530 44825 00510
55783 33015 66743 27519 77671 31032 88637 31026 99546 28011
11469 28012 22446 21521 33425 22019 44405 28017 55385 27521
66349 28522 77287 28027 88260 23527 99214 26021 11204 22515
22195 21008 33186 12006 44177 08518 55147 11535 66134 09034
77128 09051 31313 73508 82330=

NNNNN

UPID54 WAMM 260000
PPAA  76008 97014 55385 26508 24015 31507 55340 12005
09011 08535 55320 10550 12560 06511 71529 12568=

NNNNN

UGID54 WAMM 260000
PPBB  76008 97014 90/13 08002 26503 28009 90457 30510 26508
22519 91045 25019 24514 27012 91679 28009 30513 30513 92123
33002 08005 16005 92457 13007 14003 07008 9289/ 09011 10015
93467 07522 08027 08539 9412/ 10547 11052 95014 12566 12568
10025=

NNNNN

UHID54 WAMM 260000
PPCC  76008 97014 55370 30027 29020 29026 55120 22014
77999=

NNNNN

UQID54 WAMM 260000
PPDD  76008 97014 95678 06516 07528 05530 959// 00510 96013
33015 27519 31032 9647/ 31026 28011 97012 28012 21521 22019
97346 28017 27521 28522 98026 28027 23527 26021 98789 22515
21008 12006 99046 08518 11535 09034 997// 09051=

NNNNN
