USID54 WAFF 030000
TTAA  53001 97072 99003 25235 14001 00107 25031 18502
92791 21630 00001 85517 18643 25012 70164 10850 32005
50589 06306 05512 40761 14337 07513 30973 30347 10013
25099 40956 08516 20247 52956 09031 15426 67557 10066
10660 81956 08529 88108 81756 06548 77999 31313 73508
82329=

NNNNN

UKID54 WAFF 030000
TTBB  53008 97072 00003 25235 11779 15850 22565 00010 33474
08901 44435 10544 55408 12946 66374 18522 77315 27530 88285
32958 99256 39546 11209 50957 22166 63356 33142 68960 44108
81756 55100 81956 21212 00003 14001 11978 21001 22945 17505
33913 00001 44882 22005 55852 25012 66823 23013 77767 25511
88740 27008 99714 29507 11689 28004 22664 21506 33618 18507
44573 09003 55552 10004 66512 06509 77493 06014 88406 08013
99390 06515 11375 08014 22332 08012 33281 10514 44215 08022
55205 08527 66196 09534 77178 09547 88170 09552 99126 07054
11113 06545 22102 08535 31313 73508 82329 41414 35432=

NNNNN

ULID54 WAFF 030000
TTCC  53002 97072 70863 75958 25028 50059 70559 32016
30370 63760 23523 20624 54367 10033 88999 77999 31313
73508 82329=

NNNNN

UEID54 WAFF 030000
TTDD  5300/ 97072 11942 78959 22777 78957 33717 75959 44619
78357 55593 76958 66579 72961 77522 72159 88474 66162 99392
63760 11354 65958 22276 63759 33212 54566 44157 51778 21212
11966 06520 22916 00508 33869 29017 44782 26028 55704 25028
66669 25530 77635 25528 88571 31017 99467 34526 11423 27015
22365 25515 33348 27510 44331 28017 55272 20518 66247 16506
77235 25004 88224 15005 99214 11014 11204 10534 22186 07039
33170 08050 44162 06545 31313 73508 82329=

NNNNN

UPID54 WAFF 030000
PPAA  53008 97072 55385 25012 32005 05512 55340 07513
10013 08516 55320 09031 10066 08529 77999=

NNNNN

UGID54 WAFF 030000
PPBB  53008 97072 90/12 14001 21001 17505 90345 00001 22005
25012 90689 23013 25511 27008 91012 29507 28004 21506 91467
18507 09003 10004 919// 06509 92056 06014 08013 06515 927//
08014 9304/ 08012 10514 94012 08022 08527 09534 9445/ 09547
09552 95135 07054 06545 08535=

NNNNN

UHID54 WAFF 030000
PPCC  53008 97072 55370 25028 32016 23523 55120 10033
77999=

NNNNN

UQID54 WAFF 030000
PPDD  53008 97072 95678 06520 00508 29017 96023 26028 25028
25530 9646/ 25528 31017 97025 34526 27015 25515 9767/ 27510
28017 98134 20518 16506 25004 98567 15005 11014 10534 989//
07039 9912/ 08050 06545=

NNNNN
