USID54 WAFF 240000
TTAA  74001 97072 99003 24633 00000 00098 24615 33503
92782 21214 33510 85509 18427 26507 70154 10642 26032
50588 05117 06010 40761 14350 09530 30973 29364 11026
25100 40158 10538 20248 52950 11044 15427 68335 11064
10661 78159 09035 88105 82156 09563 77140 11074 77108
09569 31313 73508 82330=

NNNNN

UKID54 WAFF 240000
TTBB  74008 97072 00003 24633 11851 18427 22770 12807 33767
13839 44737 13250 55607 02815 66550 00035 77502 04918 88488
05514 99479 05550 11408 15510 22400 14350 33363 19940 44332
23358 55303 28763 66234 44156 77200 52950 88195 53959 99150
68335 11123 76357 22105 82156 33100 78159 21212 00003 00000
11977 30002 22912 33509 33881 25508 44851 27007 55822 25511
66793 26519 77766 25530 88713 26033 99688 26529 11663 28525
22617 25013 33573 27503 44532 18504 55512 09506 66493 03510
77439 08018 88406 09028 99375 09031 11346 10522 22332 12521
33269 10524 44246 10539 55196 11048 66179 10558 77147 11067
88140 11074 99108 09569 31313 73508 82330 41414 33471=

NNNNN

ULID54 WAFF 240000
TTCC  74002 97072 70865 74365 32014 50063 71774 29015
30374 62783 27525 20624 60184 05015 88999 77999 31313
73508 82330=

NNNNN

UEID54 WAFF 240000
TTDD  7400/ 97072 11748 78963 22694 73366 33575 69774 44490
72374 55460 71375 66435 66781 77405 64183 88374 66182 99321
61583 11284 63783 22260 61383 33224 62183 44195 58784 21212
11968 07522 22918 29510 33784 28012 44706 31514 55670 00505
66637 34506 77606 26513 88470 29518 99425 26018 11404 27516
22367 26510 33349 27516 44333 25522 55287 26023 66249 23023
77237 23520 88225 21514 99215 12011 11195 03516 31313 73508
82330=

NNNNN

UPID54 WAFF 240000
PPAA  74008 97072 55385 26507 26032 06010 55340 09530
11026 10538 55320 11044 11064 09035 71468 11074 71618
09569=

NNNNN

UGID54 WAFF 240000
PPBB  74008 97072 90/13 00000 30002 33509 90456 25508 27007
25511 9078/ 26519 25530 91012 26033 26529 28525 91468 25013
27503 18504 919// 09506 92035 03510 08018 09028 9279/ 09031
10522 93057 12521 10524 10539 94248 11048 10558 11067 949//
11074 954// 09569=

NNNNN

UHID54 WAFF 240000
PPCC  74008 97072 55370 32014 29015 27525 55120 05015
77999=

NNNNN

UQID54 WAFF 240000
PPDD  74008 97072 9567/ 07522 29510 96023 28012 31514 00505
9645/ 34506 26513 97023 29518 26018 27516 97567 26510 27516
25522 98034 26023 23023 23520 98568 21514 12011 03516=

NNNNN
