USID54 WAFF 200000
TTAA  70001 97072 99004 25630 00000 00113 25014 14002
92799 21408 32503 85528 17822 20006 70170 09621 07004
50589 04505 04516 40761 14918 06523 30974 28930 06016
25101 39536 06518 20250 52556 07522 15429 68145 09025
10661 83940 07552 88102 84338 07554 77999 31313 73508
82330=

NNNNN

UKID54 WAFF 200000
TTBB  70008 97072 00004 25630 11912 20606 22852 17823 33833
18249 44565 00006 55465 07308 66366 18319 77299 29129 88194
54357 99160 64945 11136 73550 22123 78334 33102 84338 44100
83940 21212 00004 00000 11979 00000 22914 35503 33883 24509
44853 20005 55795 21016 66767 26002 77741 16004 88714 09004
99664 03509 11640 03014 22595 06013 33406 06022 44206 07019
55155 10024 66147 09027 77140 09032 88114 09047 99108 08560
11102 07554 31313 73508 82330 41414 45425=

NNNNN

ULID54 WAFF 200000
TTCC  70003 97072 70864 75947 25512 50062 68545 27522
30370 62150 30010 88999 77999 31313 73508 82330=

NNNNN

UEID54 WAFF 200000
TTDD  7000/ 97072 11983 81756 22934 79544 33919 77356 44878
78737 55852 80141 66835 77356 77786 77532 88696 75349 99675
74933 11658 75132 22643 71556 33573 73135 44536 73339 55509
68956 66486 68726 77469 68348 88458 68524 99443 68140 11415
69125 22398 69325 33377 67556 44340 64731 55327 64957 66323
64560 77300 62150 88290 60358 99275 59159 11255 61756 21212
11917 08012 22870 13511 33825 24517 44783 25528 55705 25515
66670 28507 77636 29532 88546 27035 99519 26529 11446 26520
22404 26518 33366 29022 44315 27514 55286 32012 66273 21004
77260 18502 31313 73508 82330=

NNNNN

UPID54 WAFF 200000
PPAA  70008 97072 55385 20006 07004 04516 55340 06523
06016 06518 55320 07522 09025 07552 77999=

NNNNN

UGID54 WAFF 200000
PPBB  70008 97072 90/12 00000 00000 17004 90345 35503 24509
20005 90789 21016 26002 16004 91023 09004 03509 03014 915//
06013 925// 06022 94178 07019 10024 09027 949// 09032 95345
09047 08560 07554=

NNNNN

UHID54 WAFF 200000
PPCC  70008 97072 55370 25512 27522 30010 77999=

NNNNN

UQID54 WAFF 200000
PPDD  70008 97072 95789 08012 13511 24517 96023 25528 25515
28507 96478 29532 27035 26529 97135 26520 26518 29022 978//
27514 98012 32012 21004 18502=

NNNNN
