USID54 WAFF 110000
TTAA  61001 97072 99003 25022 00000 00103 24620 09504
92786 22428 16508 85523 17814 16007 70166 10042 07511
50588 05910 07516 40760 14720 06518 30972 29537 11518
25099 39758 11018 20248 52756 11515 15427 68557 13026
10661 74558 31529 88116 79943 11538 77999 31313 73508
82330=

NNNNN

UKID54 WAFF 110000
TTBB  61008 97072 00003 25022 11962 24237 22571 00012 33442
10315 44368 19342 55319 25920 66294 30750 77278 33956 88266
36332 99259 37743 11256 38335 22250 39758 33241 41759 44234
43357 55187 56558 66171 61749 77163 64158 88116 79943 99100
74558 21212 00003 00000 11978 15507 22882 16506 33823 15007
44740 06506 55641 08510 66595 08023 77406 07516 88345 10018
99257 11020 11196 12015 22147 13027 33132 12033 44113 11039
55107 08016 66102 32523 31313 73508 82330 41414 25578=

NNNNN

ULID54 WAFF 110000
TTCC  61003 97072 70865 76756 28515 50060 68758 24523
30371 61557 20530 88825 81556 30531 77999 31313 73508
82330=

NNNNN

UEID54 WAFF 110000
TTDD  6100/ 97072 11825 81556 22789 80557 33753 74760 44704
76556 55585 76156 66523 72957 77505 68759 88463 67956 99437
64958 11413 65950 22362 62358 33324 62950 44314 63947 55289
57759 66275 57357 21212 11919 30037 22826 30531 33743 30018
44670 28014 55636 29517 66604 27014 77545 32013 88492 24526
99403 30525 11384 30021 22348 22533 33301 20530 44287 18017
31313 73508 82330=

NNNNN

UPID54 WAFF 110000
PPAA  61008 97072 55385 16007 07511 07516 55340 06518
11518 11018 55320 11515 13026 31529 77999=

NNNNN

UGID54 WAFF 110000
PPBB  61008 97072 90/14 00000 15507 16506 9069/ 15007 06506
9135/ 08510 08023 9259/ 07516 10018 936// 11020 9428/ 12015
13027 95034 12033 11039 08016 955// 32523=

NNNNN

UHID54 WAFF 110000
PPCC  61008 97072 55370 28515 24523 20530 77999=

NNNNN

UQID54 WAFF 110000
PPDD  61008 97072 9579/ 30037 30531 96134 30018 28014 29517
96579 27014 32013 24526 97346 30525 30021 22533 979// 20530
980// 18017=

NNNNN
