USID54 WAFF 300000
TTAA  80001 97072 99003 25017 00000 00100 24411 10005
92786 22224 14505 85521 18622 25019 70159 09220 31508
50588 04729 29004 40761 14339 12509 30973 29544 08027
25100 39156 08535 20250 51743 08543 15429 67543 09549
10661 87139 10548 88999 77999 31313 73508 82330=

NNNNN

UKID54 WAFF 300000
TTBB  80008 97072 00003 25017 11896 22038 22773 12804 33727
11637 44622 04028 55556 00018 66433 11308 77410 12944 88361
20904 99344 23302 11327 25146 22306 28939 33286 31557 44244
40358 55227 44340 66164 63150 77129 75543 88118 79529 99108
84125 11100 87139 21212 00003 00000 11978 11503 22945 01501
33913 23502 44882 24511 55740 27012 66714 29509 77688 30508
88640 27507 99617 31507 11594 19503 22573 29005 33552 27510
44531 25006 55512 31506 66493 28005 77474 27511 88456 26008
99439 30503 11422 25002 22406 13508 33375 08011 44269 07027
55258 08032 66147 09548 77140 09554 88102 10051 31313 73508
82330 41414 35475=

NNNNN

ULID54 WAFF 300000
TTCC  80002 97072 70864 76550 26032 50061 68957 31020
30372 61961 29009 20625 58378 16504 88998 87337 10547
77999 31313 73508 82330=

NNNNN

UEID54 WAFF 300000
TTDD  8000/ 97072 11998 87337 22980 84556 33940 81956 44892
82735 55847 83132 66829 82738 77814 78358 88788 74760 99714
75756 11667 76950 22648 74758 33547 69958 44472 70356 55392
66557 66352 61359 77268 64163 88255 60568 99209 58974 11180
53385 22137 49389 21212 11917 08520 22824 05525 33782 26512
44705 26532 55669 26525 66573 31021 77545 29016 88493 31522
99424 28020 11384 25519 22365 24510 33348 29008 44316 27504
55287 28507 66273 27509 77260 30010 88248 24510 99205 20012
11195 08505 22178 07533 33162 05555 44141 09053 31313 73508
82330=

NNNNN

UPID54 WAFF 300000
PPAA  80008 97072 55385 25019 31508 29004 55340 12509
08027 08535 55320 08543 09549 10548 77999=

NNNNN

UGID54 WAFF 300000
PPBB  80008 97072 90/12 00000 11503 01501 90349 23502 24511
27012 91013 29509 30508 27507 91456 31507 19503 29005 91789
27510 25006 31506 92012 28005 27511 26008 92345 30503 25002
13508 927// 08011 9356/ 07027 08032 9489/ 09548 09554 955//
10051=

NNNNN

UHID54 WAFF 300000
PPCC  80008 97072 55370 26032 31020 29009 55120 16504
77999=

NNNNN

UQID54 WAFF 300000
PPDD  80008 97072 9579/ 08520 05525 96023 26512 26532 26525
96679 31021 29016 31522 97245 28020 25519 24510 9768/ 29008
27504 98012 28507 27509 30010 98378 24510 20012 08505 99025
07533 05555 09053=

NNNNN
