USID54 WAFF 220000
TTAA  72001 97072 99004 24216 11003 00114 23817 15003
92794 21433 16010 85521 17023 24521 70168 10242 31517
50589 05908 13011 40761 14532 08016 30974 29930 08022
25101 39757 10031 20249 52750 10543 15428 68956 11058
10661 74162 10528 88106 82156 08568 77120 11069 77107
09068 31313 73508 82329=

NNNNN

UKID54 WAFF 220000
TTBB  72008 97072 00004 24216 11915 21642 22855 17020 33760
14650 44567 00016 55464 08706 66448 09327 77379 17326 88337
24311 99325 25335 11296 30722 22269 35360 33244 41350 44238
42938 55232 44357 66133 75356 77106 82156 88100 74162 21212
00004 11003 11979 17008 22946 15509 33883 23009 44823 25519
55767 26016 66740 30008 77689 33015 88665 31007 99617 27006
11595 25010 22573 24512 33552 24508 44532 22505 55512 11506
66475 12016 77439 06516 88360 10019 99293 08022 11258 10026
22247 10531 33179 10548 44171 10552 55126 11065 66120 11069
77113 10067 88107 09068 99102 10040 31313 73508 82329 41414
25478=

NNNNN

ULID54 WAFF 220000
TTCC  72003 97072 70866 80160 28517 50063 68772 25505
30372 63783 23528 88774 80560 28032 77999 31313 73508
82329=

NNNNN

UEID54 WAFF 220000
TTDD  7200/ 97072 11904 74763 22774 80560 33715 80960 44624
72965 55527 70969 66485 66774 77404 68575 88351 63581 99297
63983 11255 62383 22227 58384 21212 11968 11011 22919 29508
33828 28036 44706 28521 55671 25508 66637 24510 77605 23509
88546 27509 99519 28505 11470 22011 22448 27511 33405 28507
44366 32019 55301 23529 66273 22524 77260 19521 88248 18008
99236 27012 31313 73508 82329=

NNNNN

UPID54 WAFF 220000
PPAA  72008 97072 55385 24521 31517 13011 55340 08016
08022 10031 55320 10543 11058 10528 71558 11069 71622
09068=

NNNNN

UGID54 WAFF 220000
PPBB  72008 97072 90/12 11003 17008 15509 90468 23009 25519
26016 909// 30008 91124 33015 31007 27006 91567 25010 24512
24508 9189/ 22505 11506 92138 12016 06516 10019 93367 08022
10026 10531 9445/ 10548 10552 95123 11065 11069 10067 9545/
09068 10040=

NNNNN

UHID54 WAFF 220000
PPCC  72008 97072 55370 28517 25505 23528 77999=

NNNNN

UQID54 WAFF 220000
PPDD  72008 97072 95679 11011 29508 28036 96234 28521 25508
24510 96578 23509 27509 28505 97013 22011 27511 28507 9759/
32019 23529 98123 22524 19521 18008 984// 27012=

NNNNN
