USID54 WAFF 260000
TTAA  76001 97072 99000 25626 22001 00077 25626 22001
92764 23856 13503 85499 19450 21508 70144 10856 26526
50588 05122 27510 40759 15519 10015 30970 30736 11040
25097 40535 10046 20245 53144 11052 15424 68156 11069
10660 75164 05526 88119 78556 11078 77119 11078 77139
11071 31313 73508 82329=

NNNNN

UKID54 WAFF 260000
TTBB  76008 97072 00000 25626 11940 23218 22928 23850 33821
17238 44728 12658 55705 11045 66660 09659 77560 00027 88524
02334 99458 09912 11413 13723 22322 27117 33299 30939 44279
34123 55257 38923 66247 41348 77227 45731 88119 78556 99109
75361 11100 75164 21212 00000 22001 11975 18503 22943 06502
33911 14005 44850 21508 55792 24023 66765 23529 77712 25526
88663 26027 99616 26036 11551 26030 22531 26525 33511 26513
44492 29004 55474 26001 66455 07003 77438 08014 88421 07015
99405 10015 11359 09525 22345 10030 33279 10541 44235 10548
55214 11052 66154 11067 77139 11071 88119 11078 99107 08533
31313 73508 82329 41414 25411=

NNNNN

ULID54 WAFF 260000
TTCC  76002 97072 70866 74963 29532 50062 71363 27526
30374 63178 27026 20622 60983 26515 88999 77999 31313
73508 82329=

NNNNN

UEID54 WAFF 260000
TTDD  7600/ 97072 11857 77962 22800 74364 33621 76162 44562
74563 55532 69966 66495 71563 77470 67367 88438 67166 99426
64569 11355 64770 22326 61575 33274 63982 44189 60584 55170
55785 66146 54785 21212 11966 04512 22918 31009 33871 30519
44826 32022 55745 27516 66671 30532 77638 31026 88605 27509
99574 31502 11546 21009 22519 27522 33493 27024 44446 20523
55424 22012 66404 27019 77349 30019 88302 27526 99273 24524
11248 24016 22236 23508 33225 33511 44214 28022 55194 24013
66185 16008 77177 11016 88168 10529 99161 09029 11146 10537
31313 73508 82329=

NNNNN

UPID54 WAFF 260000
PPAA  76008 97072 55385 21508 26526 27510 55340 10015
11040 10046 55320 11052 11069 05526 71559 11078 71470
11071=

NNNNN

UGID54 WAFF 260000
PPBB  76008 97072 90/12 22001 18503 06502 90357 14005 21508
24023 908// 23529 91024 25526 26027 26036 91789 26030 26525
26513 92012 29004 26001 07003 92345 08014 07015 10015 9289/
09525 10030 9348/ 10541 10548 94079 11052 11067 11071 9524/
11078 08533=

NNNNN

UHID54 WAFF 260000
PPCC  76008 97072 55370 29532 27526 27026 55120 26515
77999=

NNNNN

UQID54 WAFF 260000
PPDD  76008 97072 95678 04512 31009 30519 959// 32022 96134
27516 30532 31026 96567 27509 31502 21009 9689/ 27522 27024
97123 20523 22012 27019 9769/ 30019 27526 98134 24524 24016
23508 98568 33511 28022 24013 989// 16008 99012 11016 10529
09029 994// 10537=

NNNNN
