USID54 WAMM 140000
TTAA  64001 97014 99003 24611 07004 00109 24210 07504
92790 21411 35504 85521 17022 05506 70165 09834 05514
50589 05104 08026 40761 14115 09022 30974 28524 07024
25102 38328 06517 20251 52350 10519 15430 67738 11030
88999 77999 31313 73508 82330=

NNNNN

UKID54 WAMM 140000
TTBB  64008 97014 00003 24611 11955 23426 22842 16419 33820
16831 44692 10042 55576 00006 66547 01119 77435 10313 88340
21920 99262 35729 11238 41324 22220 46350 33211 48943 44207
49956 55176 59724 66132 73950 77122 75956 88109 80530 21212
00003 07004 11978 15002 22945 33003 33914 02004 44852 05506
55823 04502 66794 08005 77767 06010 88714 06513 99664 10018
11617 06509 22595 05519 33493 08527 44475 09031 55456 09531
66439 10026 77346 08022 88281 06522 99226 07017 11197 11520
22179 12028 33171 12535 44155 11537 55148 10527 66133 08523
77127 06519 88120 35016 99114 33511 31313 73508 82330 41414
48471=

NNNNN

ULID54 WAMM 140000
TTCC  6400/ 97014 88999 77999 31313 73508 82330=

NNNNN

UEID54 WAMM 140000
TTDD  6400/ 97014 31313 73508 82330=

NNNNN

UPID54 WAMM 140000
PPAA  64008 97014 55385 05506 05514 08026 55340 09022
07024 06517 55220 10519 11030 77999=

NNNNN

UGID54 WAMM 140000
PPBB  64008 97014 90/12 07004 15002 33003 90356 02004 05506
04502 9078/ 08005 06010 91024 06513 10018 06509 915// 05519
92012 08527 09031 09531 9239/ 10026 08022 9349/ 06522 07017
94245 11520 12028 12535 9478/ 11537 10527 95012 08523 06519
35016 953// 33511=

NNNNN

UHID54 WAMM 140000
PPCC  64008 97014 77999=

NNNNN

UQID54 WAMM 140000
PPDD  64008 97014=

NNNNN
