USID54 WAMM 100000
TTAA  60001 97014 99005 24815 00000 00119 24619 18504
92806 21819 06512 85537 17415 11013 70181 09635 09512
50590 05316 10022 40762 14960 10522 30973 29931 11020
25100 40126 12035 20249 52550 11043 15427 68758 09038
10661 83959 12539 88999 77999 31313 73508 82330=

NNNNN

UKID54 WAMM 100000
TTBB  60008 97014 00005 24815 11992 25426 22861 17808 33756
13456 44574 00006 55469 07918 66460 09350 77442 10936 88425
11759 99412 13361 11397 15359 22394 15759 33393 15762 44391
16163 55387 16550 66375 18524 77367 19744 88363 20335 99362
20524 11358 20956 22305 29124 33240 42137 44167 63156 55137
71562 66100 83959 21212 00005 00000 11980 06006 22947 05009
33884 08011 44796 13511 55690 09515 66665 07514 77642 08519
88596 07521 99513 11019 11293 11020 22269 11024 33246 12035
44196 11043 55187 10549 66179 10048 77140 10038 31313 73508
82330 41414 34511=

NNNNN

ULID54 WAMM 100000
TTCC  60003 97014 70865 75962 33013 50063 69364 34006
30374 64771 23026 88983 84758 12038 77999 31313 73508
82330=

NNNNN

UEID54 WAMM 100000
TTDD  6000/ 97014 11983 84758 22936 78163 33889 75762 44740
76961 55666 74962 66645 71964 77576 73961 88417 63367 99385
61768 11335 65367 22314 63971 33283 66569 44226 61573 21212
11966 11536 22916 13011 33870 26024 44784 27016 55706 33014
66605 25025 77575 26021 88546 24013 99519 28510 11494 33008
22470 25507 33426 27020 44350 31025 55302 23025 66274 23538
77248 21529 88236 23012 31313 73508 82330=

NNNNN

UPID54 WAMM 100000
PPAA  60008 97014 55385 11013 09512 10022 55340 10522
11020 12035 55320 11043 09038 12539 77999=

NNNNN

UGID54 WAMM 100000
PPBB  60008 97014 90/12 00000 06006 05009 9047/ 08011 13511
91123 09515 07514 08519 9159/ 07521 11019 93357 11020 11024
12035 94234 11043 10549 10048 949// 10038=

NNNNN

UHID54 WAMM 100000
PPCC  60008 97014 55370 33013 34006 23026 77999=

NNNNN

UQID54 WAMM 100000
PPDD  60008 97014 95678 11536 13011 26024 96025 27016 33014
25025 96678 26021 24013 28510 969// 33008 97026 25507 27020
31025 979// 23025 98134 23538 21529 23012=

NNNNN
