USID54 WAMM 300000
TTAA  80001 97014 99003 26421 23002 00105 26221 32004
92789 22613 05008 85520 18425 33505 70169 10042 02007
50589 05728 33504 40761 14126 14507 30974 29130 08024
25102 39128 07534 20250 51944 09045 15430 67747 11042
10662 82557 09026 88108 82956 12527 77999 31313 73508
82330=

NNNNN

UKID54 WAMM 300000
TTBB  80008 97014 00003 26421 11697 09835 22665 08040 33652
07659 44575 01233 55563 00032 66547 00757 77524 03756 88508
05117 99492 05335 11441 10920 22407 13126 33371 17920 44345
20958 55328 24335 66297 29722 77269 35124 88264 36147 99258
37329 11248 39528 22242 41156 33238 42157 44234 43158 55229
44335 66108 82956 77100 82557 21212 00003 23002 11978 28502
22945 03509 33882 03508 44852 33505 55795 33005 66767 36004
77618 06009 88595 13506 99574 13007 11552 31004 22532 31504
33512 01002 44493 34507 55474 02010 66456 04516 77439 08007
88422 21504 99406 15507 11375 08520 22346 09525 33332 08030
44319 08029 55269 08027 66258 07531 77120 12033 88114 11528
99102 10524 31313 73508 82330 41414 48571=

NNNNN

ULID54 WAMM 300000
TTCC  80002 97014 70864 74362 26522 50060 71967 29015
30371 62983 26008 20627 58384 17515 88999 77999 31313
73508 82330=

NNNNN

UEID54 WAMM 300000
TTDD  8000/ 97014 11836 84350 22819 85149 33808 81159 44776
79958 55764 76561 66729 73762 77665 76562 88585 71367 99536
73565 11467 70168 22441 65373 33333 64583 44284 62983 55276
62383 66265 56785 77248 54585 88186 57584 21212 11969 07035
22870 07515 33781 06527 44742 33507 55705 26022 66635 29520
77603 29511 88545 31519 99492 29021 11468 30027 22424 26537
33384 26536 44348 29522 55315 31513 66300 26008 77286 22515
88237 19519 99215 21013 11205 19016 22186 09534 31313 73508
82330=

NNNNN

UPID54 WAMM 300000
PPAA  80008 97014 55385 33505 02007 33504 55340 14507
08024 07534 55320 09045 11042 09026 77999=

NNNNN

UGID54 WAMM 300000
PPBB  80008 97014 90/12 23002 28502 03509 90457 03508 33505
33005 908// 36004 91456 06009 13506 13007 91789 31004 31504
01002 92012 34507 02010 04516 92345 08007 21504 15507 9279/
08520 09525 93015 08030 08029 08027 936// 07531 95235 12033
11528 10524=

NNNNN

UHID54 WAMM 300000
PPCC  80008 97014 55370 26522 29015 26008 55120 17515
77999=

NNNNN

UQID54 WAMM 300000
PPDD  80008 97014 9568/ 07035 07515 96012 06527 33507 26022
96457 29520 29511 31519 969// 29021 97024 30027 26537 26536
97689 29522 31513 26008 98046 22515 19519 21013 9879/ 19016
09534=

NNNNN
