USID54 WAFF 140000
TTAA  64001 97072 99002 25022 13002 00091 24616 14502
92778 23656 15005 85517 19656 33003 70161 10237 31007
50588 04712 17009 40760 15506 10512 30972 29756 09027
25099 39947 10030 20247 52739 11038 15427 66161 08042
10662 83350 12014 88999 77999 31313 73508 82330=

NNNNN

UKID54 WAFF 140000
TTBB  64008 97072 00002 25022 11925 23656 22817 18657 33678
08231 44644 06848 55560 00012 66409 14311 77391 16508 88384
16535 99355 21511 11314 27329 22305 28957 33293 30962 44253
39350 55204 51739 66177 59544 77165 62159 88142 67961 99100
83350 21212 00002 13002 11944 16510 22912 15004 33881 00001
44851 33503 55794 28009 66714 32503 77688 30004 88664 35504
99640 00001 11617 01506 22595 03510 33573 03508 44552 06504
55531 14009 66512 16012 77474 15011 88422 10017 99390 10510
11360 07510 22292 09527 33280 09530 44257 10028 55246 09533
66178 11546 77170 11052 88162 09548 99147 07534 11133 10009
22126 20003 33114 26011 44108 24506 55102 12009 31313 73508
82330 41414 15525=

NNNNN

ULID54 WAFF 140000
TTCC  64003 97072 70862 75360 02019 50062 70963 27526
30373 59363 28536 88880 87335 16515 77999 31313 73508
82330=

NNNNN

UEID54 WAFF 140000
TTDD  6400/ 97072 11880 87335 22852 86943 33835 81958 44811
79158 55785 80356 66756 79357 77733 74361 88697 75360 99661
69765 11543 73162 22505 70763 33483 72761 44436 68164 55402
68362 66377 66163 77358 58967 88262 61561 21212 11969 12516
22869 16516 33781 05516 44740 06015 55703 02019 66668 34005
77635 25019 88604 23030 99546 26026 11445 28024 22384 24021
33365 27017 44332 29532 55287 28039 66274 27038 31313 73508
82330=

NNNNN

UPID54 WAFF 140000
PPAA  64008 97072 55385 33003 31007 17009 55340 10512
09027 10030 55320 11038 08042 12014 77999=

NNNNN

UGID54 WAFF 140000
PPBB  64008 97072 90/23 13002 16510 15004 90457 00001 33503
28009 91012 32503 30004 35504 91345 00001 01506 03510 91678
03508 06504 14009 919// 16012 92146 15011 10017 10510 928//
07510 93346 09527 09530 10028 937// 09533 94456 11546 11052
09548 948// 07534 95013 10009 20003 26011 9545/ 24506 12009=

NNNNN

UHID54 WAFF 140000
PPCC  64008 97072 55370 02019 27526 28536 77999=

NNNNN

UQID54 WAFF 140000
PPDD  64008 97072 9568/ 12516 16516 96012 05516 06015 02019
96345 34005 25019 23030 967// 26026 97145 28024 24021 27017
977// 29532 9801/ 28039 27038=

NNNNN
