USID54 WAMM 070000
TTAA  57001 97014 99005 25217 08001 00127 25428 00000
92807 22228 19011 85541 18245 19012 70192 09012 12515
50591 05513 07514 40764 15156 07521 30976 30348 09021
25102 40550 09023 20250 52559 09032 15429 68343 09535
10663 76960 27512 88110 81756 11039 77999 31313 73508
82330=

NNNNN

UKID54 WAMM 070000
TTBB  57008 97014 00005 25217 11954 24035 22838 17032 33802
16044 44741 11416 55649 07030 66569 00012 77567 00310 88548
01134 99502 05314 11476 06740 22412 13928 33395 15357 44370
18758 55356 20941 66339 23549 77334 24359 88312 28524 99302
30146 11292 31941 22280 34158 33265 37361 44251 40356 55246
41357 66243 41961 77224 46364 88160 64745 99145 70145 11134
74557 22110 81756 33107 78359 44100 76960 21212 00005 08001
11980 24006 22948 19507 33916 19012 44885 20511 55797 16511
66769 16007 77742 16505 88691 13014 99666 15011 11642 09512
22575 09512 33554 06517 44476 08516 55392 07521 66258 09522
77226 09527 88216 09531 99108 10031 11102 02003 31313 73508
82330 41414 48571=

NNNNN

ULID54 WAMM 070000
TTCC  57002 97014 70867 73564 27033 50064 70372 27006
30373 62583 25512 20626 55985 10532 88877 81358 28025
77999 31313 73508 82330=

NNNNN

UEID54 WAMM 070000
TTDD  5700/ 97014 11877 81358 22788 80360 33740 72965 44597
74567 55509 72570 66479 67774 77427 68378 88374 67182 99341
62383 11266 62783 22243 59784 33222 60784 44211 60184 55200
55985 66178 55785 21212 11971 26524 22828 26517 33785 23015
44745 22512 55708 26530 66577 27515 77548 30519 88521 31009
99495 27508 11471 32009 22448 32016 33426 33511 44405 28010
55349 25512 66317 22012 77287 26512 88274 26510 99261 29509
11248 00508 22237 03010 33205 10528 44186 09042 31313 73508
82330=

NNNNN

UPID54 WAMM 070000
PPAA  57008 97014 55385 19012 12515 07514 55340 07521
09021 09023 55320 09032 09535 27512 77999=

NNNNN

UGID54 WAMM 070000
PPBB  57008 97014 90/12 08001 24006 19507 90347 19012 20511
16511 9089/ 16007 16505 91123 13014 15011 09512 9167/ 09512
06517 9216/ 08516 07521 9369/ 09522 09527 940// 09531 9545/
10031 02003=

NNNNN

UHID54 WAMM 070000
PPCC  57008 97014 55370 27033 27006 25512 55120 10532
77999=

NNNNN

UQID54 WAMM 070000
PPDD  57008 97014 9569/ 26524 26517 96012 23015 22512 26530
96678 27515 30519 31009 969// 27508 97012 32009 32016 33511
97368 28010 25512 22012 98012 26512 26510 29509 98347 00508
03010 10528 989// 09042=

NNNNN
