USID54 WAFF 100000
TTAA  60001 97072 99001 24643 00000 00087 24618 00000
92775 23250 17018 85508 20256 23006 70157 10440 24506
50588 05125 14511 40760 15115 11509 30972 29730 09516
25099 40126 08520 20247 52950 08523 15425 68358 11042
88999 77999 31313 73508 82330=

NNNNN

UKID54 WAFF 100000
TTBB  60008 97072 00001 24643 11935 23848 22874 22258 33753
15056 44660 06618 55568 00012 66434 10924 77349 21719 88278
33931 99200 52950 11177 60333 22148 68559 33107 78560 21212
00001 00000 11976 17507 22944 16013 33881 18011 44851 23005
55740 23506 66713 26505 77688 24005 88617 33506 99572 26004
11511 16508 22492 14513 33474 15513 44405 11508 55374 14007
66360 11009 77331 10515 88246 08019 99187 10025 11170 11528
22162 11030 33139 10552 44113 06007 55107 28513 31313 73508
82330 41414 35421=

NNNNN

ULID54 WAFF 100000
TTCC  6000/ 97072 88999 77999 31313 73508 82330=

NNNNN

UEID54 WAFF 100000
TTDD  6000/ 97072 31313 73508 82330=

NNNNN

UPID54 WAFF 100000
PPAA  60008 97072 55385 23006 24506 14511 55340 11509
09516 08520 55220 08523 11042 77999=

NNNNN

UGID54 WAFF 100000
PPBB  60008 97072 90/12 00000 17507 16013 90459 18011 23005
23506 91014 26505 24005 33506 9169/ 26004 16508 92015 14513
15513 11508 9278/ 14007 11009 9307/ 10515 08019 94356 10025
11528 11030 949// 10552 9534/ 06007 28513=

NNNNN

UHID54 WAFF 100000
PPCC  60008 97072 77999=

NNNNN

UQID54 WAFF 100000
PPDD  60008 97072=

NNNNN
