USID54 WAMM 120000
TTAA  62001 97014 99003 27028 14004 00110 25821 25001
92795 22230 03507 85529 17422 05013 70172 09834 09508
50589 04915 06517 40761 14156 08521 30973 30508 11024
25100 40357 12516 20248 52960 12022 15428 66962 10046
10663 79761 27025 88999 77999 31313 73508 82329=

NNNNN

UKID54 WAMM 120000
TTBB  62008 97014 00003 27028 11000 25821 22876 19022 33838
16823 44821 16857 55801 16056 66791 15860 77776 14456 88738
12262 99725 11059 11714 10863 22705 10056 33680 08429 44614
03433 55586 01658 66582 02069 77562 00060 88560 00062 99558
00363 11555 00757 22553 00938 33519 03150 44491 06305 55440
10916 66403 13756 77394 14759 88390 15363 99389 15368 11373
17376 22361 19373 33337 23956 44308 29344 55300 30508 66289
32506 77270 35950 88263 37344 99246 40761 11227 45364 22186
57160 33170 62150 44165 63545 55156 65759 66125 75762 77100
79761 21212 00003 14004 11979 00001 22914 03508 33853 04513
44741 07513 55714 07012 66689 10008 77665 09013 88595 05517
99552 06522 11532 05013 22406 09017 33346 09023 44206 13023
55187 10524 66179 10529 77120 09031 88114 06512 99108 28507
31313 73508 82329 41414 54571=

NNNNN

ULID54 WAMM 120000
TTCC  62002 97014 70864 81160 21521 50062 69181 24026
30373 61383 26528 20625 57184 23521 88914 82759 30520
77999 31313 73508 82329=

NNNNN

UEID54 WAMM 120000
TTDD  6200/ 97014 11914 82759 22738 79162 33696 81160 44661
80162 55625 72167 66605 68770 77571 66974 88508 69781 99430
68981 11418 68182 22406 62383 33389 60783 44356 63783 55306
61583 66276 63183 77213 57784 88179 58584 99156 57184 11151
53985 22128 55185 21212 11971 28030 22921 30521 33872 35513
44827 33510 55784 21502 66743 21009 77705 21521 88634 27015
99602 21512 11573 23519 22545 22029 33493 24531 44424 27028
55404 24027 66385 25531 77316 26532 88301 26528 99225 30513
11205 22520 22186 23015 33178 20509 44169 10507 55162 04519
66154 02017 77147 08521 88134 09028 31313 73508 82329=

NNNNN

UPID54 WAMM 120000
PPAA  62008 97014 55385 05013 09508 06517 55340 08521
11024 12516 55320 12022 10046 27025 77999=

NNNNN

UGID54 WAMM 120000
PPBB  62008 97014 90/13 14004 00001 03508 9059/ 04513 07513
91012 07012 10008 09013 91578 05517 06522 05013 9259/ 09017
09023 94134 13023 10524 10529 95234 09031 06512 28507=

NNNNN

UHID54 WAMM 120000
PPCC  62008 97014 55370 21521 24026 26528 55120 23521
77999=

NNNNN

UQID54 WAMM 120000
PPDD  62008 97014 95678 28030 30521 35513 959// 33510 96012
21502 21009 21521 96456 27015 21512 23519 9679/ 22029 24531
97234 27028 24027 25531 9789/ 26532 26528 98579 30513 22520
23015 99012 20509 10507 04519 99346 02017 08521 09028=

NNNNN
