USID54 WAMM 040000
TTAA  54001 97014 99004 25015 00000 00115 25024 03504
92794 21006 35507 85525 16812 04003 70161 10042 02506
50589 04711 11511 40761 14119 08518 30973 29136 09023
25101 39556 09526 20250 52748 08531 15428 68743 08041
10661 75558 09511 88107 82941 09050 77999 31313 73508
82330=

NNNNN

UKID54 WAMM 040000
TTBB  54008 97014 00004 25015 11784 13225 22748 12645 33570
00007 44525 02509 55389 15121 66320 25116 77296 29950 88181
58538 99163 64556 11107 82941 22106 82150 33105 77560 44100
75558 21212 00004 00000 11979 02007 22946 35505 33883 34504
44852 03503 55823 01006 66767 03503 77740 01504 88617 11006
99512 12504 11493 12011 22474 15511 33375 07518 44216 10024
55206 08527 66197 08533 77147 08044 88133 09045 99126 10050
11107 09050 22102 09020 31313 73508 82330 41414 48471=

NNNNN

ULID54 WAMM 040000
TTCC  54003 97014 70865 77750 29018 50062 70342 25518
30375 64521 25516 88999 77999 31313 73508 82330=

NNNNN

UEID54 WAMM 040000
TTDD  5400/ 97014 11727 78950 22657 77346 33622 73157 44567
70157 55517 71533 66467 65956 77435 65735 88388 64929 99361
61350 11327 61136 22311 63518 33293 64721 44264 60556 55211
57158 21212 11967 07502 22918 31009 33870 28022 44784 27025
55670 28514 66604 28008 77574 25015 88546 27516 99493 25018
11469 25518 22425 24028 33350 26523 44302 25516 55274 30019
66261 29012 77249 26506 88237 03004 99226 14507 11216 09512
31313 73508 82330=

NNNNN

UPID54 WAMM 040000
PPAA  54008 97014 55385 04003 02506 11511 55340 08518
09023 09526 55320 08531 08041 09511 77999=

NNNNN

UGID54 WAMM 040000
PPBB  54008 97014 90/12 00000 02007 35505 90456 34504 03503
01006 9089/ 03503 01504 9149/ 11006 12504 92017 12011 15511
07518 94012 10024 08527 08533 948// 08044 95014 09045 10050
09050 955// 09020=

NNNNN

UHID54 WAMM 040000
PPCC  54008 97014 55370 29018 25518 25516 77999=

NNNNN

UQID54 WAMM 040000
PPDD  54008 97014 95678 07502 31009 28022 96035 27025 28514
28008 96679 25015 27516 25018 97026 25518 24028 26523 979//
25516 98123 30019 29012 26506 98456 03004 14507 09512=

NNNNN
