USID54 WAMM 080000
TTAA  58001 97014 99004 26219 13002 00114 27031 12001
92806 23238 16505 85544 19042 11005 70192 10640 03010
50592 04543 08021 40765 14356 08027 30976 30941 07518
25103 40559 07530 20251 53358 09539 15430 68550 11540
10665 79360 28519 88124 77757 10052 77999 31313 73508
82332=

NNNNN

UKID54 WAMM 080000
TTBB  58008 97014 00004 26219 11003 27230 22666 08456 33617
04023 44550 00033 55519 03519 66483 05356 77430 11330 88403
13957 99308 29322 11294 31922 22284 33556 33257 39156 44251
40359 55198 53758 66172 61347 77124 77757 88115 76159 99100
79360 21212 00004 13002 11980 13503 22947 17006 33884 15007
44825 10506 55796 10006 66742 02509 77716 04008 88691 01511
99514 08019 11259 08026 22248 07530 33133 11039 44120 10047
55108 06005 66103 30008 31313 73508 82332 41414 22511=

NNNNN

ULID54 WAMM 080000
TTCC  58002 97014 70867 74164 27517 50066 69777 30506
30375 58384 31509 20630 55785 08037 88882 81559 28018
77999 31313 73508 82332=

NNNNN

UEID54 WAMM 080000
TTDD  5800/ 97014 11882 81559 22801 82159 33741 80160 44705
74564 55644 71967 66570 73570 77542 69175 88479 71379 99398
69981 11311 57984 22276 59784 33242 59384 44226 55985 55190
57584 66171 55585 77162 54385 88157 50586 99131 47587 21212
11925 28519 22876 28517 33831 30515 44787 27508 55746 22504
66708 28016 77673 26016 88549 35511 99496 30008 11472 28016
22385 21013 33367 21008 44349 31510 55333 33515 66317 34521
77302 32009 88275 29006 99262 15006 11250 18515 22227 13024
33216 12531 44206 08030 55171 10046 66156 08541 77149 09051
88136 08056 31313 73508 82332=

NNNNN

UPID54 WAMM 080000
PPAA  58008 97014 55385 11005 03010 08021 55340 08027
07518 07530 55320 09539 11540 28519 77999=

NNNNN

UGID54 WAMM 080000
PPBB  58008 97014 90/12 13002 13503 17006 90467 15007 10506
10006 909// 02509 91019 04008 01511 08019 9367/ 08026 07530
95024 11039 10047 06005 955// 30008=

NNNNN

UHID54 WAMM 080000
PPCC  58008 97014 55370 27517 30506 31509 55120 08037
77999=

NNNNN

UQID54 WAMM 080000
PPDD  58008 97014 95789 28519 28517 30515 96012 27508 22504
28016 96379 26016 35511 30008 97045 28016 21013 21008 97678
31510 33515 34521 979// 32009 98123 29006 15006 18515 98567
13024 12531 08030 99134 10046 08541 09051 996// 08056=

NNNNN
