USID54 WAFF 080000
TTAA  58001 97072 99002 25222 00000 00095 24207 29501
92780 20609 01004 85506 17215 19007 70147 08415 05005
50587 04707 02513 40760 14515 03513 30972 28923 03516
25099 38929 05012 20248 52134 05519 15427 68532 07522
10657 84727 06027 88999 77999 31313 73508 82330=

NNNNN

UKID54 WAFF 080000
TTBB  58008 97072 00002 25222 11990 23406 22801 15829 33761
12012 44633 04825 55573 00007 66517 03305 77424 11513 88340
22320 99273 34126 11151 68135 22141 71933 33133 75338 44129
77350 55121 80556 66110 81149 77100 84727 21212 00002 00000
11977 17004 22944 00502 33912 06502 44881 20503 55821 16006
66793 21004 77765 23003 88739 06501 99639 04005 11616 02511
22492 02013 33455 01516 44374 05012 55318 03012 66257 06513
77215 05018 88162 07021 99119 09528 11113 07542 22107 07034
33102 06526 31313 73508 82330 41414 35425=

NNNNN

ULID54 WAFF 080000
TTCC  5800/ 97072 88999 77999 31313 73508 82330=

NNNNN

UEID54 WAFF 080000
TTDD  5800/ 97072 31313 73508 82330=

NNNNN

UPID54 WAFF 080000
PPAA  58008 97072 55385 19007 05005 02513 55340 03513
03516 05012 55320 05519 07522 06027 77999=

NNNNN

UGID54 WAFF 080000
PPBB  58008 97072 90/12 00000 17004 00502 90346 06502 20503
16006 90789 21004 23003 06501 9134/ 04005 02511 92027 02013
01516 05012 9316/ 03012 06513 9406/ 05018 07021 95234 09528
07542 07034 955// 06526=

NNNNN

UHID54 WAFF 080000
PPCC  58008 97072 77999=

NNNNN

UQID54 WAFF 080000
PPDD  58008 97072=

NNNNN
