USID54 WAMM 250000
TTAA  75001 97014 99001 24817 11002 00088 26025 00000
92769 23448 26013 85509 19037 28011 70153 10657 24519
50588 04135 18003 40760 14764 09029 30972 28771 11038
25100 39159 11049 20249 52161 11552 15428 67957 12559
10661 84150 10540 88101 84348 10543 77140 12069 77120
12568 31313 73508 82330=

NNNNN

UKID54 WAMM 250000
TTBB  75008 97014 00001 24817 11000 26025 22898 23057 33793
14822 44734 12658 55555 00033 66523 03520 77501 04134 88474
07320 99438 10758 11432 11359 22428 11357 33426 11957 44422
11963 55413 13170 66409 13764 77397 14966 88385 16757 99361
19763 11321 25957 22319 25766 33301 28568 44265 35559 55236
42364 66222 46160 77206 50563 88186 56357 99101 84348 11100
84150 21212 00001 11002 11976 27005 22943 25010 33851 28011
44687 25518 55663 27512 66616 26515 77573 18511 88531 17011
99512 23004 11474 07008 22439 07021 33374 09024 44360 09033
55281 10541 66257 11047 77236 11055 88187 12050 99179 12547
11162 12547 22155 12554 33147 12564 44140 12069 55120 12568
66114 11562 31313 73508 82330 41414 21511=

NNNNN

ULID54 WAMM 250000
TTCC  75003 97014 70865 72965 35013 50062 72570 25515
30371 64583 28016 88552 75168 27030 77999 31313 73508
82330=

NNNNN

UEID54 WAMM 250000
TTDD  7500/ 97014 11960 83756 22944 80359 33873 81357 44844
77561 55776 77361 66694 73165 77679 70168 88552 75168 99488
70771 11447 71372 22422 69375 33400 63381 44296 64783 55216
58984 21212 11967 11029 22917 03014 33869 02521 44824 31010
55782 30012 66743 35007 77706 35514 88671 28025 99606 29037
11575 28033 22519 25019 33403 26015 44384 23519 55348 25521
66316 27513 77301 28016 88260 21025 99225 28514 31313 73508
82330=

NNNNN

UPID54 WAMM 250000
PPAA  75008 97014 55385 28011 24519 18003 55340 09029
11038 11049 55320 11552 12559 10540 71469 12069 71559
12568=

NNNNN

UGID54 WAMM 250000
PPBB  75008 97014 90/12 11002 27005 25010 905// 28011 91124
25518 27512 26515 91689 18511 17011 23004 92137 07008 07021
09024 928// 09033 93468 10541 11047 11055 94346 12050 12547
12547 94789 12554 12564 12069 9523/ 12568 11562=

NNNNN

UHID54 WAMM 250000
PPCC  75008 97014 55370 35013 25515 28016 77999=

NNNNN

UQID54 WAMM 250000
PPDD  75008 97014 95678 11029 03014 02521 959// 31010 96012
30012 35007 35514 96356 28025 29037 28033 968// 25019 97346
26015 23519 25521 9789/ 27513 28016 9825/ 21025 28514=

NNNNN
