USID54 WAFF 060000
TTAA  56001 97072 99002 27036 12004 00094 25838 00000
92775 22035 31504 85515 18436 11505 70160 11857 00001
50589 05118 08005 40762 14159 11514 30974 29750 10008
25101 39756 09014 20249 52559 06027 15428 67550 08030
10663 79359 08024 88999 77999 31313 73508 82329=

NNNNN

UKID54 WAFF 060000
TTBB  56008 97072 00002 27036 11998 25436 22933 22032 33908
22043 44862 19033 55757 15458 66635 07050 77562 00018 88487
06319 99473 06356 11455 08159 22443 10149 33430 11757 44426
12150 55400 14159 66388 15956 77364 19759 88293 31141 99262
37157 11214 48749 22204 51556 33200 52559 44193 54561 55188
56157 66133 73945 77123 78150 88119 78557 99109 79956 11101
79159 22100 79359 21212 00002 12004 11944 22003 22912 35006
33881 35003 44851 11006 55822 01501 66794 15503 77766 22006
88689 23501 99664 21002 11641 02505 22618 03003 33595 32002
44574 15004 55553 16003 66532 03005 77512 10505 88474 12511
99457 10510 11439 12015 22423 10511 33391 13010 44332 09011
55319 10509 66293 11508 77281 11511 88216 06021 99188 06528
11171 07533 22162 08030 33155 08028 44140 07536 55120 07041
66114 08531 77108 08025 88102 09529 31313 73508 82329 41414
15571=

NNNNN

ULID54 WAFF 060000
TTCC  56002 97072 70868 70767 32520 50067 68173 29524
30376 63983 22027 20632 58184 31522 88891 84156 06010
77999 31313 73508 82329=

NNNNN

UEID54 WAFF 060000
TTDD  5600/ 97072 11891 84156 22871 80760 33778 74762 44763
71366 55721 69767 66649 73767 77580 68371 88547 70370 99475
66774 11336 67578 22311 63183 33294 63583 44265 56785 55224
55785 66203 58184 77162 56984 21212 11970 06522 22827 10022
33785 19016 44746 23008 55709 32518 66640 34508 77609 20503
88579 20519 99550 20520 11498 29524 22408 25525 33351 26026
44318 23024 55303 22030 66275 20512 77188 33015 88180 29010
99171 18016 11162 16515 31313 73508 82329=

NNNNN

UPID54 WAFF 060000
PPAA  56008 97072 55385 11505 00001 08005 55340 11514
10008 09014 55320 06027 08030 08024 77999=

NNNNN

UGID54 WAFF 060000
PPBB  56008 97072 90/23 12004 22003 35006 90456 35003 11006
01501 9078/ 15503 22006 91123 23501 21002 02505 91456 03003
32002 15004 91789 16003 03005 10505 92123 12511 10510 12015
9246/ 10511 13010 93013 09011 10509 11508 934// 11511 94035
06021 06528 07533 94679 08030 08028 07536 95234 07041 08531
08025 955// 09529=

NNNNN

UHID54 WAFF 060000
PPCC  56008 97072 55370 32520 29524 22027 55120 31522
77999=

NNNNN

UQID54 WAFF 060000
PPDD  56008 97072 9569/ 06522 10022 96012 19016 23008 32518
96456 34508 20503 20519 9679/ 20520 29524 97368 25525 26026
23024 979// 22030 9819/ 20512 33015 99012 29010 18016 16515=

NNNNN
