USID54 WAMM 110000
TTAA  61001 97014 99003 25826 00000 00105 27642 00001
92787 22438 07020 85525 19256 08515 70163 10657 07522
50589 04338 04507 40762 14938 06012 30973 30345 11014
25101 40561 11016 20248 53959 09524 15427 66769 11030
10662 77562 08506 88108 81159 09539 77999 31313 73508
82329=

NNNNN

UKID54 WAMM 110000
TTBB  61008 97014 00003 25826 11001 27039 22799 15650 33657
08458 44615 04025 55556 00029 66491 04942 77389 15938 88318
27323 99279 33760 11241 42762 22223 47756 33209 51161 44195
55558 55182 57767 66108 81159 77100 77562 21212 00003 00000
11978 08509 22913 07022 33714 06524 44664 04517 55641 06009
66574 12504 77553 08505 88512 03008 99493 05008 11475 05511
22440 03513 33423 06013 44406 05513 55391 09512 66319 09517
77281 12015 88187 09523 99170 14025 11154 11026 22147 11032
33133 11029 44126 10529 55120 10029 66108 09539 77102 09516
31313 73508 82329 41414 38511=

NNNNN

ULID54 WAMM 110000
TTCC  61002 97014 70865 72965 31017 50060 66573 24024
30373 59584 25018 20625 61183 22005 88612 77364 29521
77999 31313 73508 82329=

NNNNN

UEID54 WAMM 110000
TTDD  6100/ 97014 11767 81960 22711 73965 33612 77364 44542
76565 55527 75166 66516 73168 77507 67972 88491 64774 99459
67374 11397 67180 22376 66382 33362 62583 44299 59384 55255
59184 66233 63183 77186 58184 88173 59784 99153 58984 11145
55585 22131 54985 21212 11969 28506 22872 33023 33827 34519
44785 29013 55671 29519 66637 28020 77574 30017 88545 34509
99517 24009 11468 23034 22446 24523 33404 28520 44365 26518
55348 22526 66332 22030 77301 25018 88287 25013 99249 30529
11226 32012 22215 30505 33205 22007 44195 25007 55178 25019
66169 23020 77154 13020 88140 08019 99133 08023 31313 73508
82329=

NNNNN

UPID54 WAMM 110000
PPAA  61008 97014 55385 08515 07522 04507 55340 06012
11014 11016 55320 09524 11030 08506 77999=

NNNNN

UGID54 WAMM 110000
PPBB  61008 97014 90/13 00000 08509 07022 91023 06524 04517
06009 91679 12504 08505 03008 92013 05008 05511 03513 92456
06013 05513 09512 9314/ 09517 12015 94357 09523 14025 11026
948// 11032 95012 11029 10529 10029 9545/ 09539 09516=

NNNNN

UHID54 WAMM 110000
PPCC  61008 97014 55370 31017 24024 25018 55120 22005
77999=

NNNNN

UQID54 WAMM 110000
PPDD  61008 97014 95689 28506 33023 34519 96034 29013 29519
28020 96678 30017 34509 24009 97013 23034 24523 28520 97567
26518 22526 22030 979// 25018 98035 25013 30529 32012 98678
30505 22007 25007 99013 25019 23020 13020 9956/ 08019 08023=

NNNNN
