USID54 WAMM 200000
TTAA  70001 97014 99004 24815 00000 00117 25626 03003
92798 22037 27510 85533 18425 02004 70180 10445 06511
50591 04515 11512 40764 14336 07509 30977 28761 08013
25105 39358 10023 20253 52356 09530 15432 68550 10030
10664 82758 11535 88103 84157 10552 77999 31313 73508
82330=

NNNNN

UKID54 WAMM 200000
TTBB  70008 97014 00004 24815 11989 25644 22884 19622 33716
11646 44584 00609 55573 01649 66559 01048 77543 00056 88514
03116 99425 10946 11396 14931 22320 25159 33275 33762 44249
39557 55219 46961 66191 54950 77172 61157 88153 67550 99135
73757 11103 84157 22100 82758 21212 00004 00000 11979 28009
22947 26512 33883 27506 44853 02005 55824 09504 66796 10011
77741 07013 88715 08012 99666 06513 11642 08013 22619 06013
33554 10510 44533 10009 55494 11012 66458 10010 77441 09508
88407 07510 99376 09012 11282 08516 22237 09525 33207 09528
44198 09531 55189 09527 66156 10028 77141 10536 88127 11541
99114 11049 11103 10552 31313 73508 82330 41414 25571=

NNNNN

ULID54 WAMM 200000
TTCC  70002 97014 70865 75963 24017 50064 71976 30028
30374 60983 28517 20624 62983 20009 88534 72976 28035
77999 31313 73508 82330=

NNNNN

UEID54 WAMM 200000
TTDD  7000/ 97014 11909 83357 22864 83158 33849 79960 44806
80958 55741 79161 66708 77162 77670 71167 88660 67171 99534
72976 11475 73176 22423 67982 33328 61583 44271 60584 55243
62983 66208 63583 77203 63983 88196 59184 99174 58184 11166
54385 22157 54585 21212 11972 11536 22922 09021 33873 11516
44828 16505 55785 24017 66706 24018 77638 29536 88607 29546
99577 29549 11549 28540 22521 29033 33496 30528 44471 31025
55425 26022 66367 28529 77349 28525 88261 31012 99237 36004
11226 21003 22205 21507 33195 15514 44177 14035 55161 07533
31313 73508 82330=

NNNNN

UPID54 WAMM 200000
PPAA  70008 97014 55385 02004 06511 11512 55340 07509
08013 10023 55320 09530 10030 11535 77999=

NNNNN

UGID54 WAMM 200000
PPBB  70008 97014 90/12 00000 28009 26512 90456 27506 02005
09504 9079/ 10011 07013 91023 08012 06513 08013 91478 06013
10510 10009 92023 11012 10010 09508 9257/ 07510 09012 9348/
08516 09525 94123 09528 09531 09527 9479/ 10028 10536 95135
11541 11049 10552=

NNNNN

UHID54 WAMM 200000
PPCC  70008 97014 55370 24017 30028 28517 55120 20009
77999=

NNNNN

UQID54 WAMM 200000
PPDD  70008 97014 95678 11536 09021 11516 959// 16505 96024
24017 24018 29536 96567 29546 29549 28540 9689/ 29033 30528
97025 31025 26022 28529 976// 28525 98245 31012 36004 21003
9878/ 21507 15514 9902/ 14035 07533=

NNNNN
