USID54 WAMM 050000
TTAA  55001 97014 99003 25820 05002 00109 25425 04002
92790 21638 32008 85521 17429 36009 70172 10235 28007
50589 04727 20505 40761 15307 11010 30973 29743 15511
25100 40157 10019 20248 53148 05520 15426 69756 05533
10660 75360 07505 88109 82149 08055 77999 31313 73508
82329=

NNNNN

UKID54 WAMM 050000
TTBB  55008 97014 00003 25820 11839 16621 22796 16248 33648
05614 44587 02426 55563 00020 66549 01709 77538 01323 88482
05950 99459 09108 11377 17919 22317 27309 33291 30957 44264
36758 55235 43744 66177 60542 77170 62757 88109 82149 99107
79558 11100 75360 21212 00003 05002 11978 26504 22945 28506
33913 35007 44882 36010 55852 36009 66823 32503 77795 00001
88767 00001 99740 23004 11689 29506 22665 26513 33618 27513
44595 24008 55573 21011 66532 22505 77493 20005 88475 15506
99375 11009 11360 10513 22346 09008 33332 13008 44318 13509
55305 16512 66257 10019 77215 08020 88187 06521 99162 07029
11147 06033 22126 10043 33119 08547 44113 08551 55102 08514
31313 73508 82329 41414 34571=

NNNNN

ULID54 WAMM 050000
TTCC  55002 97014 70863 74562 20516 50062 69166 26521
30370 63571 28517 20626 55380 06537 88780 82158 28029
77999 31313 73508 82329=

NNNNN

UEID54 WAMM 050000
TTDD  5500/ 97014 11780 82158 22738 79960 33683 72163 44636
69365 55458 71164 66400 65768 77313 66569 88295 61571 99235
56175 11184 56385 22168 52586 33148 52986 44134 48787 55123
49586 21212 11966 29508 22917 27023 33825 27030 44782 28029
55741 26512 66703 20515 77668 20519 88635 25517 99604 28030
11546 27524 22519 27523 33470 23025 44424 25014 55404 28515
66384 28021 77366 29526 88300 28517 99286 31512 11273 30008
22260 25505 33248 20012 44236 17009 55215 06520 66205 05031
77187 08530 88155 08541 99141 07547 11135 09557 22129 10555
31313 73508 82329=

NNNNN

UPID54 WAMM 050000
PPAA  55008 97014 55385 36009 28007 20505 55340 11010
15511 10019 55320 05520 05533 07505 77999=

NNNNN

UGID54 WAMM 050000
PPBB  55008 97014 90/12 05002 26504 28506 90345 35007 36010
36009 90678 32503 00001 00001 909// 23004 91124 29506 26513
27513 91568 24008 21011 22505 92017 20005 15506 11009 9289/
10513 09008 93012 13008 13509 16512 936// 10019 94036 08020
06521 07029 948// 06033 95123 10043 08547 08551 955// 08514=

NNNNN

UHID54 WAMM 050000
PPCC  55008 97014 55370 20516 26521 28517 55120 06537
77999=

NNNNN

UQID54 WAMM 050000
PPDD  55008 97014 95679 29508 27023 27030 96012 28029 26512
20515 96345 20519 25517 28030 9678/ 27524 27523 97023 23025
25014 28515 97459 28021 29526 28517 98012 31512 30008 25505
98346 20012 17009 06520 9879/ 05031 08530 99356 08541 07547
09557 997// 10555=

NNNNN
