USID54 WAAA 120000
TTAA  62001 97180 99010 25057 00000 00095 26646 15002
92779 23245 00001 85514 18847 13007 70168 11656 33007
50590 04127 01510 40763 14531 00511 30975 29158 34008
25102 40161 02507 20250 52764 10515 15430 67561 08050
10664 83757 11528 88999 77999 31313 73508 82330=

NNNNN

UKID54 WAAA 120000
TTBB  62008 97180 00010 25057 11009 26033 22999 26849 33904
22856 44840 17833 55741 14457 66553 00033 77455 07944 88384
16924 99331 24149 11268 36356 22247 40763 33192 54765 44100
83757 21212 00010 00000 11945 00001 22912 12504 33851 13007
44822 00000 55794 01006 66766 34007 77714 32007 88689 34007
99595 33005 11574 34505 22553 01008 33513 01509 44493 02510
55475 04008 66457 02510 77440 03510 88391 36014 99376 35013
11333 34514 22306 34008 33294 35507 44281 02507 55258 03507
66247 02507 77236 04007 88226 07014 99216 10014 11188 10023
22171 08536 33155 08547 44140 08554 55127 08053 66114 08021
77108 11513 31313 73508 82330 41414 42412=

NNNNN

ULID54 WAAA 120000
TTCC  62002 97180 70866 75763 28520 50064 69375 35509
30375 60384 10011 20629 56385 08039 88970 84756 11029
77999 31313 73508 82330=

NNNNN

UEID54 WAAA 120000
TTDD  6200/ 97180 11970 84756 22874 79359 33773 79360 44720
75564 55654 75165 66639 72168 77447 68378 88399 64183 99343
64383 11319 63583 22294 57784 33245 60384 44222 60184 55192
55985 66187 53385 77169 53185 88160 47787 99150 47587 21212
11971 11030 22921 08524 33873 07511 44828 02502 55785 06007
66745 00514 77707 29024 88671 25519 99606 31513 11547 20006
22521 09002 33495 34511 44471 31510 55448 00505 66426 04510
77406 01013 88386 33513 99350 26520 11333 25012 22317 01003
33302 11009 44288 36008 55275 32512 66262 29510 77250 23509
88238 17509 99227 15512 11216 11019 22206 08539 33171 08061
44156 07555 31313 73508 82330=

NNNNN

UPID54 WAAA 120000
PPAA  62008 97180 55385 13007 33007 01510 55340 00511
34008 02507 55320 10515 08050 11528 77999=

NNNNN

UGID54 WAAA 120000
PPBB  62008 97180 90/23 00000 00001 12504 90567 13007 00000
01006 908// 34007 91015 32007 34007 33005 91679 34505 01008
01509 92012 02510 04008 02510 92367 03510 36014 35013 93023
34514 34008 35507 93467 02507 03507 02507 9389/ 04007 07014
94035 10014 10023 08536 9479/ 08547 08554 95134 08053 08021
11513=

NNNNN

UHID54 WAAA 120000
PPCC  62008 97180 55370 28520 35509 10011 55120 08039
77999=

NNNNN

UQID54 WAAA 120000
PPDD  62008 97180 95678 11030 08524 07511 959// 02502 96012
06007 00514 29024 96357 25519 31513 20006 9689/ 09002 34511
97012 31510 00505 04510 97346 01013 33513 26520 97789 25012
01003 11009 98012 36008 32512 29510 98345 23509 17509 15512
9867/ 11019 08539 9913/ 08061 07555=

NNNNN
