USID54 WAAA 040000
TTAA  54001 97180 99009 25056 00000 00090 26656 11005
92781 23857 07005 85514 19857 09504 70162 10228 03503
50589 04365 12514 40762 14774 11501 30973 30175 06505
25100 39940 33010 20248 52556 01015 15427 67957 09516
10662 82956 25005 88999 77999 31313 73508 82330=

NNNNN

UKID54 WAAA 040000
TTBB  54008 97180 00009 25056 11999 26856 22979 25424 33925
23857 44825 18050 55799 17061 66779 15236 77702 10629 88674
10061 99664 09463 11646 07450 22628 06662 33568 01658 44546
00061 55485 05966 66470 07762 77401 14574 88384 17162 99367
19568 11328 25173 22319 26967 33301 29974 44291 31970 55282
33559 66272 35760 77268 36157 88255 38742 99233 43759 11217
47760 22203 51756 33161 64350 44140 70761 55100 82956 21212
00009 00000 11944 03003 22912 09004 33851 09504 44822 00001
55794 22002 66766 05004 77739 00001 88688 08004 99617 07509
11573 10511 22552 11510 33532 14514 44457 11011 55439 07007
66406 11503 77390 00000 88375 28003 99360 15004 11346 11508
22332 10014 33319 07507 44293 06506 55281 02007 66269 35007
77257 34008 88236 29512 99215 33511 11206 36013 22179 05511
33170 10011 44147 08518 55133 06516 66126 02505 77120 31012
88108 34513 31313 73508 82330 41414 41421=

NNNNN

ULID54 WAAA 040000
TTCC  54002 97180 70864 73764 20013 50066 67975 21521
30377 60584 26018 20632 60184 11508 88944 85550 16506
88200 60184 11508 77999 31313 73508 82330=

NNNNN

UEID54 WAAA 040000
TTDD  5400/ 97180 11944 85550 22880 85156 33833 77761 44789
78159 55726 72964 66687 73564 77628 65373 88511 68374 99400
68975 11366 66578 22341 61383 33292 61383 44277 59784 55261
53985 66200 60184 77186 57984 88177 54985 99173 51986 11142
53185 21212 11968 20007 22918 07507 33824 07010 44782 13512
55742 32505 66705 21012 77637 09006 88606 32512 99577 28019
11473 19512 22450 05504 33428 00506 44407 30509 55368 26005
66318 29514 77289 24516 88263 04004 99251 29508 11228 28003
22218 23008 33207 14004 44188 12007 55180 04013 66164 04025
77149 08022 88142 08532 31313 73508 82330=

NNNNN

UPID54 WAAA 040000
PPAA  54008 97180 55385 09504 03503 12514 55340 11501
06505 33010 55320 01015 09516 25005 77999=

NNNNN

UGID54 WAAA 040000
PPBB  54008 97180 90/23 00000 03003 09004 90567 09504 00001
22002 9089/ 05004 00001 91146 08004 07509 10511 9178/ 11510
14514 92235 11011 07007 11503 92678 00000 28003 15004 929//
11508 93013 10014 07507 06506 93456 02007 35007 34008 938//
29512 94014 33511 36013 05511 9458/ 10011 08518 95012 06516
02505 31012 954// 34513=

NNNNN

UHID54 WAAA 040000
PPCC  54008 97180 55370 20013 21521 26018 55120 11508
77999=

NNNNN

UQID54 WAAA 040000
PPDD  54008 97180 95679 20007 07507 07010 96012 13512 32505
21012 96456 09006 32512 28019 97012 19512 05504 00506 97358
30509 26005 29514 98012 24516 12008 04004 98356 29508 28003
23008 9879/ 14004 12007 99024 04013 04025 08022 995// 08532=

NNNNN
