USID54 WAAA 170000
TTAA  67001 97180 99009 23603 00000 00088 23408 24503
92766 20609 29517 85499 17007 29521 70136 08413 23015
50586 04500 29507 40759 14509 03009 30972 28505 05516
25100 38906 06019 20249 51910 04513 15428 68116 08028
10661 827// 13042 88104 839// 12542 77999 31313 73508
82330=

NNNNN

UKID54 WAAA 170000
TTBB  67008 97180 00009 23603 11751 12807 22705 08612 33564
00000 44461 07701 55446 09731 66426 11113 77380 17532 88367
17715 99295 28909 11112 81722 22104 839// 33100 827// 21212
00009 00000 11976 28518 22820 28017 33764 23516 44638 22513
55592 21517 66530 23520 77510 26013 88491 33505 99473 02508
11455 03009 22438 03010 33421 02511 44405 01509 55374 02012
66331 07514 77257 04016 88215 04513 99206 06009 11197 04515
22147 08027 33140 08029 44120 10534 31313 73508 82330 41414
3957/=

NNNNN

ULID54 WAAA 170000
TTCC  67002 97180 70864 70517 32032 50063 699// 25007
30371 635// 01503 20626 56112 12020 88999 77999 31313
73508 82330=

NNNNN

UEID54 WAAA 170000
TTDD  6700/ 97180 11883 81122 22827 79121 33806 75119 44750
76120 55732 71318 66675 71918 77674 719// 88290 61114 99281
57912 11210 58713 22184 56512 33174 571// 21212 11966 13041
22867 08031 33781 11006 44742 25502 55705 32030 66670 30535
77637 29019 88575 28026 99546 24516 11519 28508 22494 25504
33470 24512 44425 29024 55385 28531 66366 26032 77331 27007
88316 29008 99301 36003 11273 32010 22248 28515 33237 04502
44226 20008 55215 17009 66205 17517 77196 11021 88187 09532
99178 09035 31313 73508 82330=

NNNNN

UPID54 WAAA 170000
PPAA  67008 97180 55385 29521 23015 29507 55340 03009
05516 06019 55320 04513 08028 13042 77999=

NNNNN

UGID54 WAAA 170000
PPBB  67008 97180 90/16 00000 28518 28017 908// 23516 91358
22513 21517 23520 919// 26013 92012 33505 02508 03009 92345
03010 02511 01509 927// 02012 9306/ 07514 04016 94012 04513
06009 04515 9489/ 08027 08029 952// 10534=

NNNNN

UHID54 WAAA 170000
PPCC  67008 97180 55370 32032 25007 01503 55120 12020
77999=

NNNNN

UQID54 WAAA 170000
PPDD  67008 97180 9568/ 13041 08031 96012 11006 25502 32030
96346 30535 29019 28026 96789 24516 28508 25504 97024 24512
29024 28531 97578 26032 27007 29008 979// 36003 98134 32010
28515 04502 98567 20008 17009 17517 9889/ 11021 09532 990//
09035=

NNNNN
