USID54 WAAA 070000
TTAA  57001 97180 99011 25426 11001 00111 26050 11505
92795 23250 04002 85530 18433 00001 70172 10847 09003
50591 04914 11013 40763 14356 07521 30974 29558 06016
25101 40737 06511 20249 53345 08033 15428 68157 08049
10663 77561 29008 88113 80757 08549 77999 31313 73508
82330=

NNNNN

UKID54 WAAA 070000
TTBB  57008 97180 00011 25426 11995 26038 22749 12422 33706
11044 44615 04456 55611 03839 66607 03857 77553 00022 88447
10710 99407 13550 11373 18934 22354 20558 33313 27956 44308
27958 55287 32550 66274 34957 77250 40737 88236 43957 99212
50134 11195 54937 22194 55131 33191 55956 44158 65358 55144
70350 66113 80757 77109 77361 88100 77561 21212 00011 11001
11979 00501 22914 04502 33883 01003 44853 00001 55824 35504
66768 32503 77741 11003 88715 10006 99690 15003 11665 10507
22618 11508 33596 10013 44533 10010 55475 09511 66458 08509
77423 10014 88391 08522 99376 09023 11361 06019 22333 09021
33281 06515 44226 08021 55216 07529 66162 07547 77155 08049
88114 08550 99108 07023 11102 32005 31313 73508 82330 41414
34531=

NNNNN

ULID54 WAAA 070000
TTCC  57002 97180 70866 76964 24504 50061 67974 35512
30371 61983 02510 20625 60184 08535 88846 80961 17504
77999 31313 73508 82330=

NNNNN

UEID54 WAAA 070000
TTDD  5700/ 97180 11846 80961 22790 77163 33709 78562 44697
75765 55608 76565 66549 74568 77505 68373 88438 65382 99340
67382 11290 59584 22268 57584 33193 59584 21212 11971 26015
22921 24018 33873 18005 44828 20007 55786 20513 66746 18014
77707 20508 88672 26007 99637 00000 11605 17010 22574 10009
33545 05012 44518 36014 55493 33514 66404 24017 77348 24013
88331 25005 99315 34503 11300 02510 22260 12522 33248 12029
44237 09534 55226 09028 66205 08535 77195 09034 31313 73508
82330=

NNNNN

UPID54 WAAA 070000
PPAA  57008 97180 55385 00001 09003 11013 55340 07521
06016 06511 55320 08033 08049 29008 77999=

NNNNN

UGID54 WAAA 070000
PPBB  57008 97180 90/13 11001 00501 04502 90456 01003 00001
35504 9089/ 32503 11003 91012 10006 15003 10507 91458 11508
10013 10010 92124 09511 08509 10014 92678 08522 09023 06019
93049 09021 06515 08021 94067 07529 07547 08049 95345 08550
07023 32005=

NNNNN

UHID54 WAAA 070000
PPCC  57008 97180 55370 24504 35512 02510 55120 08535
77999=

NNNNN

UQID54 WAAA 070000
PPDD  57008 97180 95678 26015 24018 18005 959// 20007 96012
20513 18014 20508 96345 26007 00000 17010 96678 10009 05012
36014 969// 33514 97367 24017 24013 25005 9789/ 34503 02510
98234 12522 12029 09534 98578 09028 08535 09034=

NNNNN
