USID54 WAAA 030000
TTAA  53001 97180 99010 26026 00000 00101 26050 12502
92786 22236 29008 85515 18849 23508 70165 10246 27008
50590 03357 30512 40762 15134 29003 30973 29758 35503
25101 39963 03510 20250 52559 08532 15428 68358 09052
10662 78361 06525 88109 80958 06547 77999 31313 73508
82330=

NNNNN

UKID54 WAAA 030000
TTBB  53008 97180 00010 26026 11998 26656 22970 24832 33794
16258 44666 07433 55548 00033 66510 03731 77499 03357 88442
09556 99410 14921 11400 15134 22350 22136 33291 31159 44252
39563 55161 65160 66135 73356 77109 80958 88104 81358 99100
78361 21212 00010 00000 11977 33002 22913 28010 33852 23507
44794 23011 55689 27511 66664 28507 77640 27006 88595 30513
99532 32513 11513 33516 22493 29010 33475 28008 44457 28501
55440 16506 66423 12002 77407 23004 88391 00000 99375 09001
11346 07509 22319 14503 33306 02002 44293 35005 55281 35505
66269 36008 77236 06015 88206 08028 99197 08535 11155 09547
22140 08563 33120 07052 44114 07044 55102 07534 31313 73508
82330 41414 25531=

NNNNN

ULID54 WAAA 030000
TTCC  53002 97180 70865 77163 24511 50061 69169 35014
30373 64370 19017 20627 57379 10042 88774 81760 21015
77124 08068 31313 73508 82330=

NNNNN

UEID54 WAAA 030000
TTDD  5300/ 97180 11902 76762 22774 81760 33596 72765 44542
73165 55518 72565 66482 65970 77426 64570 88402 66768 99359
60974 11308 64970 22243 57575 33200 57379 44169 51983 55142
51185 66129 49386 77120 44788 88113 44996 21212 11968 03516
22919 30508 33873 26519 44745 20519 55706 24512 66670 27008
77636 28012 88604 30014 99574 27006 11545 29005 22518 03505
33493 00517 44469 30517 55425 28513 66385 33013 77366 32014
88261 11520 99237 08517 11226 06508 22215 11514 33196 09542
44163 07552 55129 08564 66124 08068 77118 07563 31313 73508
82330=

NNNNN

UPID54 WAAA 030000
PPAA  53008 97180 55385 23508 27008 30512 55340 29003
35503 03510 55320 08532 09052 06525 77999=

NNNNN

UGID54 WAAA 030000
PPBB  53008 97180 90/13 00000 33002 28010 9057/ 23507 23011
91123 27511 28507 27006 91589 30513 32513 33516 92012 29010
28008 28501 92345 16506 12002 23004 92679 00000 09001 07509
93123 14503 02002 35005 93458 35505 36008 06015 94127 08028
08535 09547 949// 08563 95235 07052 07044 07534=

NNNNN

UHID54 WAAA 030000
PPCC  53008 97180 55370 24511 35014 19017 55120 10042
72938 08068=

NNNNN

UQID54 WAAA 030000
PPDD  53008 97180 95678 03516 30508 26519 96123 20519 24512
27008 96456 28012 30014 27006 96789 29005 03505 00517 97024
30517 28513 33013 975// 32014 98024 17015 11520 08517 98568
06508 11514 09542 99278 07552 08564 08068 999// 07563=

NNNNN
