USID54 WAAA 160000
TTAA  66001 97180 99011 24056 00000 00099 26850 11005
92783 22838 27511 85515 18027 27511 70160 11040 29007
50589 04738 06515 40762 14556 05512 30974 29360 13019
25101 39537 10018 20249 52539 11017 15428 67756 12531
10662 82557 09523 88999 77999 31313 73508 82330=

NNNNN

UKID54 WAAA 160000
TTBB  66008 97180 00011 24056 11010 25434 22001 26649 33808
15612 44791 16041 55648 07642 66564 00029 77534 01758 88522
02745 99498 04937 11489 05758 22477 06939 33462 07958 44448
09946 55423 12360 66404 14350 77389 15760 88342 22350 99312
26761 11287 31961 22266 36346 33207 50523 44199 52743 55186
56729 66165 62959 77144 69950 88100 82557 21212 00011 00000
11978 27502 22945 27510 33913 27010 44822 27513 55740 30511
66714 28009 77664 33506 88641 02004 99595 02508 11552 05512
22475 05010 33440 07508 44406 06509 55391 06514 66360 08509
77346 12009 88319 14014 99236 10017 11162 12026 22155 12530
33126 10032 44120 09028 55108 12026 31313 73508 82330 41414
42422=

NNNNN

ULID54 WAAA 160000
TTCC  66002 97180 70863 72563 20512 50062 71773 23015
30370 67182 26012 20621 54785 31513 88868 84956 11019
77999 31313 73508 82330=

NNNNN

UEID54 WAAA 160000
TTDD  6600/ 97180 11868 84956 22825 84956 33771 78959 44751
73363 55735 70964 66689 73163 77642 70768 88578 72569 99511
72172 11399 64183 22325 67182 33293 67582 44268 66182 55251
61783 66208 55785 77170 54985 88165 52586 99144 56984 21212
11917 08017 22868 11019 33823 12032 44780 13526 55740 12004
66703 20011 77669 15505 88636 27523 99604 26531 11574 25024
22468 21522 33445 23014 44424 28013 55384 24518 66285 24516
77272 18012 88259 14510 99235 13506 11224 09013 22213 01019
33204 33012 44194 29012 55185 18508 66177 10520 77169 09538
88147 08036 31313 73508 82330=

NNNNN

UPID54 WAAA 160000
PPAA  66008 97180 55385 27511 29007 06515 55340 05512
13019 10018 55320 11017 12531 09523 77999=

NNNNN

UGID54 WAAA 160000
PPBB  66008 97180 90/12 00000 27502 27510 90369 27010 27513
30511 91023 28009 33506 02004 9157/ 02508 05512 92135 05010
07508 06509 92689 06514 08509 12009 9318/ 14014 10017 9467/
12026 12530 95124 10032 09028 12026=

NNNNN

UHID54 WAAA 160000
PPCC  66008 97180 55370 20512 23015 26012 55120 31513
77999=

NNNNN

UQID54 WAAA 160000
PPDD  66008 97180 95789 08017 11019 12032 96012 13526 12004
20011 96345 15505 27523 26531 966// 25024 97012 21522 23014
28013 974// 24518 98012 24516 18012 14510 98456 13506 09013
01019 98789 33012 29012 18508 99014 10520 09538 08036=

NNNNN
