USID54 WAAA 080000
TTAA  58001 97180 99009 24606 00000 00085 24421 04506
92772 22039 31012 85495 18232 30010 70137 09621 16003
50586 05113 02001 40758 14323 03012 30971 28734 04008
25099 39134 07511 20247 52136 05015 15427 68144 04524
10658 83547 08029 88104 85934 08034 77999 31313 73508
82330=

NNNNN

UKID54 WAAA 080000
TTBB  58008 97180 00009 24606 11868 19444 22767 12825 33690
09446 44570 00007 55518 03308 66468 09335 77442 10118 88373
17525 99292 29933 11164 63349 22104 85934 33100 83547 21212
00009 00000 11976 01008 22944 31512 33850 30010 44792 27008
55764 28510 66738 34501 77712 20003 88662 18004 99638 01503
11615 00507 22572 36003 33550 04005 44530 00000 55510 26004
66492 05504 77455 07504 88437 04506 99421 03510 11404 03012
22389 02509 33374 01011 44331 03012 55318 03507 66268 07010
77235 08011 88205 05515 99179 05012 11140 04529 22133 04533
33113 05537 44107 07029 55101 08033 31313 73508 82330 41414
4952/=

NNNNN

ULID54 WAAA 080000
TTCC  58002 97180 70863 71557 21031 50063 71523 26038
30371 60534 05009 20625 58737 23011 88237 61926 24519
77999 31313 73508 82330=

NNNNN

UEID54 WAAA 080000
TTDD  5800/ 97180 11944 82550 22928 79358 33885 74359 44796
76350 55753 77144 66742 74157 77699 71557 88641 72745 99616
70756 11543 71529 22497 71722 33481 70141 44427 67339 55406
67720 66363 68527 77347 64556 88337 60757 99317 60737 11289
57950 22237 61926 33176 57531 21212 11961 11029 22911 09034
33822 01005 44780 24514 55703 21030 66669 20025 77636 19513
88604 27516 99546 27531 11494 25533 22447 26525 33366 25019
44348 26502 55331 04016 66316 35014 77301 05008 88287 34513
99237 24519 11205 25511 22195 22005 33186 06007 44178 07521
31313 73508 82330=

NNNNN

UPID54 WAAA 080000
PPAA  58008 97180 55385 30010 16003 02001 55340 03012
04008 07511 55320 05015 04524 08029 77999=

NNNNN

UGID54 WAAA 080000
PPBB  58008 97180 90/12 00000 01008 31512 90578 30010 27008
28510 909// 34501 91023 20003 18004 01503 91467 00507 36003
04005 9189/ 00000 26004 92023 05504 07504 04506 92456 03510
03012 02509 927// 01011 93015 03012 03507 07010 938// 08011
94149 05515 05012 04529 95034 04533 05537 07029 955// 08033=

NNNNN

UHID54 WAAA 080000
PPCC  58008 97180 55370 21031 26038 05009 55120 23011
77999=

NNNNN

UQID54 WAAA 080000
PPDD  58008 97180 95679 11029 09034 01005 96023 24514 21030
20025 96457 19513 27516 27531 969// 25533 97156 26525 25019
26502 97789 04016 35014 05008 98047 34513 24519 25511 9889/
22005 06007 990// 07521=

NNNNN
