USID54 WAAA 110000
TTAA  61001 97180 99011 25208 00000 00105 24612 02010
92788 21615 29005 85515 18833 20001 70166 09834 13005
50589 05710 08527 40760 15526 12021 30972 29341 09517
25099 39550 07516 20247 52958 03505 15426 67558 12024
10661 80359 04528 88999 77999 31313 73508 82330=

NNNNN

UKID54 WAAA 110000
TTBB  61008 97180 00011 25208 11805 16845 22628 04639 33573
00005 44540 02507 55525 03740 66497 06106 77454 09509 88419
14141 99385 17121 11295 30149 22220 47356 33181 58361 44134
73757 55100 80359 21212 00011 00000 11978 35509 22882 22002
33852 22501 44822 28501 55794 04004 66766 12503 77688 12504
88641 11512 99617 11516 11595 13019 22532 08524 33422 10517
44390 11021 55225 06512 66215 06509 77196 03505 88187 32504
99178 11007 11170 15509 22162 14515 33139 11028 44126 10027
55113 09533 66102 05030 31313 73508 82330 41414 22531=

NNNNN

ULID54 WAAA 110000
TTCC  6100/ 97180 88999 77999 31313 73508 82330=

NNNNN

UEID54 WAAA 110000
TTDD  6100/ 97180 11868 79957 21212 11967 02021 22918 31517
33870 30524 31313 73508 82330=

NNNNN

UPID54 WAAA 110000
PPAA  61008 97180 55385 20001 13005 08527 55340 12021
09517 07516 55320 03505 12024 04528 77999=

NNNNN

UGID54 WAAA 110000
PPBB  61008 97180 90/14 00000 35509 22002 90567 22501 28501
04004 908// 12503 91134 12504 11512 11516 9158/ 13019 08524
9246/ 10517 11021 939// 06512 94023 06509 03505 32504 94456
11007 15509 14515 949// 11028 95135 10027 09533 05030=

NNNNN

UHID54 WAAA 110000
PPCC  61008 97180 77999=

NNNNN

UQID54 WAAA 110000
PPDD  61008 97180 95678 02021 31517 30524=

NNNNN
