USID54 WAAA 030000
TTAA  53001 97180 99008 25024 00000 00077 25850 10504
92761 22632 36005 85498 19050 19004 70146 11259 00501
50589 02764 19508 40761 14770 17509 30973 29170 14509
25100 40559 13013 20249 52156 05516 15428 68357 08023
10663 78360 12512 88999 77999 31313 73508 82330=

NNNNN

UKID54 WAAA 030000
TTBB  53008 97180 00008 25024 11002 25243 22981 26250 33949
23624 44892 21657 55779 14628 66732 13450 77718 12661 88617
06064 99612 05661 11579 03868 22561 02263 33553 01670 44549
01463 55531 00063 66403 14569 77378 17371 88369 18762 99323
26163 11312 26972 22269 36168 33247 41157 44204 50950 55151
67957 66134 73957 77118 74761 88100 78360 21212 00008 00000
11975 00001 22942 34004 33911 02005 44880 05502 55850 19004
66821 16504 77765 23501 88738 06501 99712 00503 11687 03002
22662 32004 33639 31002 44616 34001 55594 00001 66572 13503
77551 20504 88512 22005 99493 17507 11456 17011 22406 18012
33375 12005 44346 10504 55318 12010 66305 14509 77293 14010
88246 12512 99226 08012 11188 04012 22140 09519 33126 13026
44120 10033 55114 07524 66108 06013 77102 13006 31313 73508
82330 41414 32532=

NNNNN

ULID54 WAAA 030000
TTCC  53002 97180 70867 72765 26011 50067 68971 30529
30378 62783 21016 20631 57784 06011 88864 83958 09529
77999 31313 73508 82330=

NNNNN

UEID54 WAAA 030000
TTDD  5300/ 97180 11864 83958 22846 78563 33785 77761 44729
71965 55648 73766 66580 71968 77536 67372 88499 68971 99457
65775 11403 66975 22363 63579 33262 62183 44220 57584 55191
58984 66179 58384 77177 58584 88172 52586 99171 50786 11145
51786 22121 48387 21212 11921 11030 22873 10032 33827 04019
44785 02508 55746 08512 66709 24510 77673 26513 88578 17514
99549 14002 11523 32518 22497 30529 33473 28518 44450 24516
55408 25515 66335 21514 77319 21519 88304 20517 99289 23506
11276 13510 22227 10020 33217 11511 44207 10009 55197 06015
66188 07029 77156 06535 88130 09046 99124 07551 31313 73508
82330=

NNNNN

UPID54 WAAA 030000
PPAA  53008 97180 55385 19004 00501 19508 55340 17509
14509 13013 55320 05516 08023 12512 77999=

NNNNN

UGID54 WAAA 030000
PPBB  53008 97180 90/12 00000 00001 34004 90345 02005 05502
19004 90689 16504 23501 06501 91012 00503 03002 32004 91345
31002 34001 00001 91679 13503 20504 22005 92025 17507 17011
18012 9279/ 12005 10504 93123 12010 14509 14010 9379/ 12512
08012 9439/ 04012 09519 95123 13026 10033 07524 9545/ 06013
13006=

NNNNN

UHID54 WAAA 030000
PPCC  53008 97180 55370 26011 30529 21016 55120 06011
77999=

NNNNN

UQID54 WAAA 030000
PPDD  53008 97180 95789 11030 10032 04019 96012 02508 08512
24510 96367 26513 17514 14002 9689/ 32518 30529 97013 28518
24516 25515 97789 21514 21519 20517 98015 23506 13510 10020
98678 11511 10009 06015 989// 07029 99378 06535 09046 07551=

NNNNN
