USID54 WAAA 260000
TTAA  76001 97180 99007 25422 00000 00070 27056 10004
92759 23441 26017 85493 19244 26518 70137 11057 27031
50587 05516 13009 40759 15329 30007 30970 29935 08017
25097 39947 09037 20246 51756 11058 15425 68549 11057
10659 74562 08024 88117 80149 11068 77132 10570 77119
11069 31313 73508 82330=

NNNNN

UKID54 WAAA 260000
TTBB  76008 97180 00007 25422 11000 27056 22996 28058 33951
24446 44672 09656 55559 00028 66472 08111 77378 17745 88341
22556 99215 47749 11191 54746 22174 60158 33140 72141 44117
80149 55112 80156 66108 79558 77105 75961 88100 74562 21212
00007 00000 11974 18002 22942 28015 33764 24522 44737 27026
55712 27531 66686 26534 77662 27528 88593 23523 99551 24517
11511 18010 22491 11008 33455 07005 44438 03004 55421 33005
66404 32505 77389 30011 88373 28008 99359 31504 11344 02007
22331 06511 33279 07526 44268 08030 55235 09047 66214 10055
77139 10566 88132 10570 99119 11069 11102 08529 31313 73508
82330 41414 34532=

NNNNN

ULID54 WAAA 260000
TTCC  76002 97180 70863 76164 30006 50061 69372 23016
30372 63383 20506 20623 58384 19012 88900 78963 32018
77999 31313 73508 82330=

NNNNN

UEID54 WAAA 260000
TTDD  7600/ 97180 11900 78963 22728 78162 33692 74765 44606
75765 55538 69170 66461 70774 77426 68182 88407 63783 99390
61583 11353 63983 22260 61183 33238 62583 44220 58984 55166
57784 66145 55985 77137 52386 88127 51386 21212 11965 06014
22916 34011 33869 30523 44742 28516 55669 29508 66603 22520
77573 22003 88545 28009 99518 21513 11468 26021 22445 25510
33423 18505 44403 26508 55366 28016 66348 28513 77332 24507
88316 24013 99301 20506 11286 34503 22273 34010 33260 03004
44248 08519 55225 05512 66214 26502 77195 15015 88169 10030
99161 10525 11154 09531 22146 11542 33140 10054 44127 09567
31313 73508 82330=

NNNNN

UPID54 WAAA 260000
PPAA  76008 97180 55385 26518 27031 13009 55340 30007
08017 09037 55320 11058 11057 08024 71500 10570 71560
11069=

NNNNN

UGID54 WAAA 260000
PPBB  76008 97180 90/12 00000 18002 28015 9089/ 24522 27026
91012 27531 26534 27528 91579 23523 24517 18010 92023 11008
07005 03004 92456 33005 32505 30011 92789 28008 31504 02007
93045 06511 07526 08030 938// 09047 9409/ 10055 10566 95025
10570 11069 08529=

NNNNN

UHID54 WAAA 260000
PPCC  76008 97180 55370 30006 23016 20506 55120 19012
77999=

NNNNN

UQID54 WAAA 260000
PPDD  76008 97180 95678 06014 34011 30523 96135 28516 29508
22520 96678 22003 28009 21513 97012 26021 25510 18505 97356
26508 28016 28513 97789 24507 24013 20506 98012 34503 34010
03004 98356 08519 05512 26502 988// 15015 99123 10030 10525
09531 99457 11542 10054 09567=

NNNNN
