USID54 WAAA 190000
TTAA  69001 97180 99012 24006 00000 00109 23412 10506
92789 20808 25014 85521 17210 24515 70158 08613 25016
50587 04910 31518 40760 14317 31511 30972 28749 04008
25100 39348 18004 20248 52750 22004 15427 67756 10024
10661 83556 08541 88999 77999 31313 73508 82330=

NNNNN

TTBB  69008 97180 00012 24006 11987 24023 22866 18410 33820
14609 44727 10413 55665 05817 66565 00012 77468 07305 88386
15909 99368 18308 11351 20318 22340 22531 33338 22733 44337
23128 55335 22949 66334 23158 77332 23536 88280 32956 99234
43132 11186 57148 22176 59357 33100 83556 21212 00012 00000
11978 08503 22945 26011 33713 24018 44639 28517 55616 29014
66594 32012 77474 31014 88456 28512 99438 32009 11405 31512
22390 30006 33345 12503 44305 04509 55257 11504 66246 26005
77236 22505 88196 24505 99187 22503 11179 17512 22162 12019
33147 09527 44140 09031 55114 11545 31313 73508 82330 41414
5342/=

NNNNN

ULID54 WAAA 190000
TTCC  69002 97180 70863 75550 24017 50061 69746 27533
30370 62530 29525 20621 55356 05018 88994 83956 08041
77999 31313 73508 82330=

NNNNN

UEID54 WAAA 190000
TTDD  6900/ 97180 11994 83956 22896 80157 33836 81341 44730
77944 55716 75556 66670 76137 77641 76735 88628 74156 99594
69956 11552 70936 22508 70150 33451 71130 44427 69150 55405
69135 66386 66156 77338 61746 88294 63322 99267 62139 11220
62717 22212 60737 33202 55956 44178 54536 55160 53742 66129
55137 77111 52556 21212 11967 08036 22917 06518 33869 33017
44668 22017 55634 23012 66603 29514 77545 26524 88492 27033
99468 26028 11445 25035 22383 19016 33364 19508 44347 28509
55330 32015 66315 29024 77272 26514 88259 20512 99224 11520
11214 08531 22204 05523 33185 06023 44169 11525 55154 08542
66133 10044 77122 09054 88116 09058 31313 73508 82330=

NNNNN

UPID54 WAAA 190000
PPAA  69008 97180 55385 24515 25016 31518 55340 31511
04008 18004 55320 22004 10024 08541 77999=

NNNNN

UGID54 WAAA 190000
PPBB  69008 97180 90/12 00000 08503 26011 91034 24018 28517
29014 915// 32012 92123 31014 28512 32009 92569 31512 30006
12503 93267 04509 11504 26005 938// 22505 94234 24505 22503
17512 94689 12019 09527 09031 953// 11545=

NNNNN

UHID54 WAAA 190000
PPCC  69008 97180 55370 24017 27533 29525 55120 05018
77999=

NNNNN

UQID54 WAAA 190000
PPDD  69008 97180 95678 08036 06518 33017 96345 22017 23012
29514 9679/ 26524 27033 97014 26028 25035 19016 97567 19508
28509 32015 978// 29024 98125 26514 20512 11520 98679 08531
05523 06023 99136 11525 08542 10044 9989/ 09054 09058=

NNNNN
