USID54 WAAA 140000
TTAA  64001 97180 99009 25826 11001 00091 26850 11504
92781 23037 25503 85508 18225 18506 70154 10844 06507
50588 04328 11505 40760 14550 02509 30972 29331 10512
25100 38564 12026 20249 52163 14032 15429 65763 07537
10663 82750 11025 88999 77999 31313 73508 82330=

NNNNN

UKID54 WAAA 140000
TTBB  64008 97180 00009 25826 11998 27256 22819 15606 33699
10845 44613 03417 55558 00022 66499 04328 77473 07911 88444
09539 99388 16737 11364 19545 22354 20959 33333 23962 44308
27929 55283 32731 66262 35959 77248 38964 88214 48158 99208
49757 11201 51761 22163 63960 33152 65762 44100 82750 21212
00009 11001 11977 12003 22912 26005 33851 18506 44793 18005
55766 08501 66713 06504 77688 07508 88663 04005 99640 06002
11617 05504 22594 14003 33552 08005 44511 09507 55492 12004
66456 04005 77390 02009 88360 07510 99345 06013 11293 11011
22281 09515 33246 11527 44236 12030 55225 12531 66215 14028
77206 14031 88170 14029 99162 11528 11155 09035 22147 07035
33140 06025 44126 04006 55114 11504 66108 12016 31313 73508
82330 41414 35531=

NNNNN

ULID54 WAAA 140000
TTCC  64002 97180 70864 70964 31011 50062 67573 29026
30373 59584 29516 20627 58184 11522 88834 85756 14528
77999 31313 73508 82330=

NNNNN

UEID54 WAAA 140000
TTDD  6400/ 97180 11879 83557 22834 85756 33821 83358 44753
80158 55732 73963 66703 70964 77597 75966 88538 69371 99514
67173 11456 68575 22392 66579 33331 62583 44322 59584 55265
61383 66229 57784 77197 58184 88190 58184 99187 55985 11151
59384 22141 57784 33133 53785 21212 11919 08511 22871 14519
33782 12031 44741 10018 55704 31510 66604 27513 77493 28528
88469 26533 99425 22021 11404 20015 22384 16006 33366 02501
44348 32003 55332 29007 66316 30514 77287 29514 88274 26016
99237 27010 11226 29506 22215 20506 33205 10513 44196 11522
55187 08028 66170 09538 77162 08020 88154 06517 99140 09548
11133 08061 31313 73508 82330=

NNNNN

UPID54 WAAA 140000
PPAA  64008 97180 55385 18506 06507 11505 55340 02509
10512 12026 55320 14032 07537 11025 77999=

NNNNN

UGID54 WAAA 140000
PPBB  64008 97180 90/13 11001 12003 26005 90578 18506 18005
08501 91012 06504 07508 04005 91345 06002 05504 14003 9179/
08005 09507 92026 12004 04005 02009 9289/ 07510 06013 93347
11011 09515 11527 9389/ 12030 12531 94015 14028 14031 14029
94678 11528 09035 07035 949// 06025 95134 04006 11504 12016=

NNNNN

UHID54 WAAA 140000
PPCC  64008 97180 55370 31011 29026 29516 55120 11522
77999=

NNNNN

UQID54 WAAA 140000
PPDD  64008 97180 9578/ 08511 14519 96012 12031 10018 31510
9659/ 27513 28528 97023 26533 22021 20015 97456 16006 02501
32003 9778/ 29007 30514 98014 29514 26016 27010 98567 29506
20506 10513 9889/ 11522 08028 99123 09538 08020 06517 9956/
09548 08061=

NNNNN
