USID54 WAAA 050000
TTAA  55001 97180 99008 24203 00000 00082 24222 09502
92773 23856 14007 85506 20256 16007 70158 09823 32002
50589 04160 11019 40761 14728 05023 30972 28731 04522
25100 39140 04020 20250 52149 05521 15428 67760 05023
10663 79558 09027 88109 81157 11014 77999 31313 73508
82330=

NNNNN

UKID54 WAAA 050000
TTBB  55008 97180 00008 24203 11007 23810 22994 25843 33946
24648 44888 22656 55652 06208 66570 00610 77549 00056 88534
01748 99494 04563 11481 05766 22472 06562 33466 06567 44456
08161 55450 08365 66411 13732 77375 17136 88313 26337 99248
39542 11220 46358 22200 52149 33162 63960 44109 81157 55100
79558 21212 00008 00000 11976 12006 22943 17004 33881 16008
44822 17505 55766 22505 66739 23504 77713 29003 88688 29505
99617 26504 11594 01002 22573 09503 33552 09011 44531 11514
55512 10022 66474 11022 77456 08010 88439 10008 99406 05021
11390 06023 22346 03517 33305 05023 44269 03522 55188 06027
66171 06530 77163 06027 88120 06519 99108 10515 11102 09526
31313 73508 82330 41414 12571=

NNNNN

ULID54 WAAA 050000
TTCC  55002 97180 70865 70765 32010 50065 65573 05513
30375 65782 25021 20631 53385 04514 88999 77999 31313
73508 82330=

NNNNN

UEID54 WAAA 050000
TTDD  5500/ 97180 11844 83556 22754 80759 33730 74963 44699
70565 55640 73164 66583 68370 77546 70169 88504 65973 99439
64173 11341 67776 22299 65782 33261 56585 44218 56385 55209
56385 66191 51786 21212 11970 09029 22872 04015 33827 02509
44706 33005 55638 29017 66606 31012 77576 24009 88548 18018
99496 04012 11472 33017 22407 24021 33369 29019 44302 25023
55288 20511 66262 21004 77249 07502 88238 15005 99227 29005
11217 10505 22197 05013 31313 73508 82330=

NNNNN

UPID54 WAAA 050000
PPAA  55008 97180 55385 16007 32002 11019 55340 05023
04522 04020 55320 05521 05023 09027 77999=

NNNNN

UGID54 WAAA 050000
PPBB  55008 97180 90/12 00000 12006 17004 90468 16008 17505
22505 909// 23504 91014 29003 29505 26504 91567 01002 09503
09011 9189/ 11514 10022 92123 11022 08010 10008 92569 05021
06023 03517 9325/ 05023 03522 94356 06027 06530 06027 95245
06519 10515 09526=

NNNNN

UHID54 WAAA 050000
PPCC  55008 97180 55370 32010 05513 25021 55120 04514
77999=

NNNNN

UQID54 WAAA 050000
PPDD  55008 97180 95689 09029 04015 02509 96012 11007 22007
33005 96456 29017 31012 24009 9679/ 18018 04012 97035 33017
24021 29019 979// 25023 98023 20511 21004 07502 98456 15005
29005 10505 988// 05013=

NNNNN
