USID54 WAAA 100000
TTAA  60001 97180 99009 24611 00000 00087 26046 09506
92775 24057 06002 85514 19239 02501 70156 10031 22007
50588 05509 19006 40760 15135 17512 30972 28935 12011
25099 39539 08016 20247 52343 08022 15426 69150 09524
10662 78757 11016 88999 77999 31313 73508 82330=

NNNNN

UKID54 WAAA 100000
TTBB  60008 97180 00009 24611 11007 24819 22999 26650 33978
26656 44567 00020 55541 02313 66468 07918 77381 17328 88297
29535 99150 69150 11136 72158 22100 78757 21212 00009 00000
11976 08004 22944 05503 33851 03001 44822 28502 55739 26505
66688 22008 77664 21512 88640 20013 99617 21510 11594 19015
22552 18512 33511 20010 44474 19509 55456 20511 66438 16012
77389 15514 88374 16508 99359 16013 11345 17509 22331 12013
33292 11512 44268 08018 55147 09025 66132 08550 77119 09025
88113 12506 99102 10014 31313 73508 82330 41414 22532=

NNNNN

ULID54 WAAA 100000
TTCC  60002 97180 70864 76558 27011 50061 68360 31019
30372 62571 16525 20628 53785 09524 88928 81356 15509
77999 31313 73508 82330=

NNNNN

UEID54 WAAA 100000
TTDD  6000/ 97180 11928 81356 22820 79559 33780 81956 44754
81557 55737 77959 66654 75557 77613 72160 88571 73757 99523
69561 11433 66959 22352 62365 33288 63374 44272 62380 55261
58584 66229 53985 77211 55185 88186 51986 99150 49586 21212
11969 11012 22918 18005 33826 02010 44783 09509 55742 04514
66705 28512 77669 21508 88635 00001 99604 31509 11573 27506
22545 02009 33517 32519 44468 29008 55445 25015 66424 25514
77403 23017 88348 25013 99301 16525 11287 17022 22260 09026
33248 08526 44237 08030 55226 04025 66215 04021 77206 08016
88196 09028 99179 08048 11156 08543 31313 73508 82330=

NNNNN

UPID54 WAAA 100000
PPAA  60008 97180 55385 02501 22007 19006 55340 17512
12011 08016 55320 08022 09524 11016 77999=

NNNNN

UGID54 WAAA 100000
PPBB  60008 97180 90/12 00000 08004 05503 90569 03001 28502
26505 91123 22008 21512 20013 91457 21510 19015 18512 919//
20010 92123 19509 20511 16012 92678 15514 16508 16013 929//
17509 93035 12013 11512 08018 948// 09025 95023 08550 09025
12506 955// 10014=

NNNNN

UHID54 WAAA 100000
PPCC  60008 97180 55370 27011 31019 16525 55120 09524
77999=

NNNNN

UQID54 WAAA 100000
PPDD  60008 97180 95679 11012 18005 02010 96012 09509 04514
28512 96345 21508 00001 31509 96678 27506 02009 32519 97012
29008 25015 25514 97369 23017 25013 16525 98023 17022 09026
08526 98456 08030 04025 04021 9878/ 08016 09028 9903/ 08048
08543=

NNNNN
