USID54 WAAA 250000
TTAA  75001 97180 99009 25235 00000 00094 26047 02006
92782 22018 31010 85513 18046 26524 70161 11257 27025
50589 05909 19505 40761 15530 09030 30973 29357 08034
25101 39357 09543 20249 52347 11048 15429 68744 11052
10661 84557 09055 88100 84557 09055 77120 10570 31313
73508 82330=

NNNNN

UKID54 WAAA 250000
TTBB  75008 97180 00009 25235 11007 25631 22985 26650 33919
21614 44865 19248 55828 16217 66776 14856 77676 09856 88607
04033 99554 00028 11490 07107 22459 08146 33431 11526 44418
12750 55400 15530 66373 17763 77330 24363 88320 26358 99314
27356 11307 28559 22288 31546 33278 33158 44191 54936 55163
63956 66145 70735 77135 73950 88121 77549 99100 84557 21212
00009 00000 11977 03506 22944 34009 33881 26521 44595 25523
55552 23510 66532 22508 77512 19003 88493 22503 99474 09508
11439 10022 22422 09023 33406 09030 44375 09529 55346 09530
66281 07537 77206 11048 88197 11049 99126 10063 11120 10570
22114 09560 33102 09061 31313 73508 82330 41414 42431=

NNNNN

ULID54 WAAA 250000
TTCC  75002 97180 70867 73364 25015 50065 71767 25012
30372 61974 16012 20627 58783 08009 88999 77999 31313
73508 82330=

NNNNN

UEID54 WAAA 250000
TTDD  7500/ 97180 11957 81559 22933 76163 33882 73163 44825
76161 55712 75362 66699 73164 77629 74964 88552 70968 99529
72766 11482 72567 22462 68371 33404 71771 44336 62176 55278
60780 66261 56982 77221 58778 88195 58582 99176 52586 11140
54185 21212 11918 08013 22872 22507 33828 19511 44786 23501
55747 11009 66709 26010 77577 31018 88522 24010 99405 24017
11332 13514 22316 14508 33287 18024 44274 12514 55261 09507
66249 06014 77226 08514 88216 06514 99196 09007 11187 08018
22178 07028 33170 05033 44162 07531 55155 08028 66140 10542
31313 73508 82330=

NNNNN

UPID54 WAAA 250000
PPAA  75008 97180 55385 26524 27025 19505 55340 09030
08034 09543 55320 11048 11052 09055 71559 10570=

NNNNN

UGID54 WAAA 250000
PPBB  75008 97180 90/12 00000 03506 34009 904// 26521 91578
25523 23510 22508 919// 19003 92013 22503 09508 10022 92457
09023 09030 09529 929// 09530 934// 07537 9412/ 11048 11049
95123 10063 10570 09560 955// 09061=

NNNNN

UHID54 WAAA 250000
PPCC  75008 97180 55370 25015 25012 16012 55120 08009
77999=

NNNNN

UQID54 WAAA 250000
PPDD  75008 97180 95789 08013 22507 19511 96012 23501 11009
26010 9668/ 31018 24010 97378 24017 13514 14508 98012 18024
12514 09507 98356 06014 08514 06514 9889/ 09007 08018 99012
07028 05033 07531 9935/ 08028 10542=

NNNNN
