USID54 WAAA 020000
TTAA  52001 97180 99011 24811 00000 00103 26243 06505
92789 22634 27509 85520 17823 27012 70160 09022 26012
50589 04721 33007 40761 14539 06004 30973 29742 05517
25100 40135 05518 20248 53160 05026 15427 68556 07549
10658 83556 10043 88105 84150 08041 77999 31313 73508
82330=

NNNNN

UKID54 WAAA 020000
TTBB  52008 97180 00011 24811 11995 26650 22792 14017 33660
06216 44601 03836 55555 00017 66441 09345 77347 21543 88282
33149 99262 37725 11249 40337 22241 42159 33221 47361 44105
84150 55100 83556 21212 00011 00000 11978 04005 22945 30505
33882 27008 44823 27014 55640 26012 66573 28014 77552 29512
88532 32008 99493 33005 11474 03505 22456 19002 33406 04504
44375 02506 55346 08007 66332 06512 77269 05519 88187 06027
99170 06534 11154 07549 22147 08048 33139 08550 44132 09548
55126 10051 66113 08053 77107 08042 88101 10041 31313 73508
82330 41414 32531=

NNNNN

ULID54 WAAA 020000
TTCC  52002 97180 70862 75964 24507 50060 71775 28514
30370 63583 27017 20622 57384 11516 88999 77999 31313
73508 82330=

NNNNN

UEID54 WAAA 020000
TTDD  5200/ 97180 11962 83556 22947 80160 33845 75961 44746
78362 55671 73567 66568 70772 77476 72176 88431 69381 99408
64583 11370 65782 22333 61983 33294 63983 44198 56785 55170
56785 66150 50786 77118 49786 21212 11961 10049 22912 11525
33865 32502 44821 25517 55780 24011 66740 27504 77702 24506
88667 22017 99602 29017 11572 28521 22544 26524 33491 30510
44467 03504 55444 31510 66422 31016 77402 24516 88383 23513
99364 18007 11347 25504 22330 27009 33315 26517 44285 26519
55272 24005 66259 16009 77247 17010 88235 11011 99224 10529
11214 09027 22194 12017 33185 10523 44177 09535 55147 07561
66122 08063 31313 73508 82330=

NNNNN

UPID54 WAAA 020000
PPAA  52008 97180 55385 27012 26012 33007 55340 06004
05517 05518 55320 05026 07549 10043 77999=

NNNNN

UGID54 WAAA 020000
PPBB  52008 97180 90/12 00000 04005 30505 9046/ 27008 27014
91367 26012 28014 29512 918// 32008 92012 33005 03505 19002
92579 04504 02506 08007 9305/ 06512 05519 94357 06027 06534
07549 9489/ 08048 08550 95013 09548 10051 08053 9545/ 08042
10041=

NNNNN

UHID54 WAAA 020000
PPCC  52008 97180 55370 24507 28514 27017 55120 11516
77999=

NNNNN

UQID54 WAAA 020000
PPDD  52008 97180 95678 10049 11525 32502 959// 25517 96012
24011 27504 24506 96356 22017 29017 28521 9679/ 26524 30510
97012 03504 31510 31016 97345 24516 23513 18007 97678 25504
27009 26517 98012 26519 24005 16009 98345 17010 11011 10529
98689 09027 12017 10523 99048 09535 07561 08063=

NNNNN
