USID54 WAAA 060000
TTAA  56001 97180 99011 24820 00000 00100 25856 09504
92788 22020 32505 85517 18237 28508 70158 10256 31011
50589 05329 14007 40761 14534 07513 30973 29757 09520
25100 39559 09014 20249 52157 04530 15427 68958 07038
10661 76560 13515 88113 81356 07046 77999 31313 73508
82330=

NNNNN

UKID54 WAAA 060000
TTBB  56008 97180 00011 24820 11997 26657 22927 22021 33779
13625 44694 10256 55567 00021 66539 02907 77503 05324 88487
06156 99481 06358 11458 08734 22432 11518 33380 16157 44317
27157 55292 31541 66268 36138 77248 40160 88224 46359 99213
49350 11207 50541 22199 52558 33178 59163 44159 65558 55113
81356 66107 77760 77100 76560 21212 00011 00000 11978 00001
22945 30503 33852 28008 44740 31509 55714 32010 66688 32012
77664 29509 88595 17503 99573 12009 11552 13509 22532 09006
33512 11006 44493 14010 55422 06010 66375 07014 77346 06514
88258 10514 99206 06019 11187 04031 22179 04526 33170 04027
44155 06534 55107 08029 66102 12518 31313 73508 82330 41414
45532=

NNNNN

ULID54 WAAA 060000
TTCC  56003 97180 70864 73964 32011 50061 68772 16503
30371 61983 26504 88890 81759 20510 77999 31313 73508
82330=

NNNNN

UEID54 WAAA 060000
TTDD  5600/ 97180 11890 81759 22791 79760 33682 72566 44620
74766 55563 74367 66490 67374 77441 65780 88383 68182 99341
63583 11269 61983 22237 58384 21212 11967 15512 22918 20009
33870 18513 44825 12514 55782 35504 66742 32005 77704 32511
88669 28025 99636 27531 11545 22014 22518 22505 33493 14007
44469 11015 55446 36010 66384 31520 77365 33009 88348 26010
99331 23009 11315 19501 22301 26504 33286 04504 44248 00001
31313 73508 82330=

NNNNN

UPID54 WAAA 060000
PPAA  56008 97180 55385 28508 31011 14007 55340 07513
09520 09014 55320 04530 07038 13515 77999=

NNNNN

UGID54 WAAA 060000
PPBB  56008 97180 90/12 00000 00001 30503 9059/ 28008 31509
91012 32010 32012 29509 91567 17503 12009 13509 9189/ 09006
11006 92047 14010 06010 07014 929// 06514 936// 10514 94134
06019 04031 04526 9457/ 04027 06534 9545/ 08029 12518=

NNNNN

UHID54 WAAA 060000
PPCC  56008 97180 55370 32011 16503 26504 77999=

NNNNN

UQID54 WAAA 060000
PPDD  56008 97180 95678 15512 20009 18513 959// 12514 96012
35504 32005 32511 96347 28025 27531 22014 9689/ 22505 14007
97014 11015 36010 31520 97567 33009 26010 23009 9789/ 19501
26504 9803/ 04504 00001=

NNNNN
