USID54 WAAA 200000
TTAA  70001 97180 99012 24208 00000 00113 25239 05005
92794 21623 22008 85523 18450 20026 70162 10450 25020
50589 04717 27002 40762 14325 08010 30974 28746 04517
25102 39538 04015 20251 52350 04517 15430 68957 06531
10661 79959 08022 88999 77999 31313 73508 82330=

NNNNN

UKID54 WAAA 200000
TTBB  70008 97180 00012 24208 11997 25649 22938 22012 33844
18256 44769 12828 55729 12250 66561 00013 77528 01727 88467
07910 99413 12545 11388 16117 22384 16513 33381 16149 44318
26123 55295 29549 66255 38132 77166 63359 88137 73956 99117
80356 11107 82556 22104 83156 33100 79959 21212 00012 00000
11979 07505 22946 20503 33883 22015 44823 21526 55794 22530
66767 23026 77714 25523 88640 24016 99617 26518 11573 24520
22552 26015 33532 26008 44512 24503 55493 00501 66475 02505
77457 03505 88439 07005 99375 05008 11361 05012 22346 02011
33332 33011 44319 03011 55270 06013 66236 04014 77216 06016
88197 05018 99155 06528 11140 06534 22120 08048 33114 08053
44102 09535 31313 73508 82330 41414 44532=

NNNNN

ULID54 WAAA 200000
TTCC  7000/ 97180 88999 77999 31313 73508 82330=

NNNNN

UEID54 WAAA 200000
TTDD  7000/ 97180 21212 11968 03518 31313 73508 82330=

NNNNN

UPID54 WAAA 200000
PPAA  70008 97180 55385 20026 25020 27002 55340 08010
04517 04015 55320 04517 06531 08022 77999=

NNNNN

UGID54 WAAA 200000
PPBB  70008 97180 90/12 00000 07505 20503 90467 22015 21526
22530 908// 23026 91034 25523 24016 26518 91678 24520 26015
26008 919// 24503 92012 00501 02505 03505 92378 07005 05008
05012 929// 02011 93015 33011 03011 06013 938// 04014 94027
06016 05018 06528 949// 06534 95235 08048 08053 09535=

NNNNN

UHID54 WAAA 200000
PPCC  70008 97180 77999=

NNNNN

UQID54 WAAA 200000
PPDD  70008 97180 956// 03518=

NNNNN
