USID54 WAAA 070000
TTAA  57001 97180 99008 26219 13502 00082 26439 10504
92773 23450 09502 85509 18428 14001 70151 10050 19503
50587 04348 09511 40760 15326 13514 30972 28750 02009
25100 39158 02012 20249 52357 03513 15428 68758 00523
10662 82357 33009 88101 82357 33008 77999 31313 73508
82330=

NNNNN

UKID54 WAAA 070000
TTBB  57008 97180 00008 26219 11995 27456 22955 24827 33933
24056 44862 19019 55718 11256 66618 05032 77559 00024 88541
00556 99486 05957 11475 06940 22452 08961 33429 12159 44424
12562 55415 13364 66410 14157 77407 14357 88406 14358 99404
14746 11403 14925 22401 15122 33398 15356 44392 15563 55383
16563 66379 16770 77352 20765 88348 21160 99335 23160 11326
24750 22273 34545 33263 35959 44237 42360 55222 46156 66161
64756 77141 71160 88123 77358 99101 82357 11100 82357 21212
00008 13502 11976 30003 22943 00001 33881 08503 44822 22002
55739 19501 66712 00000 77687 12002 88639 21001 99616 07504
11594 00001 22572 07004 33551 07005 44531 11508 55492 10009
66474 11012 77360 14014 88331 10004 99318 33005 11305 01509
22293 02510 33281 01509 44269 00512 55246 02514 66236 00509
77215 04017 88155 36023 99147 36023 11140 04010 22133 08514
33113 08015 44108 02004 55102 32509 31313 73508 82330 41414
25531=

NNNNN

ULID54 WAAA 070000
TTCC  5700/ 97180 88999 77999 31313 73508 82330=

NNNNN

UEID54 WAAA 070000
TTDD  5700/ 97180 11779 77960 21212 11968 32011 22917 18511
33870 16032 44782 09033 31313 73508 82330=

NNNNN

UPID54 WAAA 070000
PPAA  57008 97180 55385 14001 19503 09511 55340 13514
02009 02012 55320 03513 00523 33009 77999=

NNNNN

UGID54 WAAA 070000
PPBB  57008 97180 90/12 13502 30003 00001 90469 08503 22002
19501 91013 00000 12002 21001 91456 07504 00001 07004 9178/
07005 11508 92018 10009 11012 14014 93012 10004 33005 01509
93345 02510 01509 00512 9378/ 02514 00509 94078 04017 36023
36023 949// 04010 95034 08514 08015 02004 955// 32509=

NNNNN

UHID54 WAAA 070000
PPCC  57008 97180 77999=

NNNNN

UQID54 WAAA 070000
PPDD  57008 97180 95678 32011 18511 16032 960// 09033=

NNNNN
