USID54 WAAA 220000
TTAA  72001 97180 99012 23608 00000 00108 23419 07508
92793 22450 25012 85522 17837 24020 70162 09636 23524
50589 04719 06507 40761 14526 07521 30973 29143 09533
25101 39150 09033 20250 51958 09538 15430 67757 10548
10662 84157 09052 88107 84150 09564 77999 31313 73508
82330=

NNNNN

UKID54 WAAA 220000
TTBB  72008 97180 00012 23608 11003 22812 22971 23020 33941
21822 44908 21856 55828 16219 66665 07636 77567 00007 88471
06733 99426 10746 11392 15917 22377 16738 33290 31133 44279
33127 55273 34156 66233 43156 77210 49161 88179 58156 99107
84150 11100 84157 21212 00012 00000 11978 04002 22945 29508
33913 25016 44689 24022 55595 24516 66552 25003 77532 10004
88493 07009 99474 09506 11439 10008 22406 07520 33346 09028
44319 09532 55206 09538 66155 11045 77140 10550 31313 73508
82330 41414 43572=

NNNNN

ULID54 WAAA 220000
TTCC  72002 97180 70865 78558 22505 50062 69958 16512
30372 66357 21518 20623 54960 06016 88999 77999 31313
73508 82330=

NNNNN

UEID54 WAAA 220000
TTDD  7200/ 97180 11934 83556 22916 79760 33887 75961 44783
78557 55665 77958 66627 74960 77592 76157 88578 75958 99549
68962 11497 70158 22459 66160 33441 68158 44390 64560 55354
63559 66305 66357 77277 66557 88221 56760 99131 53363 11121
51365 21212 11969 10049 22918 09029 33871 01018 44827 30028
55785 28532 66707 23506 77670 12002 88636 19508 99604 19520
11573 17004 22545 32002 33519 17513 44493 16009 55469 21002
66446 04504 77425 02512 88404 32023 99366 26020 11316 25023
22301 21519 33286 21514 44259 14012 55214 06517 66186 07015
77169 05031 88162 05530 99154 09036 11128 08548 22121 08057
31313 73508 82330=

NNNNN

UPID54 WAAA 220000
PPAA  72008 97180 55385 24020 23524 06507 55340 07521
09533 09033 55320 09538 10548 09052 77999=

NNNNN

UGID54 WAAA 220000
PPBB  72008 97180 90/12 00000 04002 29508 903// 25016 91157
24022 24516 25003 918// 10004 92013 07009 09506 10008 9259/
07520 09028 931// 09532 94179 09538 11045 10550=

NNNNN

UHID54 WAAA 220000
PPCC  72008 97180 55370 22505 16512 21518 55120 06016
77999=

NNNNN

UQID54 WAAA 220000
PPDD  72008 97180 95678 10049 09029 01018 959// 30028 96023
28532 23506 12002 96456 19508 19520 17004 96789 32002 17513
16009 97012 21002 04504 02512 97358 32023 26020 25023 979//
21519 98026 21514 14012 06517 989// 07015 99123 05031 05530
09036 9978/ 08548 08057=

NNNNN
