USID54 WAAA 130000
TTAA  63001 97180 99009 25011 13502 00089 25645 11509
92772 22824 24008 85508 18436 26013 70152 09011 13003
50587 04556 05512 40760 14556 09012 30972 29956 08515
25099 39750 09513 20247 52745 09019 15426 66159 07011
10663 81157 15015 88999 77999 31313 73508 82330=

NNNNN

UKID54 WAAA 130000
TTBB  63008 97180 00009 25011 11004 25031 22979 25844 33873
19222 44811 16647 55693 08207 66669 08640 77626 04013 88554
00050 99535 01557 11517 03143 22484 05359 33463 07557 44462
07748 55457 08159 66445 09159 77435 10737 88426 11558 99408
13557 11402 14357 22399 14739 33390 15727 44377 17757 55333
24746 66302 29756 77285 32362 88273 34563 99260 37556 11206
50940 22176 60145 33160 65557 44142 67360 55100 81157 21212
00009 13502 11976 11005 22943 24508 33851 26013 44821 25011
55793 23509 66765 30001 77739 15007 88713 22003 99688 08006
11663 12008 22639 13006 33594 04504 44572 07506 55531 06513
66439 04511 77345 10519 88292 07013 99268 10515 11170 08525
22162 08531 33154 09520 44147 06507 55140 26007 66133 25516
77114 21013 88102 15017 31313 73508 82330 41414 43472=

NNNNN

ULID54 WAAA 130000
TTCC  63002 97180 70862 75160 20004 50060 69164 26531
30368 63783 15010 20621 54785 02013 88847 86544 12520
88468 72363 26521 77999 31313 73508 82330=

NNNNN

UEID54 WAAA 130000
TTDD  6300/ 97180 11847 86544 22755 81357 33685 73361 44587
73161 55541 71163 66529 67766 77468 72363 88426 67168 99364
68370 11309 65581 22286 60184 33231 60384 44217 60784 55196
53185 66170 52586 77139 55985 21212 11971 18010 22920 18017
33781 10014 44702 19504 55667 31517 66634 29531 77572 28527
88492 26027 99445 27525 11402 24534 22364 20028 33314 14516
44299 15009 55285 06005 66271 05515 77259 09519 88235 02011
99224 34013 11214 02023 22204 36009 33186 08014 44169 02517
55161 06015 66154 08009 77147 11513 88139 12025 31313 73508
82330=

NNNNN

UPID54 WAAA 130000
PPAA  63008 97180 55385 26013 13003 05512 55340 09012
08515 09513 55320 09019 07011 15015 77999=

NNNNN

UGID54 WAAA 130000
PPBB  63008 97180 90/12 13502 11005 24508 90567 26013 25011
23509 9089/ 30001 15007 91012 22003 08006 12008 91356 13006
04504 07506 918// 06513 9239/ 04511 10519 9335/ 07013 10515
94567 08525 08531 09520 9489/ 06507 26007 95035 25516 21013
15017=

NNNNN

UHID54 WAAA 130000
PPCC  63008 97180 55370 20004 26531 15010 55120 02013
77999=

NNNNN

UQID54 WAAA 130000
PPDD  63008 97180 9567/ 18010 18017 96023 10014 19504 31517
96469 29531 28527 26027 97135 27525 24534 20028 9789/ 14516
15009 98012 06005 05515 09519 98456 02011 34013 02023 9879/
36009 08014 99123 02517 06015 08009 9945/ 11513 12025=

NNNNN
