USID53 WADD 030000
TTAA  53001 97230 99008 27042 06002 00082 27243 04003
92767 22818 10012 85507 18220 08512 70158 10457 07514
50590 03166 18007 40762 14967 19019 30974 29175 15510
25101 39967 09513 20250 51771 09510 15430 66558 08023
10666 79760 11542 88999 77999 31313 73508 82329=

NNNNN

UKID53 WADD 030000
TTBB  53008 97230 00008 27042 11993 27441 22910 21614 33755
13446 44735 13061 55725 12256 66692 10460 77667 09060 88652
07850 99623 05456 11613 04422 22600 03650 33597 04064 44576
02458 55533 00064 66513 01770 77478 05570 88448 09360 99390
15773 11365 18575 22226 45175 33190 54568 44169 60358 55143
69158 66119 75959 77100 79760 21212 00008 06002 11943 09510
22793 08515 33766 10015 44688 06012 55617 07504 66595 19504
77552 23008 88513 18509 99457 19014 11440 17515 22406 19518
33391 17018 44375 20514 55361 22002 66346 15002 77319 14508
88306 17010 99281 14009 11269 12509 22258 11011 33236 08013
44226 07506 55216 08508 66206 08010 77197 09509 88188 06015
99140 07525 11127 10049 22114 09044 33103 11539 31313 73508
82329 41414 22401=

NNNNN

ULID53 WADD 030000
TTCC  53001 97230 70868 72166 33508 50068 67176 31020
30379 61183 14509 20632 57184 08036 10087 47587 08549
88863 84959 09537 77999 31313 73508 82329=

NNNNN

UEID53 WADD 030000
TTDD  5300/ 97230 11863 84959 22729 72765 33506 67376 44454
68177 55413 64982 66367 66382 77310 61383 88268 62183 99206
57784 11192 56185 22171 48587 33099 48587 21212 11976 11548
22925 10549 33830 09027 44787 06017 55748 08030 66710 01008
77675 24505 88642 24503 99610 20507 11580 11510 22524 02012
33499 31020 44430 17014 55409 15010 66389 12009 77371 24512
88336 17509 99320 14514 11290 15014 22263 11034 33251 12027
44239 10025 55228 09536 66172 08042 77164 09050 88157 08547
99137 07548 11131 08553 22125 07546 33119 08047 44114 08553
55099 08551 31313 73508 82329=

NNNNN

UPID53 WADD 030000
PPAA  53008 97230 55385 08512 07514 18007 55340 19019
15510 09513 55320 09510 08023 11542 77999=

NNNNN

UGID53 WADD 030000
PPBB  53008 97230 90/27 06002 09510 08515 908// 10015 91145
06012 07504 19504 9179/ 23008 18509 92235 19014 17515 19518
92678 17018 20514 22002 929// 15002 93124 14508 17010 14009
93568 12509 11011 08013 939// 07506 94012 08508 08010 09509
9439/ 06015 07525 95135 10049 09044 11539=

NNNNN

UHID53 WADD 030000
PPCC  53008 97230 55370 33508 31020 14509 55220 08036
08549 77999=

NNNNN

UQID53 WADD 030000
PPDD  53008 97230 95679 11548 10549 09027 96012 06017 08030
01008 96345 24505 24503 20507 96689 11510 02012 31020 97234
17014 15010 12009 97578 24512 17509 14514 98023 15014 11034
12027 9845/ 10025 09536 99123 08042 09050 08547 99678 07548
08553 07546 999// 08047 1003/ 08553 08551=

NNNNN
