USID53 WADD 200000
TTAA  70001 97230 99011 28645 27010 00105 28247 26017
92793 22215 24521 85528 18233 23532 70172 10039 20030
50589 04162 24012 40763 14731 29515 30974 29359 36016
25102 39759 03014 20250 52361 08019 15429 67750 04537
10662 80158 10012 88106 82557 07040 77999 31313 73508
82330=

NNNNN

UKID53 WADD 200000
TTBB  70008 97230 00011 28645 11927 22212 22822 16426 33808
16256 44740 11824 55665 07633 66632 06458 77600 03256 88552
00061 99545 00961 11536 02337 22527 03132 33520 02958 44502
04161 55496 04761 66491 05357 77490 05350 88484 05559 99474
06940 11432 10348 22393 15529 33309 27957 44292 30562 55229
45158 66222 46961 77170 61159 88155 65950 99106 82557 11100
80158 21212 00011 27010 11883 24027 22853 23531 33665 19029
44618 18521 55574 19014 66553 22507 77512 23006 88475 27515
99440 26012 11407 30015 22375 31015 33346 35512 44333 03010
55306 36014 66226 05015 77197 08523 88179 07029 99171 06529
11163 05534 22133 05542 33126 06548 44120 07052 55108 06546
31313 73508 82330 41414 22431=

NNNNN

ULID53 WADD 200000
TTCC  70002 97230 70863 76561 18019 50059 72371 03509
30368 62983 11019 20622 58184 08532 88872 84556 15530
88180 61383 08036 77139 07570 31313 73508 82330=

NNNNN

UEID53 WADD 200000
TTDD  7000/ 97230 11872 84556 22834 81559 33782 82757 44732
77161 55570 72569 66520 74569 77447 66178 88364 67182 99328
63583 11284 63383 22263 61783 33240 55985 44219 55585 55180
61383 66166 59384 77141 50386 88134 45388 21212 11970 13513
22919 16020 33870 15530 44825 23515 55741 21007 66704 18518
77668 16510 88634 02508 99603 31010 11573 21007 22544 14014
33516 18003 44491 03013 55467 04518 66444 35513 77423 30023
88364 24512 99346 28504 11330 13006 22314 14027 33271 09520
44258 10032 55246 06026 66235 04032 77214 06521 88204 08033
99185 09032 11168 07040 22153 08546 33139 07570 31313 73508
82330=

NNNNN

UPID53 WADD 200000
PPAA  70008 97230 55385 23532 20030 24012 55340 29515
36016 03014 55320 08019 04537 10012 77999=

NNNNN

UGID53 WADD 200000
PPBB  70008 97230 90/45 27010 24027 23531 91246 19029 18521
19014 9179/ 22507 23006 92135 27515 26012 30015 9279/ 31015
35512 93029 03010 36014 05015 94245 08523 07029 06529 946//
05534 95012 05542 06548 07052 954// 06546=

NNNNN

UHID53 WADD 200000
PPCC  70008 97230 55370 18019 03509 11019 55120 08532
62852 07570=

NNNNN

UQID53 WADD 200000
PPDD  70008 97230 95678 13513 16020 15530 959// 23515 96123
21007 18518 16510 96456 02508 31010 21007 96789 14014 18003
03013 97012 04518 35513 30023 97567 24512 28504 13006 978//
14027 98123 09520 10032 06026 98467 04032 06521 08033 989//
09032 99135 07040 08546 07570=

NNNNN
