USID53 WADD 260000
TTAA  76001 97230 99006 27234 06006 00064 27638 01007
92747 23434 26014 85484 19018 31005 70130 11659 26527
50586 05120 23515 40760 14156 09511 30971 29750 07513
25099 39339 08535 20247 52356 09537 15426 67957 10051
10660 74562 07034 88115 79950 09061 77999 31313 73508
82329=

NNNNN

UKID53 WADD 260000
TTBB  76008 97230 00006 27234 11995 28047 22861 19007 33784
16456 44745 13444 55715 12461 66697 11256 77663 08848 88632
07462 99557 00061 11550 00756 22529 02158 33500 05120 44479
07905 55470 08705 66462 08127 77449 08356 88353 20930 99269
35137 11204 51356 22115 79950 33109 80157 44100 74562 21212
00006 06006 11974 30002 22941 26511 33909 26508 44878 32003
55819 27013 66711 26527 77686 25529 88662 26023 99572 26523
11473 24013 22455 23508 33438 32502 44421 06506 55405 09011
66345 12010 77305 07013 88280 08021 99257 08534 11162 11047
22147 10053 33107 08054 31313 73508 82329 41414 42432=

NNNNN

ULID53 WADD 260000
TTCC  76002 97230 70866 78161 04006 50063 67772 23510
30373 62383 10516 20627 57784 10532 88775 79761 10009
66111 09584 77135 09569 31313 73508 82329=

NNNNN

UEID53 WADD 260000
TTDD  7600/ 97230 11775 79761 22642 77561 33585 70368 44508
67372 55448 70973 66360 62783 77250 61183 88215 56984 99180
58784 11111 45587 21212 11968 07525 22919 12515 33828 15025
44785 11013 55745 01509 66707 03007 77671 29003 88605 07507
99575 08005 11547 18507 22495 23511 33447 21010 44425 32004
55405 11008 66385 19504 77366 15008 88333 08516 99302 10516
11287 07025 22261 07026 33249 06533 44226 06024 55215 10034
66205 10027 77196 10537 88170 07545 99154 09540 11148 09558
22141 09564 33135 09569 44111 09584 31313 73508 82329=

NNNNN

UPID53 WADD 260000
PPAA  76008 97230 55385 31005 26527 23515 55340 09511
07513 08535 55320 09537 10051 07034 77999=

NNNNN

UGID53 WADD 260000
PPBB  76008 97230 90/12 06006 30002 26511 90346 26508 32003
27013 91012 26527 25529 26023 916// 26523 92123 24013 23508
32502 92459 06506 09011 12010 93246 07013 08021 08534 9468/
11047 10053 954// 08054=

NNNNN

UHID53 WADD 260000
PPCC  76008 97230 55370 04006 23510 10516 55120 10532
63009 09584 72878 09569=

NNNNN

UQID53 WADD 260000
PPDD  76008 97230 95679 07525 12515 15025 96012 11013 01509
03007 96345 29003 19008 07507 96679 08005 18507 23511 97123
21010 32004 11008 97457 19504 15008 08516 979// 10516 98023
07025 07026 06533 98567 06024 10034 10027 988// 10537 99134
07545 09540 09558 9956/ 09564 09569 100// 09584=

NNNNN
