USID53 WATT 040000
TTAA  54001 97372 99998 28856 14004 00084 ///// /////
92770 24457 09015 85505 21063 09522 70158 12070 08024
50589 03959 07018 40761 14171 06009 30973 29368 07518
25100 38977 03522 20249 51762 05025 15429 66958 07028
10663 83356 06535 88999 77999 31313 73508 82329=

NNNNN

UKID53 WATT 040000
TTBB  54008 97372 00998 28856 11961 25648 22832 20267 33806
17860 44768 15462 55760 15671 66751 15064 77744 15271 88615
05272 99593 03264 11551 00078 22546 00564 33521 01763 44484
06357 55463 08364 66442 11161 77428 12167 88399 14371 99384
16364 11358 19968 22352 20962 33300 29368 44270 35563 55266
35971 66233 42974 77198 52561 88190 54764 99173 59558 11160
63560 22145 68957 33121 75959 44100 83356 21212 00998 14004
11976 11010 22881 09514 33850 09522 44822 08536 55739 08533
66688 08526 77640 09529 88617 10034 99532 09019 11474 05512
22422 07002 33406 07509 44375 03014 55360 01009 66346 03513
77293 07016 88281 05014 99269 05514 11257 03019 22188 04524
33147 08026 44140 09529 31313 73508 82329 41414 11501=

NNNNN

ULID53 WATT 040000
TTCC  54005 97372 70864 73165 11517 50064 67582 19008
88904 86739 10032 77999 31313 73508 82329=

NNNNN

UEID53 WATT 040000
TTDD  5400/ 97372 11904 86739 22887 83957 33838 83356 44774
78959 55752 74163 66659 73167 77596 68773 88451 68382 99410
64183 11346 63383 21212 11970 07532 22919 09530 33870 08529
44824 11523 55782 11039 66742 06520 77705 11515 88670 09025
99605 10011 11575 07515 22547 03506 33520 27510 44495 17009
55471 14014 66448 08508 77426 07513 88406 04014 99387 06506
11368 13508 22351 13016 31313 73508 82329=

NNNNN

UPID53 WATT 040000
PPAA  54008 97372 55385 09522 08024 07018 55340 06009
07518 03522 55320 05025 07028 06535 77999=

NNNNN

UGID53 WATT 040000
PPBB  54008 97372 90/14 14004 11010 09514 90569 09522 08536
08533 91134 08526 09529 10034 918// 09019 92145 05512 07002
07509 92789 03014 01009 03513 93345 07016 05014 05514 936//
03019 94389 04524 08026 09529=

NNNNN

UHID53 WATT 040000
PPCC  54008 97372 55270 11517 19008 77999=

NNNNN

UQID53 WATT 040000
PPDD  54008 97372 95678 07532 09530 08529 959// 11523 96012
11039 06520 11515 96356 09025 10011 07515 96789 03506 27510
17009 97012 14014 08508 07513 97345 04014 06506 13508 976//
13016=

NNNNN
