USID53 WATT 260000
TTAA  76001 97372 99995 26007 34008 00057 ///// /////
92745 22208 29522 85479 18008 26031 70117 10024 27517
50585 03515 35006 40758 13133 02016 30972 27949 12505
25100 37959 14513 20249 51356 09524 15430 66956 09539
10662 84548 08533 88999 77999 31313 73508 82329=

NNNNN

UKID53 WATT 260000
TTBB  76008 97372 00995 26007 11885 20607 22807 14625 33675
08825 44564 02243 55541 00033 66501 03516 77446 08320 88438
08749 99409 11921 11362 17759 22320 24543 33275 32559 44249
38159 55228 43740 66177 57762 77148 67556 88138 71358 99120
78147 11100 84548 21212 00995 34008 11973 32517 22877 27526
33848 26031 44818 27530 55790 27029 66637 26013 77614 28514
88592 26512 99570 25514 11529 18506 22510 31002 33491 33008
44472 00507 55455 35016 66437 36013 77389 02011 88374 36010
99359 02010 11345 01509 22305 09006 33292 16507 44280 13008
55269 15013 66257 15513 77216 08518 88179 10026 99171 10032
11140 09533 22114 11037 31313 73508 82329 41414 58422=

NNNNN

ULID53 WATT 260000
TTCC  76003 97372 70863 73763 05507 50062 69368 13512
30373 61169 10018 88977 85342 08036 77999 31313 73508
82329=

NNNNN

UEID53 WATT 260000
TTDD  7600/ 97372 11977 85342 22921 85350 33880 78959 44781
80558 55717 77360 66696 73164 77596 74364 88583 71367 99455
69766 11413 64370 22369 66968 33329 59771 44313 61567 55276
60168 21212 11968 08035 22917 11040 33825 10545 44782 08532
55742 04020 66704 06006 77669 32012 88604 22515 99573 13008
11545 16512 22518 13515 33493 10507 44469 14010 55446 09518
66424 09518 77404 05509 88385 04511 99287 11017 31313 73508
82329=

NNNNN

UPID53 WATT 260000
PPAA  76008 97372 55385 26031 27517 35006 55340 02016
12505 14513 55320 09524 09539 08533 77999=

NNNNN

UGID53 WATT 260000
PPBB  76008 97372 90/14 34008 32517 27526 90567 26031 27530
27029 91345 26013 28514 26512 91689 25514 18506 31002 92012
33008 00507 35016 92367 36013 02011 36010 9289/ 02010 01509
93234 09006 16507 13008 9356/ 15013 15513 94045 08518 10026
10032 949// 09533 953// 11037=

NNNNN

UHID53 WATT 260000
PPCC  76008 97372 55370 05507 13512 10018 77999=

NNNNN

UQID53 WATT 260000
PPDD  76008 97372 95679 08035 11040 10545 96012 08532 04020
06006 96356 32012 22515 13008 96789 16512 13515 10507 97012
14010 09518 09518 9734/ 05509 04511 980// 11017=

NNNNN
