USID53 WATT 030000
TTAA  53001 97372 99000 25233 08006 00098 ///// /////
92784 22049 19015 85512 16657 16514 70153 11864 27518
50589 03758 25508 40762 14949 23504 30973 28967 13508
25101 39562 07513 20249 52957 07527 15428 67760 08039
10661 83757 09530 88999 77999 31313 73508 82330=

NNNNN

UKID53 WATT 030000
TTBB  53008 97372 00000 25233 11986 26257 22893 19233 33828
16062 44797 16271 55770 15877 66745 13666 77732 12256 88725
11858 99718 11450 11705 11662 22687 11862 33672 09857 44545
00260 55543 00060 66525 01756 77517 02360 88503 03557 99496
04160 11488 05156 22434 10550 33421 11758 44390 16537 55376
18331 66352 19960 77349 19969 88319 25562 99298 29168 11201
52757 22185 56762 33143 69763 44100 83757 21212 00000 08006
11978 20510 22851 16514 33821 21011 44640 29017 55595 28011
66552 29009 77390 23006 88375 18009 99360 16511 11346 12006
22319 08004 33306 13006 44293 13511 55258 07516 66197 07528
77188 07032 88120 07545 99114 07049 11102 09028 31313 73508
82330 41414 31401=

NNNNN

ULID53 WATT 030000
TTCC  53002 97372 70862 77760 27008 50059 69368 31015
30371 62575 11024 20626 54778 08548 88994 84156 10033
77999 31313 73508 82330=

NNNNN

UEID53 WATT 030000
TTDD  5300/ 97372 11994 84156 22935 81359 33849 82757 44709
78959 55651 75962 66638 71766 77586 74164 88442 64772 99310
63573 11210 54782 22184 55980 33151 51983 44132 46590 21212
11967 10041 22869 11525 33781 06514 44741 06006 55703 26507
66667 05505 77633 07505 88602 30007 99572 26007 11543 07505
22517 35511 33467 31512 44444 01502 55423 15013 66403 02505
77365 04012 88348 07004 99331 12508 11315 13015 22286 12027
33273 12030 44248 11028 55236 08026 66196 08549 77178 08549
88170 09550 99135 09066 31313 73508 82330=

NNNNN

UPID53 WATT 030000
PPAA  53008 97372 55385 16514 27518 25508 55340 23504
13508 07513 55320 07527 08039 09530 77999=

NNNNN

UGID53 WATT 030000
PPBB  53008 97372 90/15 08006 20510 16514 906// 21011 91357
29017 28011 29009 92678 23006 18009 16511 929// 12006 93123
08004 13006 13511 936// 07516 9423/ 07528 07032 95235 07545
07049 09028=

NNNNN

UHID53 WATT 030000
PPCC  53008 97372 55370 27008 31015 11024 55120 08548
77999=

NNNNN

UQID53 WATT 030000
PPDD  53008 97372 9568/ 10041 11525 96012 06514 06006 26507
96345 05505 07505 30007 96678 26007 07505 35511 97012 31512
01502 15013 97356 02505 04012 07004 9778/ 12508 13015 98013
12027 12030 11028 9848/ 08026 08549 99016 08549 09550 09066=

NNNNN
