USID53 WATT 050000
TTAA  55001 97372 99999 26842 11002 00094 ///// /////
92780 22056 26503 85505 18050 33010 70146 10256 30508
50589 03172 10004 40762 14958 09013 30974 28965 09027
25101 40342 05520 20250 52363 03514 15429 68359 07526
10663 81558 06526 88106 82756 07039 77999 31313 73508
82330=

NNNNN

UKID53 WATT 050000
TTBB  55008 97372 00999 26842 11997 26246 22881 18624 33821
16459 44793 14456 55739 12860 66694 09850 77670 08257 88643
07870 99623 07467 11603 05661 22558 02678 33528 00074 44485
05172 55439 08964 66402 14559 77395 15556 88380 15960 99364
18358 11333 22767 22299 29166 33260 37750 44232 44550 55218
47360 66185 56766 77106 82756 88100 81558 21212 00999 11002
11977 05004 22944 05504 33912 28501 44881 35009 55851 33510
66821 29506 77793 26510 88765 27010 99739 28009 11687 29507
22663 30510 33639 30006 44616 25509 55573 30505 66552 00000
77532 19505 88512 09503 99493 10502 11474 10005 22439 12511
33422 12009 44391 07016 55346 06021 66306 09024 77269 08524
88236 04018 99179 03516 11155 08023 22147 07527 33140 07032
44120 06040 55114 06528 66108 07033 77102 06032 31313 73508
82330 41414 11501=

NNNNN

ULID53 WATT 050000
TTCC  55003 97372 70864 78161 13012 50061 72968 31015
30371 62182 12004 88999 77999 31313 73508 82330=

NNNNN

UEID53 WATT 050000
TTDD  5500/ 97372 11941 82957 22887 78960 33774 80759 44702
78361 55658 73764 66623 73964 77601 70768 88504 72968 99435
70370 11379 62778 22297 62781 33221 55185 21212 11969 08024
22918 08030 33871 08014 44826 11004 55743 09512 66669 13020
77635 07509 88604 14506 99574 09009 11545 27505 22493 31519
33469 25010 44445 21506 55424 09005 66403 08512 77365 09517
88348 04005 99331 14005 11316 10006 22286 15008 33273 10018
44248 09528 55226 09030 31313 73508 82330=

NNNNN

UPID53 WATT 050000
PPAA  55008 97372 55385 33010 30508 10004 55340 09013
09027 05520 55320 03514 07526 06526 77999=

NNNNN

UGID53 WATT 050000
PPBB  55008 97372 90/12 11002 05004 05504 90345 28501 35009
33510 90678 29506 26510 27010 909// 28009 91123 29507 30510
30006 91467 25509 30505 00000 9189/ 19505 09503 92013 10502
10005 12511 92469 12009 07016 06021 93258 09024 08524 04018
94478 03516 08023 07527 949// 07032 95234 06040 06528 07033
955// 06032=

NNNNN

UHID53 WATT 050000
PPCC  55008 97372 55370 13012 31015 12004 77999=

NNNNN

UQID53 WATT 050000
PPDD  55008 97372 95678 08024 08030 08014 959// 11004 96134
09512 13020 07509 96567 14506 09009 27505 969// 31519 97012
25010 21506 09005 97356 08512 09517 04005 9778/ 14005 10006
98013 15008 10018 09528 985// 09030=

NNNNN
