USID53 WATT 030000
TTAA  53001 97372 99997 28813 11008 00072 ///// /////
92762 24458 08521 85495 21870 10027 70148 12080 07518
50589 03966 06014 40761 15573 04509 30973 29371 06013
25100 40161 06518 20249 51762 05528 15429 66961 08025
10663 81358 11555 88999 77999 31313 73508 82329=

NNNNN

UKID53 WATT 030000
TTBB  53008 97372 00997 28813 11995 28438 22946 24638 33853
21869 44827 19462 55809 18472 66777 16276 77767 15265 88741
13064 99732 13480 11634 08499 22613 07064 33543 00060 44382
17771 55351 20780 66320 25175 77289 31963 88282 33162 99279
33367 11247 40760 22226 45360 33218 47166 44185 56159 55155
65361 66119 77357 77100 81358 21212 00997 11008 11975 10514
22910 09024 33850 10027 44821 10533 55765 08520 66713 07515
77663 09519 88552 09514 99493 06012 11456 03506 22439 10505
33406 05009 44390 04514 55375 05010 66360 09504 77346 11005
88332 06012 99236 06016 11188 06526 22155 08523 33147 08026
44140 09534 55108 11043 31313 73508 82329 41414 11511=

NNNNN

ULID53 WATT 030000
TTCC  53002 97372 70864 76364 07023 50065 65582 31515
30376 63183 11519 20627 54585 08038 88967 82558 10552
77999 31313 73508 82329=

NNNNN

UEID53 WATT 030000
TTDD  5300/ 97372 11967 82558 22850 82959 33794 79960 44781
76763 55716 77362 66578 71171 77537 63979 88443 66582 99299
63183 11279 64982 22250 63183 33212 55985 44177 53585 55162
49786 66124 49386 21212 11971 10552 22920 08540 33826 08031
44784 10529 55743 08037 66705 07026 77670 10017 88636 07009
99604 10512 11574 11014 22547 07512 33520 33514 44472 28513
55406 16520 66368 11016 77334 09521 88318 09013 99303 13019
11288 10017 22261 10533 33249 11027 44226 10036 55205 09039
66187 09041 77179 09050 88163 09047 99155 08049 11149 08546
22142 08548 33136 07552 44130 08052 31313 73508 82329=

NNNNN

UPID53 WATT 030000
PPAA  53008 97372 55385 10027 07518 06014 55340 04509
06013 06518 55320 05528 08025 11555 77999=

NNNNN

UGID53 WATT 030000
PPBB  53008 97372 90/13 11008 10514 09024 90568 10027 10533
08520 91027 07515 09519 09514 92023 06012 03506 10505 92567
05009 04514 05010 9289/ 09504 11005 9308/ 06012 06016 94378
06526 08523 08026 949// 09534 954// 11043=

NNNNN

UHID53 WATT 030000
PPCC  53008 97372 55370 07023 31515 11519 55120 08038
77999=

NNNNN

UQID53 WATT 030000
PPDD  53008 97372 95679 10552 08540 08031 96012 10529 08037
07026 96345 10017 07009 10512 96678 11014 07512 33514 97035
28513 16520 11016 97789 09521 09013 13019 98023 10017 10533
11027 98579 10036 09039 09041 99023 09050 09047 08049 99456
08546 08548 07552 997// 08052=

NNNNN
