USID53 WATT 300000
TTAA  80001 97372 99998 27825 01008 00079 ///// /////
92767 22623 34020 85498 18210 33516 70152 11850 27509
50590 04150 34005 40763 13563 02512 30975 28969 04020
25103 39562 06529 20251 51159 08042 15432 66161 09534
10665 86539 09534 88999 77999 31313 73508 82330=

NNNNN

UKID53 WATT 300000
TTBB  80008 97372 00998 27825 11911 21619 22826 16615 33811
18050 44781 17257 55723 12646 66642 08450 77602 04020 88549
00036 99537 00250 11510 03145 22489 05356 33484 05760 44475
06547 55467 06362 66452 08357 77387 14765 88311 26971 99263
36570 11257 37962 22244 40569 33224 45558 44167 60762 55141
69161 66100 86539 21212 00998 01008 11976 35513 22765 29512
33713 28512 44688 28007 55663 26010 66617 28512 77552 29513
88532 35505 99493 32505 11475 34504 22457 00507 33440 03515
44423 04513 55391 03009 66347 11007 77333 07511 88319 04018
99270 06026 11247 07031 22109 10536 31313 73508 82330 41414
58431=

NNNNN

ULID53 WATT 300000
TTCC  80002 97372 70863 75361 11508 50060 68572 05515
30371 61383 08021 20624 54785 09524 88882 90541 10018
77999 31313 73508 82330=

NNNNN

UEID53 WATT 300000
TTDD  8000/ 97372 11882 90541 22840 85158 33802 82957 44730
74561 55606 77563 66569 68970 77527 70369 88479 67373 99401
69972 11381 67575 22373 63778 33350 64777 44282 59384 55241
61583 66138 44994 21212 11973 09532 22872 11022 33824 08543
44781 11521 55741 13528 66704 11009 77668 23002 88634 05504
99602 06519 11572 05512 22544 11012 33518 10516 44492 04513
55468 03006 66445 10006 77424 12508 88403 10512 99383 07512
11347 10512 22331 09022 33273 09025 44260 07516 55236 09526
66225 08017 77214 12013 88195 10025 99178 11023 11170 11037
22148 09546 33142 09557 31313 73508 82330=

NNNNN

UPID53 WATT 300000
PPAA  80008 97372 55385 33516 27509 34005 55340 02512
04020 06529 55320 08042 09534 09534 77999=

NNNNN

UGID53 WATT 300000
PPBB  80008 97372 90/18 01008 35513 29512 91012 28512 28007
26010 91478 28512 29513 35505 92012 32505 34504 00507 92346
03515 04513 03009 929// 11007 93015 07511 04018 06026 937//
07031 954// 10536=

NNNNN

UHID53 WATT 300000
PPCC  80008 97372 55370 11508 05515 08021 55120 09524
77999=

NNNNN

UQID53 WATT 300000
PPDD  80008 97372 95689 09532 11022 08543 96012 11521 13528
11009 96345 23002 05504 06519 96678 05512 11012 10516 969//
04513 97012 03006 10006 12508 97346 10512 07512 10512 977//
09022 98124 09025 07516 09526 98568 08017 12013 10025 99014
11023 11037 09546 995// 09557=

NNNNN
