USID53 WATC 050000
TTAA  55001 97300 99007 29850 00000 00097 27439 00001
92784 23032 15507 85521 18850 12508 70170 11860 09505
50590 04760 10517 40762 13964 06023 30975 28973 06009
25102 39568 09012 20250 51959 07021 15431 67160 06518
10664 82956 10525 88102 83744 08518 77999 31313 73508
82329=

NNNNN

UKID53 WATC 050000
TTBB  55008 97300 00007 29850 11006 27844 22861 18825 33843
19260 44817 16839 55785 16059 66764 14256 77713 12462 88647
08462 99639 07459 11622 06667 22607 05263 33603 05669 44578
02658 55568 01657 66559 01063 77547 00060 88537 00959 99529
01567 11508 03767 22492 05756 33483 06950 44479 07159 55472
07960 66466 08737 77454 09756 88437 10925 99411 13150 11409
12760 22398 14164 33369 18559 44361 18765 55320 25571 66300
28973 77294 30173 88288 31360 99281 32559 11278 33165 22266
35570 33241 41963 44234 43573 55227 45372 66222 46367 77219
46959 88214 48556 99208 49949 11198 52361 22184 56164 33170
60559 44151 66960 55102 83744 66100 82956 21212 00007 00000
11977 23503 22945 16005 33852 12507 44794 24503 55767 20503
66740 01005 77689 10004 88665 12510 99618 08013 11596 09009
22553 09514 33440 08521 44346 04016 55293 08512 66281 11514
77270 11008 88247 08515 99206 08524 11171 04524 22133 06520
33108 06526 31313 73508 82329 41414 22431=

NNNNN

ULID53 WATC 050000
TTCC  55002 97300 70868 74366 07013 50065 72372 11021
30378 62983 19502 20632 56185 11019 88316 65582 35013
77999 31313 73508 82329=

NNNNN

UEID53 WATC 050000
TTDD  5500/ 97300 11935 84350 22815 76162 33784 76961 44757
73765 55717 75564 66647 71969 77541 74170 88503 72372 99478
66177 11378 61383 22316 65582 33275 59784 44165 54185 55146
50186 66128 49986 21212 11972 12031 22829 09522 33787 02005
44747 06005 55674 06012 66640 36010 77608 33006 88578 19009
99549 20008 11522 14518 22472 03511 33449 27006 44428 18012
55407 14010 66388 10509 77352 01013 88335 03507 99319 36013
11304 30505 22289 10014 33239 12019 44228 14516 55217 11525
66207 13519 77198 10519 88189 10530 99180 08537 11172 07522
22156 08030 33149 09036 44143 09050 55136 08554 66130 08548
31313 73508 82329=

NNNNN

UPID53 WATC 050000
PPAA  55008 97300 55385 12508 09505 10517 55340 06023
06009 09012 55320 07021 06518 10525 77999=

NNNNN

UGID53 WATC 050000
PPBB  55008 97300 90/12 00000 23503 16005 90578 12507 24503
20503 909// 01005 91124 10004 12510 08013 9157/ 09009 09514
9239/ 08521 04016 93345 08512 11514 11008 937// 08515 9415/
08524 04524 9504/ 06520 06526=

NNNNN

UHID53 WATC 050000
PPCC  55008 97300 55370 07013 11021 19502 55120 11019
77999=

NNNNN

UQID53 WATC 050000
PPDD  55008 97300 9569/ 12031 09522 96013 02005 06005 06012
96456 36010 33006 19009 9678/ 20008 14518 97012 03511 27006
18012 97346 14010 10509 01013 97789 03507 36013 30505 98045
10014 12019 14516 98678 11525 13519 10519 989// 10530 99013
08537 07522 08030 99456 09036 09050 08554 997// 08548=

NNNNN
