USID53 WATT 070000
TTAA  57001 97372 99998 28433 19002 00085 ///// /////
92772 23429 26005 85509 19256 09011 70151 09858 09030
50587 04167 20504 40760 14578 02502 30972 29168 28008
25099 39768 32013 20248 51557 33521 15428 67558 32516
10661 82758 12026 88999 77999 31313 73508 82329=

NNNNN

UKID53 WATT 070000
TTBB  57008 97372 00998 28433 11870 20657 22833 17640 33809
17059 44798 16246 55768 15463 66698 09457 77641 06469 88634
05663 99622 05070 11575 00047 22573 00861 33566 01680 44544
00074 55471 07371 66430 12561 77413 13772 88386 14981 99263
36768 11244 40568 22232 43560 33228 44556 44189 54759 55136
72159 66100 82758 21212 00998 19002 11944 29006 22881 15003
33851 09011 44766 09027 55713 08532 66639 09521 77594 06013
88551 04506 99531 35507 11511 30506 22492 18504 33438 15506
44405 04504 55389 32502 66359 24004 77331 21509 88305 28507
99292 29509 11280 32011 22170 33022 33140 32512 44133 34509
55126 03003 66120 08511 77108 11525 88102 12528 31313 73508
82329 41414 11401=

NNNNN

ULID53 WATT 070000
TTCC  57003 97372 70864 71365 08015 50062 70369 12010
30372 64378 07017 88991 83157 11524 77999 31313 73508
82329=

NNNNN

UEID53 WATT 070000
TTDD  5700/ 97372 11991 83157 22852 83956 33830 83357 44811
78561 55723 71964 66579 72967 77499 70369 88482 67172 99391
64576 11367 66175 22332 63178 33312 64777 44273 63578 55260
59982 66218 58383 21212 11967 09517 22868 15526 33781 04525
44741 05009 55704 09015 66670 02008 77636 01506 88604 22005
99574 25513 11493 11512 22469 05011 33446 31015 44404 24513
55385 19508 66349 11521 77332 12516 88287 03514 99273 03509
11260 05514 22248 04011 33236 33008 44225 05513 31313 73508
82329=

NNNNN

UPID53 WATT 070000
PPAA  57008 97372 55385 09011 09030 20504 55340 02502
28008 32013 55320 33521 32516 12026 77999=

NNNNN

UGID53 WATT 070000
PPBB  57008 97372 90/24 19002 29006 15003 9058/ 09011 09027
91035 08532 09521 06013 91789 04506 35507 30506 92035 18504
15506 04504 9268/ 32502 24004 93023 21509 28507 29509 934//
32011 9459/ 33022 32512 95012 34509 03003 08511 9545/ 11525
12528=

NNNNN

UHID53 WATT 070000
PPCC  57008 97372 55370 08015 12010 07017 77999=

NNNNN

UQID53 WATT 070000
PPDD  57008 97372 9568/ 09517 15526 96012 04525 05009 09015
96345 02008 01506 22005 9669/ 25513 11512 97013 05011 31015
24513 97467 19508 11521 12516 98012 03514 03509 05514 98345
04011 33008 05513=

NNNNN
