USID53 WATT 090000
TTAA  59001 97372 99000 26612 09002 00099 ///// /////
92789 23046 35504 85518 18835 01503 70161 10241 06005
50589 05707 06011 40761 13756 01512 30974 29556 30014
25101 39758 31510 20249 52160 31509 15430 67558 02507
10662 84347 05040 88999 77999 31313 73508 82329=

NNNNN

UKID53 WATT 090000
TTBB  59008 97372 00000 26612 11995 27250 22675 07839 33618
04841 44569 00012 55530 02332 66500 05707 77430 10748 88381
15759 99326 23960 11299 29756 22263 36360 33225 45957 44188
55362 55121 77956 66100 84347 21212 00000 09002 11977 34503
22945 35505 33913 04501 44882 21003 55852 03502 66767 02006
77740 34003 88714 33002 99688 05004 11664 03505 22640 04012
33617 03509 44595 06507 55573 04509 66532 05512 77439 02512
88390 00511 99375 34508 11360 01012 22346 00514 33332 33510
44319 32512 55269 30517 66206 33011 77197 30509 88179 30007
99163 36005 11155 01507 22147 01507 33140 04012 44120 06021
55114 06030 31313 73508 82329 41414 38432=

NNNNN

ULID53 WATT 090000
TTCC  59005 97372 70863 75363 09520 50062 66376 14005
88972 85744 05041 77999 31313 73508 82329=

NNNNN

UEID53 WATT 090000
TTDD  5900/ 97372 11972 85744 22902 86350 33886 84157 44765
76161 55711 76561 66530 65975 77469 67977 88427 65180 99368
66582 11334 64388 21212 11969 05042 22869 08009 33824 19027
44781 13021 55741 10034 66704 10020 77668 06033 88635 02523
99603 31520 11573 27513 22545 16506 33519 13516 44494 21003
55470 29514 66425 27014 77405 21509 88385 10509 99367 11512
11349 09012 31313 73508 82329=

NNNNN

UPID53 WATT 090000
PPAA  59008 97372 55385 01503 06005 06011 55340 01512
30014 31510 55320 31509 02507 05040 77999=

NNNNN

UGID53 WATT 090000
PPBB  59008 97372 90/12 09002 34503 35505 90345 04501 21003
03502 9089/ 02006 34003 91012 33002 05004 03505 91345 04012
03509 06507 9168/ 04509 05512 92367 02512 00511 34508 9289/
01012 00514 93015 33510 32512 30517 94124 33011 30509 30007
94678 36005 01507 01507 949// 04012 9523/ 06021 06030=

NNNNN

UHID53 WATT 090000
PPCC  59008 97372 55270 09520 14005 77999=

NNNNN

UQID53 WATT 090000
PPDD  59008 97372 95689 05042 08009 19027 96012 13021 10034
10020 96345 06033 02523 31520 96678 27513 16506 13516 969//
21003 97023 29514 27014 21509 97456 10509 11512 09012=

NNNNN
