USID53 WATC 190000
TTAA  69001 97300 99008 25403 00000 00097 25625 00001
92783 22218 23502 85520 19049 22009 70165 10456 26010
50590 04311 31013 40762 13916 31015 30975 28533 30517
25102 39342 30014 20251 51560 23007 15431 66757 08025
10664 86148 10036 88101 85946 10037 77999 31313 73508
82332=

NNNNN

UKID53 WATC 190000
TTBB  69008 97300 00008 25403 11948 24030 22917 21414 33876
20246 44677 08856 55555 00009 66444 09114 77385 15520 88314
25932 99255 37942 11219 47157 22211 48961 33187 55356 44168
60959 55101 85946 66100 86148 21212 00008 00000 11978 33503
22945 30502 33913 24505 44882 23511 55852 22009 66822 25506
77767 27510 88714 26012 99689 24010 11664 20006 22595 20503
33573 31503 44532 30009 55512 29012 66440 31015 77216 29512
88207 27007 99188 18509 11171 15508 22163 10015 33141 08526
44134 09029 55127 10529 66121 10530 31313 73508 82332 41414
52421=

NNNNN

ULID53 WATC 190000
TTCC  69002 97300 70865 75760 21014 50062 72161 25512
30373 60561 32514 20627 56164 07043 88999 77123 09572
31313 73508 82332=

NNNNN

UEID53 WATC 190000
TTDD  6900/ 97300 11924 86350 22903 83758 33833 81756 44802
78559 55728 77559 66656 72162 77599 73361 88458 71362 99407
68161 11388 63565 22341 60362 33277 61961 44251 61562 55232
59763 66228 57963 77204 57563 88169 52169 99140 52771 11118
49973 21212 11972 10036 22920 07538 33872 01516 44826 29009
55784 30515 66706 21516 77605 17516 88575 32504 99547 31014
11494 25512 22470 28020 33424 21519 44384 12011 55366 07004
66348 08514 77332 01514 88316 35508 99301 32514 11287 32505
22274 12008 33261 10008 44249 03517 55237 08526 66226 08035
77196 07538 88187 07523 99170 10545 11155 08544 22148 10049
33129 10567 44123 09572 31313 73508 82332=

NNNNN

UPID53 WATC 190000
PPAA  69008 97300 55385 22009 26010 31013 55340 31015
30517 30014 55320 23007 08025 10036 77999=

NNNNN

UGID53 WATC 190000
PPBB  69008 97300 90/12 00000 33503 30502 90345 24505 23511
22009 9068/ 25506 27510 91012 26012 24010 20006 91568 20503
31503 30009 919// 29012 923// 31015 94013 29512 27007 18509
94569 15508 10015 08526 95012 09029 10529 10530=

NNNNN

UHID53 WATC 190000
PPCC  69008 97300 55370 21014 25512 32514 55120 07043
62940 09572=

NNNNN

UQID53 WATC 190000
PPDD  69008 97300 95678 10036 07538 01516 959// 29009 96025
30515 21516 17516 96679 32504 31014 25512 97024 28020 21519
12011 97567 07004 08514 01514 9789/ 35508 32514 98012 32505
12008 10008 98345 03517 08526 08035 9889/ 07538 07523 99134
10545 08544 10049 9978/ 10567 09572=

NNNNN
