USID53 WATT 310000
TTAA  81001 97372 99997 26403 28008 00078 ///// /////
92767 22006 31017 85498 17608 29022 70147 11845 31023
50589 04518 01505 40761 14162 08013 30973 29559 07019
25101 38763 05517 20250 51539 07517 15430 67757 10025
10663 85548 09037 88100 85548 09037 77999 31313 73508
82330=

NNNNN

UKID53 WATT 310000
TTBB  81008 97372 00997 26403 11866 18209 22748 14644 33657
10056 44551 00021 55538 01908 66526 01533 77501 04320 88492
04946 99475 06357 11457 08544 22425 11161 33388 15365 44372
17563 55368 18358 66343 21367 77303 28959 88283 31563 99254
38162 11239 41169 22227 44166 33216 47156 44193 53535 55160
64157 66133 72956 77126 74558 88100 85548 21212 00997 28008
11975 29012 22943 30517 33738 29525 44687 30023 55617 31011
66594 35008 77552 33010 88532 32508 99512 01007 11456 07509
22439 05512 33390 07010 44360 05012 55332 07015 66293 07011
77258 05012 88155 10026 99127 09040 31313 73508 82330 41414
68421=

NNNNN

ULID53 WATT 310000
TTCC  81003 97372 70863 75761 07017 50060 69569 34509
30371 63379 08520 88999 77999 31313 73508 82330=

NNNNN

UEID53 WATT 310000
TTDD  8100/ 97372 11961 83158 22839 84956 33811 82159 44761
81157 55648 71565 66561 74965 77516 69969 88477 67571 99430
69171 11414 68972 22404 65575 33345 61979 44290 63779 55264
60783 66241 61183 21212 11920 09040 22782 12531 33742 09026
44703 06518 55668 09010 66635 02504 77603 00510 88573 35517
99544 29508 11517 34005 22492 30506 33468 22010 44423 14017
55403 14020 66365 09021 77331 04019 88286 08512 99273 12007
11260 12010 22247 10523 31313 73508 82330=

NNNNN

UPID53 WATT 310000
PPAA  81008 97372 55385 29022 31023 01505 55340 08013
07019 05517 55320 07517 10025 09037 77999=

NNNNN

UGID53 WATT 310000
PPBB  81008 97372 90/12 28008 29012 30517 909// 29525 91145
30023 31011 35008 91789 33010 32508 01007 92236 07509 05512
07010 928// 05012 93036 07015 07011 05012 947// 10026 951//
09040=

NNNNN

UHID53 WATT 310000
PPCC  81008 97372 55370 07017 34509 08520 77999=

NNNNN

UQID53 WATT 310000
PPDD  81008 97372 957// 09040 96012 12531 09026 06518 96345
09010 02504 00510 96678 35517 29508 34005 969// 30506 97023
22010 14017 14020 9757/ 09021 04019 98012 08512 12007 12010
983// 10523=

NNNNN
