USID53 WATT 280000
TTAA  78001 97372 99994 27019 31004 00048 ///// /////
92737 23024 29526 85471 17807 28533 70122 11646 27035
50586 04141 30528 40759 14140 31025 30971 28330 01511
25100 37538 13015 20249 50532 13015 15430 67160 12522
10664 80157 08523 88104 81944 08033 77999 31313 73508
82330=

NNNNN

UKID53 WATT 280000
TTBB  78008 97372 00994 27019 11965 26446 22820 16018 33797
16441 44642 06838 55629 07243 66586 03243 77571 02462 88555
01262 99551 00858 11547 00456 22541 00061 33537 00364 44530
01156 55472 06936 66455 07344 77335 22150 88257 36137 99197
51531 11163 62558 22145 68761 33104 81944 44100 80157 21212
00994 31004 11972 32518 22908 29029 33790 28035 44710 27530
55661 26530 66637 27532 77614 28026 88491 30029 99473 30035
11438 31031 22405 31026 33318 35011 44305 01011 55246 14512
66236 18007 77216 18006 88206 14015 99171 14520 11163 16017
22155 11018 33127 11034 44114 11035 55103 08032 31313 73508
82330 41414 6842/=

NNNNN

ULID53 WATT 280000
TTCC  78002 97372 70865 78957 24010 50060 68156 00001
30369 62356 09030 20622 50386 08534 88798 84929 09525
77999 31313 73508 82330=

NNNNN

UEID53 WATT 280000
TTDD  7800/ 97372 11976 79159 22798 84929 33737 79756 44697
78357 55650 80137 66636 78156 77582 74550 88573 72157 99554
72550 11521 68958 22462 67356 33441 69550 44397 67543 55376
66357 66298 62750 77259 62757 88239 57563 99215 56573 11201
51386 22190 48587 33155 49187 21212 11923 09524 22785 09523
33744 03509 44705 25009 55669 14510 66635 08514 77603 05015
88572 06010 99544 04521 11517 05008 22492 21503 33468 27506
44445 14007 55423 20503 66383 19511 77347 09521 88330 11526
99314 09025 11285 09030 22155 08042 31313 73508 82330=

NNNNN

UPID53 WATT 280000
PPAA  78008 97372 55385 28533 27035 30528 55340 31025
01511 13015 55320 13015 12522 08523 77999=

NNNNN

UGID53 WATT 280000
PPBB  78008 97372 90/13 31004 32518 29029 907// 28035 91023
27530 26530 27532 914// 28026 92013 30029 30035 31031 925//
31026 93127 35011 01011 14512 938// 18007 94015 18006 14015
14520 9467/ 16017 11018 95135 11034 11035 08032=

NNNNN

UHID53 WATT 280000
PPCC  78008 97372 55370 24010 00001 09030 55120 08534
77999=

NNNNN

UQID53 WATT 280000
PPDD  78008 97372 957// 09524 96012 09523 03509 25009 96345
14510 08514 05015 96678 06010 04521 05008 969// 21503 97012
27506 14007 20503 97467 19511 09521 11526 978// 09025 980//
09030 993// 08042=

NNNNN
