USID53 WATT 290000
TTAA  79001 97372 99997 24403 33008 00071 ///// /////
92757 21610 31018 85489 18624 29527 70137 11030 29520
50587 03912 32031 40761 13519 00523 30973 27542 06017
25102 38134 05510 20251 50957 10021 15432 66157 10530
10666 85127 11546 88999 77999 31313 73508 82329=

NNNNN

UKID53 WATT 290000
TTBB  79008 97372 00997 24403 11995 23803 22967 24421 33817
16208 44780 15425 55665 09428 66551 00014 77454 08108 88434
08921 99397 13915 11386 15144 22346 21118 33334 21745 44315
24956 55278 32125 66237 41324 77218 45928 88202 50357 99176
57758 11147 67356 22142 69147 33134 72556 44100 85127 21212
00997 33008 11974 32512 22942 30018 33819 30524 44791 31524
55639 29517 66551 28529 77511 31018 88492 33032 99474 32528
11456 32526 22438 35515 33422 02515 44375 01518 55360 02022
66346 36025 77319 06014 88258 06511 99247 07009 11226 11016
22180 11027 33163 10532 44156 10528 55141 10538 66115 12047
77109 12550 31313 73508 82329 41414 7947/=

NNNNN

ULID53 WATT 290000
TTCC  79003 97372 70866 76938 19009 50062 73128 13002
30371 60728 10031 88972 85931 11547 77999 31313 73508
82329=

NNNNN

UEID53 WATT 290000
TTDD  7900/ 97372 11972 85931 22876 86726 33837 85746 44819
79959 55736 78346 66716 76756 77696 77134 88658 77935 99639
76156 11615 71357 22559 71525 33510 72718 44497 73139 55448
70732 66443 70920 77424 71318 88408 70117 99401 66933 11398
65744 22384 65116 33342 63915 44329 62331 55316 60721 66282
58148 77240 54356 21212 11975 11547 22827 10043 33784 06011
44745 26506 55671 13507 66637 00001 77605 30504 88546 22012
99519 19512 11494 03004 22469 11005 33424 12020 44383 07523
55315 08024 66300 10031 77286 08527 88273 06531 99260 06026
11249 09523 31313 73508 82329=

NNNNN

UPID53 WATT 290000
PPAA  79008 97372 55385 29527 29520 32031 55340 00523
06017 05510 55320 10021 10530 11546 77999=

NNNNN

UGID53 WATT 290000
PPBB  79008 97372 90/12 33008 32512 30018 9067/ 30524 31524
91379 29517 28529 31018 92012 33032 32528 32526 92347 35515
02515 01518 9289/ 02022 36025 93167 06014 06511 07009 939//
11016 94467 11027 10532 10528 949// 10538 9534/ 12047 12550=

NNNNN

UHID53 WATT 290000
PPCC  79008 97372 55370 19009 13002 10031 77999=

NNNNN

UQID53 WATT 290000
PPDD  79008 97372 9569/ 11547 10043 96013 06011 26506 13507
96457 00001 30504 22012 9689/ 19512 03004 97024 11005 12020
07523 9789/ 08024 10031 98012 08527 06531 06026 983// 09523=

NNNNN
