USID53 WATC 120000
TTAA  62001 97300 99007 27023 00000 00096 27039 17502
92779 22824 23505 85518 19656 20504 70165 10858 08002
50589 04934 13515 40762 14940 12510 30972 30157 07512
25100 40746 04011 20248 53156 06021 15427 68534 06540
10662 81159 26527 88999 77999 31313 73508 82334=

NNNNN

UKID53 WATC 120000
TTBB  62008 97300 00007 27023 11945 23610 22880 21657 33713
11249 44698 10859 55642 07858 66609 04246 77597 03658 88562
00019 99509 04149 11489 06126 22480 06756 33453 09915 44395
15732 55371 18760 66340 23361 77296 30756 88258 38944 99223
46759 11200 53156 22184 57359 33168 62358 44150 68534 55129
74158 66121 74160 77100 81159 21212 00007 00000 11977 00502
22944 23006 33882 19003 44852 20504 55822 18004 66794 27503
77766 22002 88740 26502 99714 00502 11689 10003 22664 14008
33617 13012 44552 14512 55439 11014 66422 14014 77375 09508
88318 08508 99293 07012 11246 04012 22187 06028 33179 06031
44126 06546 55120 04528 66114 02517 77108 31022 31313 73508
82334 41414 22431=

NNNNN

ULID53 WATC 120000
TTCC  62002 97300 70863 76161 17524 50061 68973 24517
30369 63183 06505 20622 56984 11039 88932 82958 21521
77999 31313 73508 82334=

NNNNN

UEID53 WATC 120000
TTDD  6200/ 97300 11932 82958 22914 80959 33774 83957 44757
84357 55736 77162 66629 73765 77599 75164 88581 71169 99478
69175 11459 65978 22419 65582 33394 68981 44340 67582 55286
61383 66248 61783 77235 58584 88179 56185 99157 50786 11147
52786 22135 52586 33117 47387 21212 11919 21519 22871 26523
33782 21017 44741 17507 55703 18024 66602 13026 77572 08516
88544 24009 99518 25014 11493 24512 22468 14012 33446 13017
44424 27008 55404 34006 66384 01005 77365 01508 88347 04515
99331 03506 11315 01515 22300 06505 33286 06007 44272 14007
55259 27509 66247 23014 77235 18013 88224 17526 99214 14029
11185 09041 22169 08043 33161 09552 44154 08545 55134 08548
66128 08561 77122 09057 31313 73508 82334=

NNNNN

UPID53 WATC 120000
PPAA  62008 97300 55385 20504 08002 13515 55340 12510
07512 04011 55320 06021 06540 26527 77999=

NNNNN

UGID53 WATC 120000
PPBB  62008 97300 90/12 00000 00502 23006 90456 19003 20504
18004 90789 27503 22002 26502 91012 00502 10003 14008 9147/
13012 14512 92347 11014 14014 09508 93137 08508 07012 04012
9434/ 06028 06031 95123 06546 04528 02517 954// 31022=

NNNNN

UHID53 WATC 120000
PPCC  62008 97300 55370 17524 24517 06505 55120 11039
77999=

NNNNN

UQID53 WATC 120000
PPDD  62008 97300 9578/ 21519 26523 96012 21017 17507 18024
96567 13026 08516 24009 9689/ 25014 24512 97012 14012 13017
27008 97345 34006 01005 01508 97678 04515 03506 01515 979//
06505 98012 06007 14007 27509 98345 23014 18013 17526 9869/
14029 09041 99123 08043 09552 08545 99678 08548 08561 09057=

NNNNN
