USID55 WABB 290000
TTAA  79001 97560 99008 30240 09009 00087 29237 09011
92776 23203 07516 85513 21057 05512 70169 11449 32007
50589 05511 16503 40761 12562 09522 30974 29561 08029
25101 39565 08040 20249 52559 08048 15430 67359 10551
10664 78162 02511 88110 81358 05018 77999 31313 73508
82329=

NNNNN

UKID55 WABB 290000
TTBB  79008 97560 00008 30240 11951 24806 22897 20635 33890
22050 44861 21857 55780 17659 66639 06437 77562 00057 88552
01131 99540 02350 11480 08103 22476 06945 33417 12946 44406
11962 55305 28361 66264 36566 77201 52359 88186 55765 99162
63558 11128 73562 22110 81358 33104 80959 44100 78162 21212
00008 09009 11976 10007 22944 06515 33851 05512 44822 04008
55794 30004 66740 24504 77689 30508 88665 29011 99553 27514
11532 30010 22512 32005 33493 15004 44475 10507 55457 11508
66439 08016 77422 12011 88406 09520 99375 10519 11346 06523
22332 07026 33319 07530 44188 09045 55179 10044 66171 10550
77140 10549 88127 07528 99103 04516 31313 73508 82329 41414
12339=

NNNNN

ULID55 WABB 290000
TTCC  79002 97560 70865 79559 29023 50062 73365 24526
30367 64172 27518 20623 54380 06534 88859 82758 23021
77999 31313 73508 82329=

NNNNN

UEID55 WABB 290000
TTDD  7900/ 97560 11859 82758 22799 77562 33697 79559 44629
73565 55569 70967 66492 73365 77437 73565 88403 68570 99379
69369 11358 65372 22291 64371 33281 63772 44272 59578 55247
59176 66224 54780 77210 52980 88194 55579 99179 53981 11166
56379 22154 52382 21212 11973 34507 22922 26012 33828 24523
44786 29024 55637 27013 66605 31019 77546 26523 88519 25533
99493 24526 11445 25526 22423 23528 33382 28020 44314 29021
55284 27020 66271 18504 77258 23504 88246 19505 99235 11003
11224 10508 22214 11013 33204 07031 44169 10043 55161 08537
31313 73508 82329=

NNNNN

UPID55 WABB 290000
PPAA  79008 97560 55385 05512 32007 16503 55340 09522
08029 08040 55320 08048 10551 02511 77999=

NNNNN

UGID55 WABB 290000
PPBB  79008 97560 90/12 09009 10007 06515 90567 05512 04008
30004 909// 24504 91127 30508 29011 27514 9189/ 30010 32005
92012 15004 10507 11508 92345 08016 12011 09520 9279/ 10519
06523 9301/ 07026 07530 94345 09045 10044 10550 949// 10549
9515/ 07528 04516=

NNNNN

UHID55 WABB 290000
PPCC  79008 97560 55370 29023 24526 27518 55120 06534
77999=

NNNNN

UQID55 WABB 290000
PPDD  79008 97560 95679 34507 26012 24523 96045 29024 27013
31019 96789 26523 25533 24526 97124 25526 23528 28020 978//
29021 98012 27020 18504 23504 98345 19505 11003 10508 9867/
11013 07031 9912/ 10043 08537=

NNNNN
