USID55 WABB 240000
TTAA  74001 97560 99010 28439 22010 00103 27241 22013
92786 22231 23019 85516 17205 22020 70158 10424 04505
50589 04350 05526 40762 13190 07039 30974 28964 08027
25101 38750 10534 20250 51550 11546 15431 64367 12042
10666 84940 08539 88999 77999 31313 73508 82329=

NNNNN

UKID55 WABB 240000
TTBB  74008 97560 00010 28439 11828 16205 22804 16829 33718
11846 44697 10216 55691 10657 66645 07258 77626 06057 88621
05235 99617 05250 11602 03414 22599 03857 33592 02829 44587
02850 55579 01831 66564 00635 77558 01057 88548 00056 99537
01130 11519 02158 22490 05150 33487 04763 44469 05574 55440
08967 66417 10985 77357 19967 88330 22982 99301 28564 11293
30756 22279 32738 33201 51356 44191 54159 55181 57158 66166
60764 77152 63767 88113 79758 99100 84940 21212 00010 22010
11822 22014 22794 13502 33767 08504 44713 08005 55664 02506
66640 06510 77595 06517 88512 07027 99475 07032 11306 08530
22281 09526 33258 09531 44226 11527 55216 11034 66206 11041
77197 11549 88155 12550 99148 12541 11103 08040 31313 73508
82329 41414 48469=

NNNNN

ULID55 WABB 240000
TTCC  74002 97560 70865 78357 32516 50062 69359 26530
30371 61968 26021 20625 58179 10503 88906 88525 11038
77999 31313 73508 82329=

NNNNN

UEID55 WABB 240000
TTDD  7400/ 97560 11906 88525 22873 84956 33829 80157 44684
79356 55637 75559 66620 70762 77559 72358 88526 71958 99492
67361 11431 68559 22409 66562 33375 67962 44357 63569 55333
66164 66315 61568 77291 59772 88276 61770 99233 57580 11183
59178 22167 58379 33159 55182 44124 53378 21212 11923 11037
22874 10522 33828 06506 44785 26014 55706 32516 66574 29019
77519 26526 88469 25531 99446 24530 11404 21030 22365 25517
33331 21519 44301 26521 55286 25010 66273 30009 77248 23520
88225 19513 99215 17009 11205 11507 22195 15002 33178 08017
44169 08523 55154 07541 66147 06541 77140 09549 88134 10048
99128 08553 31313 73508 82329=

NNNNN

UPID55 WABB 240000
PPAA  74008 97560 55385 22020 04505 05526 55340 07039
08027 10534 55320 11546 12042 08539 77999=

NNNNN

UGID55 WABB 240000
PPBB  74008 97560 90/67 22010 22014 13502 908// 08504 91023
08005 02506 06510 9159/ 06517 07027 921// 07032 93246 08530
09526 09531 939// 11527 94012 11034 11041 11549 9478/ 12550
12541 955// 08040=

NNNNN

UHID55 WABB 240000
PPCC  74008 97560 55370 32516 26530 26021 55120 10503
77999=

NNNNN

UQID55 WABB 240000
PPDD  74008 97560 95789 11037 10522 06506 96026 26014 32516
29019 968// 26526 97013 25531 24530 21030 97579 25517 21519
26521 98013 25010 30009 23520 98567 19513 17009 11507 988//
15002 99013 08017 08523 07541 99456 06541 09549 10048 997//
08553=

NNNNN
