USID55 WABB 060000
TTAA  56001 97560 99012 29250 10004 00120 27650 04001
92809 22229 05507 85539 18436 11005 70183 10656 09506
50591 04926 07014 40764 14743 08016 30976 29746 11023
25103 40161 09518 20250 52961 09525 15430 67956 08030
10662 82557 11554 88104 83956 11047 77999 31313 73508
82329=

NNNNN

UKID55 WABB 060000
TTBB  56008 97560 00012 29250 11978 25436 22825 16627 33732
11640 44708 11656 55580 01220 66561 00027 77526 01744 88477
07317 99449 09356 11360 19556 22298 30145 33257 38361 44172
61160 55160 64956 66104 83956 77100 82557 21212 00012 10004
11947 02002 22884 06004 33854 12004 44825 10507 55768 12509
66690 07505 77666 08513 88619 08010 99597 06508 11554 07506
22534 06511 33407 08516 44392 10010 55361 09016 66206 10023
77188 10026 88171 09532 99140 08030 11133 08027 22126 08029
33120 09536 44108 11043 55102 11554 31313 73508 82329 41414
12439=

NNNNN

ULID55 WABB 060000
TTCC  56002 97560 70865 78763 31009 50063 71181 24019
30373 64982 24518 20627 56585 11533 88999 77118 07070
31313 73508 82329=

NNNNN

UEID55 WABB 060000
TTDD  5600/ 97560 11929 78960 22764 79761 33716 79761 44691
78363 55656 69569 66583 72576 77457 69581 88393 64783 99321
66182 11271 63383 22240 55585 33223 56984 44165 54985 55111
47187 21212 11918 05009 22871 27515 33827 26512 44744 29515
55706 30509 66670 26003 77605 28530 88547 26524 99470 24015
11447 31015 22425 31524 33367 28525 44260 21015 55248 12515
66226 07016 77215 09527 88205 13033 99196 09529 11162 09046
22155 08552 33148 08047 44135 10059 55118 07070 66111 08566
31313 73508 82329=

NNNNN

UPID55 WABB 060000
PPAA  56008 97560 55385 11005 09506 07014 55340 08016
11023 09518 55320 09525 08030 11554 77999=

NNNNN

UGID55 WABB 060000
PPBB  56008 97560 90/24 10004 02002 06004 90568 12004 10507
12509 91124 07505 08513 08010 91578 06508 07506 06511 92568
08516 10010 09016 94135 10023 10026 09532 949// 08030 95012
08027 08029 09536 9545/ 11043 11554=

NNNNN

UHID55 WABB 060000
PPCC  56008 97560 55370 31009 24019 24518 55120 11533
72967 07070=

NNNNN

UQID55 WABB 060000
PPDD  56008 97560 95789 05009 27515 26512 96123 29515 30509
26003 9657/ 28530 26524 97012 24015 31015 31524 975// 28525
98235 21015 12515 07016 98678 09527 13033 09529 99234 09046
08552 08047 9969/ 10059 07070 100// 08566=

NNNNN
