USID55 WABB 110000
TTAA  61001 97560 99010 29256 19002 00097 27857 23502
92784 22450 34003 85520 18447 02504 70166 10250 02508
50590 04550 09012 40762 14560 08519 30974 29557 08517
25101 39960 08516 20250 52760 11524 15428 68157 11032
10661 79358 09036 88109 82343 10542 77999 31313 73508
82329=

NNNNN

UKID55 WABB 110000
TTBB  61008 97560 00010 29256 11957 24037 22725 12456 33637
05635 44606 03658 55598 03056 66589 02456 77580 02264 88554
00071 99551 00559 11546 01140 22540 01740 33533 01562 44528
01769 55520 02372 66514 02959 77511 03550 88485 06148 99482
05563 11458 08158 22435 09961 33418 12358 44409 13361 55394
15547 66338 22757 77325 25339 88291 31161 99200 52760 11186
57156 22165 63158 33109 82343 44100 79358 21212 00010 19002
11978 29003 22913 34502 33882 05004 44852 02004 55822 07006
66689 02006 77640 04512 88573 07512 99475 09513 11440 08510
22332 08518 33216 09519 44179 12024 55147 11034 66102 09539
31313 73508 82329 41414 12341=

NNNNN

ULID55 WABB 110000
TTCC  61002 97560 70867 77562 28018 50063 66969 22530
30373 61973 27010 20627 57376 23521 88735 78961 29521
77999 31313 73508 82329=

NNNNN

UEID55 WABB 110000
TTDD  6100/ 97560 11979 79758 22963 75961 33886 72563 44735
78961 55688 76163 66597 78761 77553 74364 88537 69568 99426
64770 11379 66968 22292 62772 33285 60175 44252 60375 55238
57177 66178 58977 77163 58577 88156 54782 99122 54980 21212
11967 07026 22919 00514 33873 30521 44787 27524 55709 29019
66673 25530 77606 26522 88575 30014 99519 26019 11494 22034
22470 21538 33447 22535 44426 23029 55386 27528 66333 26024
77317 25530 88302 27012 99287 35006 11274 36021 22249 32026
33237 31512 44215 23521 55196 23019 66154 08014 77141 08542
88122 08039 31313 73508 82329=

NNNNN

UPID55 WABB 110000
PPAA  61008 97560 55385 02504 02508 09012 55340 08519
08517 08516 55320 11524 11032 09036 77999=

NNNNN

UGID55 WABB 110000
PPBB  61008 97560 90/13 19002 29003 34502 90456 05004 02004
07006 91136 02006 04512 07512 9213/ 09513 08510 930// 08518
94048 09519 12024 11034 955// 09539=

NNNNN

UHID55 WABB 110000
PPCC  61008 97560 55370 28018 22530 27010 55120 23521
77999=

NNNNN

UQID55 WABB 110000
PPDD  61008 97560 95678 07026 00514 30521 96023 27524 29019
25530 96568 26522 30014 26019 969// 22034 97012 21538 22535
23029 97478 27528 26024 25530 979// 27012 98013 35006 36021
32026 98468 31512 23521 23019 99358 08014 08542 08039=

NNNNN
