USID55 WABB 270000
TTAA  77001 97560 99008 29039 07005 00081 28237 06005
92766 24457 15004 85507 18836 07004 70158 09828 29524
50588 04739 07513 40761 14141 05516 30972 30368 09530
25099 39172 09542 20248 51949 09540 15428 67156 11054
10661 85139 09549 88999 77999 31313 73508 82329=

NNNNN

UKID55 WABB 270000
TTBB  77008 97560 00008 29039 11948 24018 22929 24656 33846
18632 44787 17056 55680 07809 66640 04603 77627 05021 88558
00023 99484 05156 11468 07157 22450 09731 33433 11147 44409
14121 55387 16333 66370 18364 77332 24771 88308 28963 99296
31170 11259 37573 22243 40770 33227 44750 44146 68557 55100
85139 21212 00008 07005 11975 10011 22943 10510 33911 14504
44880 00001 55851 07504 66821 29505 77766 28522 88617 28010
99594 30505 11573 35010 22552 01012 33531 02009 44511 06510
55422 08016 66406 05020 77360 09519 88318 09528 99305 10530
11280 08532 22187 09538 33162 11045 44155 11052 55120 10550
66114 09547 31313 73508 82329 41414 22439=

NNNNN

ULID55 WABB 270000
TTCC  77002 97560 70866 75963 27038 50060 72366 27019
30369 64976 25537 20622 58978 05510 88984 85540 09550
88217 59378 17504 77999 31313 73508 82329=

NNNNN

UEID55 WABB 270000
TTDD  7700/ 97560 11984 85540 22972 85542 33961 81758 44948
77961 55887 73961 66767 78561 77738 75763 88663 78161 99572
77562 11529 72166 22490 72566 33454 70569 44430 63975 55337
65975 66275 65576 77260 63578 88249 58182 99243 56183 11217
59378 22188 58180 33169 60379 44163 60979 55150 54585 66117
47584 21212 11967 09541 22917 22503 33827 27525 44785 26030
55745 27026 66708 27037 77672 27039 88605 26024 99574 22024
11518 28017 22445 22022 33423 27524 44403 27033 55285 24531
66272 25514 77259 31518 88235 28515 99224 24507 11204 07506
22194 04515 33185 06528 44177 07533 55153 07044 66146 06556
77121 08563 31313 73508 82329=

NNNNN

UPID55 WABB 270000
PPAA  77008 97560 55385 07004 29524 07513 55340 05516
09530 09542 55320 09540 11054 09549 77999=

NNNNN

UGID55 WABB 270000
PPBB  77008 97560 90/12 07005 10011 10510 90345 14504 00001
07504 9068/ 29505 28522 91456 28010 30505 35010 91789 01012
02009 06510 92458 08016 05020 09519 93124 09528 10530 08532
94367 09538 11045 11052 9523/ 10550 09547=

NNNNN

UHID55 WABB 270000
PPCC  77008 97560 55370 27038 27019 25537 55120 05510
77999=

NNNNN

UQID55 WABB 270000
PPDD  77008 97560 95679 09541 22503 27525 96012 26030 27026
27037 96356 27039 26024 22024 968// 28017 97123 22022 27524
27033 98012 24531 25514 31518 98457 28515 24507 07506 9889/
04515 06528 99034 07533 07044 06556 998// 08563=

NNNNN
