USID55 WABB 210000
TTAA  71001 97560 99012 28839 10012 00121 27236 08005
92812 23034 12505 85542 19042 09006 70184 10842 11513
50592 03759 11519 40765 13361 09520 30977 27960 09532
25105 38963 09037 20254 51959 11038 15434 67156 11544
10667 84947 07547 88999 77999 31313 73508 82329=

NNNNN

UKID55 WABB 210000
TTBB  71008 97560 00012 28839 11011 29647 22009 28244 33871
19211 44851 19041 55779 13805 66727 10211 77713 11039 88664
08036 99633 06858 11598 03632 22570 02050 33551 01265 44539
00064 55533 00758 66514 02757 77490 04562 88480 05959 99474
06363 11464 07764 22460 08159 33451 09357 44447 09559 55426
10961 66420 11557 77416 11962 88413 12167 99409 12761 11407
12764 22392 14559 33384 15761 44358 19757 55356 19563 66353
19766 77342 21757 88332 23556 99330 23947 11327 24556 22324
24562 33323 24765 44319 25566 55315 26362 66314 26559 77311
26764 88308 27160 99307 27360 11306 27365 22303 27561 33302
27758 44298 28362 55285 31156 66256 37559 77250 38963 88204
50958 99189 54762 11165 62156 22108 83140 33100 84947 21212
00012 10012 11980 08505 22884 10506 33854 09006 44825 15007
55797 14010 66769 11509 77742 13509 88716 12511 99642 12515
11597 11511 22348 09026 33295 09031 44128 10546 55115 09551
66109 09546 31313 73508 82329 41414 32472=

NNNNN

ULID55 WABB 210000
TTCC  71002 97560 70870 73365 30516 50066 75165 26016
30372 60380 22509 20627 59180 06007 88977 85743 07546
88540 77164 28519 88244 61377 23518 77999 31313 73508
82329=

NNNNN

UEID55 WABB 210000
TTDD  7100/ 97560 11977 85743 22940 82557 33832 77160 44764
77560 55720 75563 66689 70767 77665 69568 88540 77164 99468
75165 11436 68571 22405 65374 33336 67973 44322 67574 55294
58581 66285 56182 77244 61377 88215 62177 99193 58780 11184
56782 22180 53585 33139 51783 21212 11977 07546 22925 10038
33878 09020 44832 31004 55790 27506 66712 30019 77677 28518
88643 28531 99581 29026 11472 25510 22448 21511 33405 29513
44367 27012 55349 22023 66316 22018 77301 22009 88274 25519
99237 23518 11215 28513 22205 35007 33196 07512 44170 04025
55155 07526 66148 08036 77141 08045 31313 73508 82329=

NNNNN

UPID55 WABB 210000
PPAA  71008 97560 55385 09006 11513 11519 55340 09520
09532 09037 55320 11038 11544 07547 77999=

NNNNN

UGID55 WABB 210000
PPBB  71008 97560 90/14 10012 08505 10506 90567 09006 15007
14010 9089/ 11509 13509 91035 12511 12515 11511 929// 09026
933// 09031 95134 10546 09551 09546=

NNNNN

UHID55 WABB 210000
PPCC  71008 97560 55370 30516 26016 22509 55120 06007
77999=

NNNNN

UQID55 WABB 210000
PPDD  71008 97560 95678 07546 10038 09020 959// 31004 96023
27506 30019 28518 9646/ 28531 29026 97013 25510 21511 29513
97568 27012 22023 22018 979// 22009 98146 25519 23518 28513
9878/ 35007 07512 99134 04025 07526 08036 995// 08045=

NNNNN
