USID55 WABB 100000
TTAA  60001 97560 99012 24408 36004 00117 24422 34005
92803 22456 33007 85532 18446 12006 70168 09224 12511
50588 04711 08518 40761 13916 08515 30973 28334 10019
25101 38541 08021 20250 51958 10020 15429 68350 09526
10661 82748 11049 88108 84535 09535 77999 31313 73508
82329=

NNNNN

UKID55 WABB 100000
TTBB  60008 97560 00012 24408 11009 24218 22973 24646 33807
15219 44742 12428 55592 00608 66583 00006 77562 00310 88469
07311 99385 15517 11302 27935 22231 43538 33219 46557 44131
75350 55108 84535 66100 82748 21212 00012 36004 11979 31005
22914 33004 33883 14502 44853 12006 55767 14008 66714 11012
77664 12504 88617 07510 99573 11004 11552 07010 22474 08021
33406 08013 44319 11520 55247 08522 66226 10017 77179 09526
88171 09530 99147 09528 11126 09535 22102 12048 31313 73508
82329 41414 3247/=

NNNNN

ULID55 WABB 100000
TTCC  60002 97560 70866 71958 32021 50065 71356 21519
30376 62517 24038 20629 58916 33529 88999 77999 31313
73508 82329=

NNNNN

UEID55 WABB 100000
TTDD  6000/ 97560 11960 80556 22940 76359 33884 77550 44839
79543 55816 76957 66783 73759 77727 75356 88710 75156 99696
69760 11618 72745 22570 71950 33545 73532 44504 71950 55490
68557 66432 68926 77392 65544 88344 62517 99331 62538 11320
62916 22309 62131 33296 63119 44282 64517 55272 62741 66265
61728 77259 59145 88253 58150 99246 58531 11233 57340 22225
57725 33196 59319 44180 54356 21212 11968 09047 22827 09509
33785 33016 44745 30024 55673 29025 66640 27530 77578 23532
88549 23526 99496 22516 11472 28512 22449 28516 33386 25521
44350 28028 55334 27530 66318 25529 77289 24037 88275 24024
99262 30008 11250 33023 22227 33539 33206 33532 44197 34028
55187 35511 31313 73508 82329=

NNNNN

UPID55 WABB 100000
PPAA  60008 97560 55385 12006 12511 08518 55340 08515
10019 08021 55320 10020 09526 11049 77999=

NNNNN

UGID55 WABB 100000
PPBB  60008 97560 90/13 36004 31005 33004 90458 14502 12006
14008 91024 11012 12504 07510 9167/ 11004 07010 9215/ 08021
08013 93179 11520 08522 10017 94458 09526 09530 09528 9515/
09535 12048=

NNNNN

UHID55 WABB 100000
PPCC  60008 97560 55370 32021 21519 24038 55120 33529
77999=

NNNNN

UQID55 WABB 100000
PPDD  60008 97560 9569/ 09047 09509 96013 33016 30024 29025
96467 27530 23532 23526 969// 22516 97014 28512 28516 25521
97678 28028 27530 25529 98012 24037 24024 30008 98357 33023
33539 33532 9889/ 34028 35511=

NNNNN
