USID55 WABB 160000
TTAA  66001 97560 99009 27623 35003 00093 26633 02001
92778 21816 25506 85511 18230 28004 70153 09823 13005
50588 03724 05510 40762 14132 06517 30974 28535 09015
25102 38943 07520 20251 51960 07520 15430 67557 08018
10662 83356 22018 88107 83156 15005 77999 31313 73508
82329=

NNNNN

UKID55 WABB 160000
TTBB  66008 97560 00009 27623 11941 22613 22626 04835 33559
00012 44505 03322 55460 08107 66423 11136 77348 20524 88246
39943 99241 41141 11236 42157 22189 55162 33142 70350 44107
83156 55100 83356 21212 00009 35003 11977 21504 22944 25003
33881 24005 44851 28005 55822 35502 66766 22001 77739 13504
88713 09502 99688 13504 11664 13506 22640 08501 33617 00503
44594 03501 55573 10506 66552 11504 77531 07507 88512 06511
99493 05009 11456 07507 22439 06013 33319 09012 44188 08022
55179 08528 66171 08529 77148 07518 88120 05512 99114 11005
11108 14505 22102 22015 31313 73508 82329 41414 32455=

NNNNN

ULID55 WABB 160000
TTCC  66002 97560 70865 76162 11513 50064 71965 26530
30372 62569 26527 20625 54576 10007 88583 71569 28038
77999 31313 73508 82329=

NNNNN

UEID55 WABB 160000
TTDD  6600/ 97560 11919 84756 22900 82158 33847 81557 44816
76762 55731 74563 66705 76361 77691 70967 88663 67969 99583
71569 11515 72365 22485 69568 33459 72163 44404 68169 55373
62771 66342 64966 77265 62769 88230 60972 99209 56375 11189
55171 21212 11970 23010 22919 32008 33870 35508 44825 17002
55783 14012 66743 14518 77706 12517 88671 27513 99607 28043
11521 27033 22495 26527 33425 28027 44404 27027 55385 27029
66316 27032 77287 25524 88273 22515 99248 32517 11236 33529
22205 27007 33195 10014 31313 73508 82329=

NNNNN

UPID55 WABB 160000
PPAA  66008 97560 55385 28004 13005 05510 55340 06517
09015 07520 55320 07520 08018 22018 77999=

NNNNN

UGID55 WABB 160000
PPBB  66008 97560 90/12 35003 21504 25003 90456 24005 28005
35502 9089/ 22001 13504 91012 09502 13504 13506 91345 08501
00503 03501 91678 10506 11504 07507 919// 06511 92023 05009
07507 06013 931// 09012 94345 08022 08528 08529 948// 07518
95234 05512 11005 14505 955// 22015=

NNNNN

UHID55 WABB 160000
PPCC  66008 97560 55370 11513 26530 26527 55120 10007
77999=

NNNNN

UQID55 WABB 160000
PPDD  66008 97560 95678 23010 32008 35508 959// 17002 96012
14012 14518 12517 96358 27513 28043 27033 969// 26527 97234
28027 27027 27029 978// 27032 98013 25524 22515 32517 98478
33529 27007 10014=

NNNNN
