USID55 WABB 080000
TTAA  58001 97560 99010 30056 07004 00105 28657 09007
92792 22640 08513 85520 19671 09018 70165 12477 11015
50590 03387 08021 40763 13971 09508 30975 29761 09014
25102 39734 09516 20251 51758 14512 15431 66958 10523
10664 82756 06043 88103 82956 05547 77999 31313 73508
82329=

NNNNN

UKID55 WABB 080000
TTBB  58008 97560 00010 30056 11920 22450 22913 22661 33902
21857 44858 20270 55840 19275 66823 17872 77810 16658 88791
15041 99788 15460 11775 15667 22744 13866 33730 14279 44624
06889 55590 03485 66577 02479 77571 02066 88562 01472 99554
00458 11548 00060 22529 01362 33519 01978 44502 03189 55465
07960 66461 06971 77442 08775 88426 11165 99412 12962 11404
13970 22394 14963 33379 16768 44365 18962 55358 20159 66351
20766 77336 23165 88330 24359 99322 25959 11314 26967 22265
36536 33233 43725 44197 52759 55126 76358 66103 82956 77100
82756 21212 00010 07004 11914 09014 22740 10019 33689 11015
44618 10019 55475 08027 66440 10015 77423 07506 88376 09509
99347 09512 11247 09515 22216 16013 33180 12012 44148 10523
55141 11525 66114 07526 77103 05547 31313 73508 82329 41414
38431=

NNNNN

ULID55 WABB 080000
TTCC  58002 97560 70866 77362 02009 50066 68170 25536
30376 60379 32027 20630 58584 22519 88999 77999 31313
73508 82329=

NNNNN

UEID55 WABB 080000
TTDD  5800/ 97560 11904 82757 22850 78560 33731 81359 44673
72165 55631 72564 66612 71565 77600 67769 88563 66170 99486
69170 11441 66375 22367 67774 33344 63779 44253 57984 55214
57384 66193 60384 77140 54185 21212 11973 07036 22829 11006
33786 23505 44746 31005 55707 01010 66671 14508 77637 16516
88606 14506 99576 27531 11473 27031 22450 28527 33407 25020
44387 27526 55368 27025 66351 31018 77334 31530 88303 32029
99275 28508 11250 24020 22217 25516 33188 22014 44179 11011
55170 08520 66163 02519 77148 07020 88140 08031 31313 73508
82329=

NNNNN

UPID55 WABB 080000
PPAA  58008 97560 55385 09018 11015 08021 55340 09508
09014 09516 55320 14512 10523 06043 77999=

NNNNN

UGID55 WABB 080000
PPBB  58008 97560 90/39 07004 09014 10019 9114/ 11015 10019
92134 08027 10015 07506 9279/ 09509 09512 937// 09515 94048
16013 12012 10523 949// 11525 9535/ 07526 05547=

NNNNN

UHID55 WABB 080000
PPCC  58008 97560 55370 02009 25536 32027 55120 22519
77999=

NNNNN

UQID55 WABB 080000
PPDD  58008 97560 9569/ 07036 11006 96012 23505 31005 01010
96345 14508 16516 14506 966// 27531 97013 27031 28527 25020
97456 27526 27025 31018 9779/ 31530 32029 98136 28508 24020
25516 989// 22014 99012 11011 08520 02519 9945/ 07020 08031=

NNNNN
