USID55 WABB 030000
TTAA  53001 97560 99013 25006 09008 00124 24010 11504
92809 21005 20508 85539 17407 17510 70187 10406 18513
50592 04100 17014 40764 12909 09022 30978 27510 05514
25107 38506 11012 20255 51910 14020 15435 68316 14033
10667 857// 08540 88999 77999 31313 73508 82329=

NNNNN

UKID55 WABB 030000
TTBB  53008 97560 00013 25006 11701 10406 22653 06004 33556
00003 44464 06500 55376 15507 66307 26111 77170 60513 88139
72318 99100 857// 21212 00013 09008 11980 22005 22947 16003
33915 19509 44884 20014 55854 17010 66825 18507 77796 18005
88769 21008 99742 18009 11716 16014 22642 18016 33619 15512
44597 14505 55575 21504 66554 16508 77533 17504 88514 20510
99495 15515 11476 15019 22441 09517 33321 06013 44295 04514
55283 03014 66260 06511 77249 10512 88238 10013 99198 14023
11189 14526 22181 14030 33141 14044 44128 13553 55115 11551
66109 10545 31313 73508 82329 41414 3842/=

NNNNN

ULID55 WABB 030000
TTCC  53003 97560 70872 697// 26534 50069 727// 26017
30379 633// 27510 88995 861// 08541 88626 735// 27037
77999 31313 73508 82329=

NNNNN

UEID55 WABB 030000
TTDD  5300/ 97560 11995 861// 22945 83923 33926 83523 44899
78321 55854 79121 66773 75119 77734 70517 88626 735// 99254
599// 21212 11925 08042 22877 05523 33832 01520 44790 30019
55714 26028 66679 26038 77613 27534 88553 29519 99499 26016
11474 30009 22451 31015 33429 29516 44409 24020 55352 25013
66335 27516 77304 26511 88290 28009 99276 28007 11263 33509
31313 73508 82329=

NNNNN

UPID55 WABB 030000
PPAA  53008 97560 55385 17510 18513 17014 55340 09022
05514 11012 55320 14020 14033 08540 77999=

NNNNN

UGID55 WABB 030000
PPBB  53008 97560 90/12 09008 22005 16003 90345 19509 20014
17010 90678 18507 18005 21008 909// 18009 91034 16014 18016
15512 91567 14505 21504 16508 9189/ 17504 20510 92013 15515
15019 09517 93134 06013 04514 03014 93678 06511 10512 10013
94234 14023 14526 14030 949// 14044 95134 13553 11551 10545=

NNNNN

UHID55 WABB 030000
PPCC  53008 97560 55370 26534 26017 27510 77999=

NNNNN

UQID55 WABB 030000
PPDD  53008 97560 95789 08042 05523 01520 96023 30019 26028
26038 96579 27534 29519 26016 97012 30009 31015 29516 97367
24020 25013 27516 979// 26511 98012 28009 28007 33509=

NNNNN
