USID55 WABB 070000
TTAA  57001 97560 99011 28839 12003 00115 27640 11504
92802 23250 09005 85538 19856 09506 70185 11456 06012
50592 05117 06512 40764 15525 07016 30975 29361 08020
25102 39746 09026 20250 52549 08526 15429 68756 10038
10661 75362 08016 88107 82757 10057 77999 31313 73508
82329=

NNNNN

UKID55 WABB 070000
TTBB  57008 97560 00011 28839 11955 24220 22788 17259 33624
05658 44584 01828 55562 00039 66524 02956 77517 03756 88509
04522 99479 07506 11466 08531 22450 10117 33430 11924 44423
12940 55420 13356 66396 16113 77382 17512 88375 18329 99373
18547 11369 19120 22357 20524 33355 20723 44351 21357 55350
21563 66349 21562 77348 21958 88343 22364 99338 23159 11313
27163 22274 34962 33261 37760 44249 40143 55143 71550 66107
82757 77105 78761 88100 75362 21212 00011 12003 11946 07506
22853 09506 33824 07008 44716 07513 55597 06012 66575 06509
77534 06510 88476 07511 99458 06509 11441 06511 22333 09019
33258 09025 44216 10526 55179 08526 66163 10527 77155 10536
88120 09046 99108 09557 11102 08027 31313 73508 82329 41414
22434=

NNNNN

ULID55 WABB 070000
TTCC  57002 97560 70865 79763 33014 50063 67979 34519
30373 62383 27512 20627 56585 07527 88999 77999 31313
73508 82329=

NNNNN

UEID55 WABB 070000
TTDD  5700/ 97560 11901 78362 22712 79563 33697 79563 44667
73168 55578 74370 66489 67180 77416 64183 88366 66582 99338
66582 11290 60584 22211 58984 33188 53985 44183 51386 55136
50986 21212 11969 11005 22920 21515 33828 23511 44786 30008
55745 29510 66707 32012 77671 31020 88638 28538 99606 29034
11576 30527 22520 34517 33448 32521 44426 27507 55406 22017
66333 22012 77302 27511 88261 27511 99249 26503 11237 34006
22226 04012 33215 10021 44196 08528 55170 10551 66148 08551
77142 09557 31313 73508 82329=

NNNNN

UPID55 WABB 070000
PPAA  57008 97560 55385 09506 06012 06512 55340 07016
08020 09026 55320 08526 10038 08016 77999=

NNNNN

UGID55 WABB 070000
PPBB  57008 97560 90/25 12003 07506 09506 906// 07008 91056
07513 06012 06509 918// 06510 92123 07511 06509 06511 9306/
09019 09025 94046 10526 08526 10527 947// 10536 95245 09046
09557 08027=

NNNNN

UHID55 WABB 070000
PPCC  57008 97560 55370 33014 34519 27512 55120 07527
77999=

NNNNN

UQID55 WABB 070000
PPDD  57008 97560 95679 11005 21515 23511 96012 30008 29510
32012 96345 31020 28538 29034 9668/ 30527 34517 97123 32521
27507 22017 9779/ 22012 27511 98234 27511 26503 34006 98568
04012 10021 08528 99145 10551 08551 09557=

NNNNN
