USID55 WABB 090000
TTAA  59001 97560 99013 26015 25010 00121 24818 29007
92806 21211 25012 85532 17412 18503 70178 08614 15013
50590 04709 09515 40762 14929 08520 30973 28760 08017
25102 38756 08515 20251 51950 11008 15430 68350 09521
10664 78558 20011 88111 81349 07028 77999 31313 73508
82329=

NNNNN

UKID55 WABB 090000
TTBB  59008 97560 00013 26015 11980 23410 22702 08614 33550
00009 44431 11727 55416 13556 66400 14929 77349 21962 88337
23562 99330 24158 11317 25956 22291 30362 33262 36160 44257
37356 55229 43746 66213 48356 77162 64156 88147 69556 99140
71728 11111 81349 22110 80356 33109 78558 44100 78558 21212
00013 25010 11947 23016 22883 27507 33854 18003 44796 18503
55768 13507 66715 12511 77689 13511 88665 14008 99641 15011
11618 18009 22595 15509 33574 13013 44532 09508 55513 10512
66494 08017 77332 07520 88269 09014 99258 07513 11226 09010
22216 09007 33206 07006 44188 10508 55171 07507 66163 06512
77140 09529 88127 10037 99114 08534 11108 08019 22102 17008
31313 73508 82329 41414 38472=

NNNNN

ULID55 WABB 090000
TTCC  59002 97560 70868 73961 24013 50065 68362 27018
30374 60561 22512 20630 54362 07030 88214 55760 05523
77999 31313 73508 82329=

NNNNN

UEID55 WABB 090000
TTDD  5900/ 97560 11893 80957 22764 77959 33734 74362 44613
74561 55507 68362 66453 71159 77420 70760 88378 64762 99351
65760 11316 60962 22290 61160 33242 53162 44214 55760 55177
50963 66165 52361 77155 50363 88136 52561 99128 49365 11116
46965 21212 11972 22012 22922 26522 33747 35012 44709 24512
55608 24518 66577 30015 77522 30017 88472 25027 99385 26011
11367 30016 22333 30516 33288 22518 44249 18526 55217 05523
66180 08538 77156 08040 88149 09049 99143 10544 11136 11041
22130 10055 33119 08550 31313 73508 82329=

NNNNN

UPID55 WABB 090000
PPAA  59008 97560 55385 18503 15013 09515 55340 08520
08017 08515 55320 11008 09521 20011 77999=

NNNNN

UGID55 WABB 090000
PPBB  59008 97560 90/24 25010 23016 27507 90578 18003 18503
13507 91012 12511 13511 14008 91345 15011 18009 15509 91689
13013 09508 10512 920// 08017 93056 07520 09014 07513 939//
09010 94013 09007 07006 10508 94569 07507 06512 09529 95134
10037 08534 08019 955// 17008=

NNNNN

UHID55 WABB 090000
PPCC  59008 97560 55370 24013 27018 22512 55120 07030
77999=

NNNNN

UQID55 WABB 090000
PPDD  59008 97560 9567/ 22012 26522 96125 35012 24512 24518
9668/ 30015 30017 97045 25027 26011 30016 977// 30516 98036
22518 18526 05523 99034 08538 08040 09049 99567 10544 11041
10055 999// 08550=

NNNNN
