USID55 WABB 310000
TTAA  81001 97560 99010 27818 30004 00100 27222 02003
92790 22618 27503 85525 18837 24008 70166 11256 28010
50589 04923 31506 40762 14324 03011 30974 28727 11013
25103 38938 10515 20251 52147 10026 15430 68756 09045
10665 82748 15011 88999 77999 31313 73508 82329=

NNNNN

UKID55 WABB 310000
TTBB  81008 97560 00010 27818 11789 15250 22757 13226 33734
13257 44690 11058 55657 07444 66557 00036 77396 14724 88331
23524 99253 38139 11230 43919 22208 49946 33151 68356 44120
75960 55100 82748 21212 00010 30004 11978 04003 22945 02002
33914 25003 44823 23008 55795 25011 66689 26511 77665 25009
88618 21508 99596 29009 11574 30513 22532 26007 33513 29009
44493 01006 55423 05509 66391 03518 77332 05517 88294 12011
99270 10510 11247 10516 22197 10026 33188 10029 44140 08539
55127 04023 66120 02016 77114 13506 88108 17009 99103 17513
31313 73508 82329 41414 38477=

NNNNN

ULID55 WABB 310000
TTCC  81002 97560 70865 75360 27028 50059 66364 26028
30371 60778 20516 20626 53983 17014 88943 84940 14516
77999 31313 73508 82329=

NNNNN

UEID55 WABB 310000
TTDD  8100/ 97560 11943 84940 22869 85340 33842 85348 44833
83357 55741 75960 66636 78757 77556 77958 88534 75559 99519
67766 11495 65564 22412 66963 33302 60977 44241 61981 55229
57184 66218 54385 77206 54983 88196 52384 99175 54379 11146
54780 22129 51782 33114 51983 21212 11874 10525 22827 06506
33784 15507 44744 24011 55706 27026 66670 26532 77636 27028
88603 27019 99573 23511 11544 27018 22516 26027 33491 26031
44467 27030 55445 28025 66423 28531 77384 24517 88365 26513
99331 21523 11286 18511 22273 25009 33260 27014 44248 25011
55236 31009 66215 32515 77205 16505 88196 10510 99178 05529
11162 08035 22155 10027 33148 10033 44123 08541 55117 09546
31313 73508 82329=

NNNNN

UPID55 WABB 310000
PPAA  81008 97560 55385 24008 28010 31506 55340 03011
11013 10515 55320 10026 09045 15011 77999=

NNNNN

UGID55 WABB 310000
PPBB  81008 97560 90/12 30004 04003 02002 90367 25003 23008
25011 91124 26511 25009 21508 91568 29009 30513 26007 919//
29009 92046 01006 05509 03518 93035 05517 12011 10510 937//
10516 94239 10026 10029 08539 95123 04023 02016 13506 9545/
17009 17513=

NNNNN

UHID55 WABB 310000
PPCC  81008 97560 55370 27028 26028 20516 55120 17014
77999=

NNNNN

UQID55 WABB 310000
PPDD  81008 97560 9589/ 10525 06506 96012 15507 24011 27026
96345 26532 27028 27019 96678 23511 27018 26027 969// 26031
97012 27030 28025 28531 97457 24517 26513 21523 98012 18511
25009 27014 98346 25011 31009 32515 9878/ 16505 10510 99023
05529 08035 10027 99489 10033 08541 09546=

NNNNN
