USID55 WABB 190000
TTAA  69001 97560 99011 25006 01001 00110 24613 07003
92791 22846 13005 85528 18435 10510 70169 10649 11014
50590 05306 07514 40763 14920 07021 30975 28325 08519
25103 38527 07517 20252 51342 10523 15432 67734 11537
88999 77999 31313 73508 82329=

NNNNN

UKID55 WABB 190000
TTBB  69008 97560 00011 25006 11990 23815 22952 24046 33808
15816 44688 10656 55592 01206 66556 00007 77457 08312 88349
20524 99286 30928 11241 40920 22207 49546 33160 64132 44148
68530 55144 70545 66112 83535 77105 85336 88104 85734 99101
84150 21212 00011 01001 11979 10008 22946 13509 33914 13507
44853 11010 55689 11017 66641 07515 77574 09022 88475 07517
99440 08021 11423 05522 22361 09025 33347 09030 44333 09025
55207 08020 66198 10526 77189 10529 88114 10543 99101 08535
31313 73508 82329 41414 4842/=

NNNNN

ULID55 WABB 190000
TTCC  6900/ 97560 88999 77999 31313 73508 82329=

NNNNN

UEID55 WABB 190000
TTDD  6900/ 97560 31313 73508 82329=

NNNNN

UPID55 WABB 190000
PPAA  69008 97560 55385 10510 11014 07514 55340 07021
08519 07517 55220 10523 11537 77999=

NNNNN

UGID55 WABB 190000
PPBB  69008 97560 90/12 01001 10008 13509 9035/ 13507 11010
91136 11017 07515 09022 92134 07517 08021 05522 9289/ 09025
09030 930// 09025 94123 08020 10526 10529 9535/ 10543 08535=

NNNNN

UHID55 WABB 190000
PPCC  69008 97560 77999=

NNNNN

UQID55 WABB 190000
PPDD  69008 97560=

NNNNN
