USID55 WABB 010000
TTAA  51001 97560 99009 26624 25004 00092 26233 25008
92779 22856 23523 85513 19456 23516 70159 09639 24008
50588 04502 01007 40761 13708 08008 30974 27909 01513
25102 38512 06011 20251 51912 05512 15430 68721 07022
10662 85124 05036 88999 77999 31313 73508 82329=

NNNNN

UKID55 WABB 010000
TTBB  51008 97560 00009 26624 11967 23825 22954 24256 33823
18056 44577 00004 55548 00703 66422 11110 77324 23911 88281
31709 99190 55112 11165 63520 22162 64723 33139 72121 44131
74919 55128 75520 66127 75920 77126 76337 88122 77522 99100
85124 21212 00009 25004 11977 23515 22822 24515 33766 25010
44739 26009 55713 24012 66664 28510 77594 19003 88573 20006
99551 06506 11531 02504 22512 00507 33492 35506 44474 34507
55456 02509 66390 06509 77346 07009 88319 04511 99281 03014
11258 04010 22247 06011 33226 06513 44216 07510 55207 07012
66155 06521 77140 09527 88133 10532 99102 04537 31313 73508
82329 41414 48455=

NNNNN

ULID55 WABB 010000
TTCC  5100/ 97560 88999 77999 31313 73508 82329=

NNNNN

UEID55 WABB 010000
TTDD  5100/ 97560 31313 73508 82329=

NNNNN

UPID55 WABB 010000
PPAA  51008 97560 55385 23516 24008 01007 55340 08008
01513 06011 55320 05512 07022 05036 77999=

NNNNN

UGID55 WABB 010000
PPBB  51008 97560 90/16 25004 23515 24515 9089/ 25010 26009
91025 24012 28510 19003 91678 20006 06506 02504 919// 00507
92012 35506 34507 02509 9269/ 06509 07009 93146 04511 03014
04010 9379/ 06011 06513 94017 07510 07012 06521 949// 09527
9505/ 10532 04537=

NNNNN

UHID55 WABB 010000
PPCC  51008 97560 77999=

NNNNN

UQID55 WABB 010000
PPDD  51008 97560=

NNNNN
