USID55 WABB 220000
TTAA  72001 97560 99013 24813 09008 00122 24012 09010
92807 21410 06007 85538 17412 02503 70188 10238 02008
50591 04504 09509 40764 13110 12022 30978 27915 12522
25106 38324 12525 20255 51726 13527 15434 67938 13535
10668 80922 10033 88999 77999 31313 73508 82329=

NNNNN

UKID55 WABB 220000
TTBB  72008 97560 00013 24813 11976 22809 22963 23420 33801
15006 44721 11443 55579 00002 66544 01300 77430 10108 88381
15110 99322 23917 11237 41316 22228 43527 33221 45522 44215
47133 55209 49122 66199 52123 77194 53722 88188 55316 99185
56129 11184 56516 22181 57340 33178 58356 44171 60550 55170
60734 66166 61943 77164 62730 88149 68341 99147 69146 11146
69356 22133 73525 33129 75319 44123 77333 55122 77935 66119
78523 77113 80522 88106 80135 99100 80922 21212 00013 09008
11980 08514 22947 07507 33884 05506 44854 02502 55769 06006
66742 05006 77716 02010 88666 01010 99642 00511 11619 27005
22596 05505 33553 10011 44533 10010 55513 08508 66494 09509
77476 09010 88407 12022 99320 11520 11283 12522 22189 13525
33181 14530 44141 11537 55109 08542 31313 73508 82329 41414
6942/=

NNNNN

ULID55 WABB 220000
TTCC  72002 97560 70871 76120 25528 50066 69717 18011
30378 64315 27015 20631 59513 36007 88918 83927 10533
88643 779// 25019 77999 31313 73508 82329=

NNNNN

UEID55 WABB 220000
TTDD  7200/ 97560 11942 83135 22918 83927 33872 81722 44861
78341 55844 77125 66833 75534 77818 75320 88743 74319 99644
77921 11643 779// 22570 77120 33489 69317 44473 64715 55396
64915 66342 61714 77304 64315 88264 62714 99239 56112 11208
58312 22198 58312 33194 58513 44192 58118 55191 57535 66190
57332 77189 57318 88188 57514 99187 57912 11186 58117 22185
57743 33183 57324 44179 56915 55175 55727 66172 54732 77169
54718 88163 55311 99158 55139 11153 51556 22133 53733 33128
53533 21212 11928 11035 22879 07018 33833 33005 44792 26509
55752 23014 66677 26023 77522 16519 88496 18012 99472 32007
11428 29530 22388 28526 33319 25521 44276 28523 55239 25512
66228 29508 77217 30513 88207 28506 99197 01511 11188 36019
22171 10027 33156 11534 44142 10048 55136 09055 66128 08560
31313 73508 82329=

NNNNN

UPID55 WABB 220000
PPAA  72008 97560 55385 02503 02008 09509 55340 12022
12522 12525 55320 13527 13535 10033 77999=

NNNNN

UGID55 WABB 220000
PPBB  72008 97560 90/12 09008 08514 07507 90458 05506 02502
06006 909// 05006 91023 02010 01010 00511 91457 27005 05505
10011 9189/ 10010 08508 92015 09509 09010 12022 9314/ 11520
12522 94349 13525 14530 11537 954// 08542=

NNNNN

UHID55 WABB 220000
PPCC  72008 97560 55370 25528 18011 27015 55120 36007
77999=

NNNNN

UQID55 WABB 220000
PPDD  72008 97560 95789 11035 07018 33005 96013 26509 23014
26023 9689/ 16519 18012 97024 32007 29530 28526 978// 25521
98145 28523 25512 29508 98678 30513 28506 01511 989// 36019
99135 10027 11534 10048 9967/ 09055 08560=

NNNNN
