USID55 WABB 020000
TTAA  52001 97560 99010 27436 00000 00099 26435 00000
92785 24057 21503 85525 19450 22007 70170 09830 22512
50589 04512 01508 40762 14120 15004 30975 28728 13009
25102 39527 15018 20251 52756 12016 15430 67756 10542
10663 82356 09041 88102 82549 08040 77999 31313 73508
82329=

NNNNN

UKID55 WABB 020000
TTBB  52008 97560 00010 27436 11975 24419 22940 24858 33818
17446 44786 16657 55643 05427 66563 00012 77466 07314 88375
17122 99321 24930 11247 40123 22192 55349 33186 57150 44183
57758 55161 64756 66130 74749 77117 78758 88102 82549 99100
82356 21212 00010 00000 11977 18502 22945 29002 33913 22503
44852 22006 55823 21513 66665 25014 77618 25005 88596 23006
99574 25005 11553 31505 22532 31503 33512 00510 44475 01506
55457 36008 66439 34502 77423 12003 88407 09503 99391 16005
11361 15008 22346 15011 33333 15010 44319 15009 55306 13510
66293 11507 77282 12511 88258 15516 99216 14517 11179 10522
22171 10532 33147 10545 44140 11050 55120 11555 66114 09543
77108 07047 31313 73508 82329 41414 2842/=

NNNNN

ULID55 WABB 020000
TTCC  52003 97560 70867 79157 25514 50066 69357 28032
30378 60960 28526 88999 77999 31313 73508 82329=

NNNNN

UEID55 WABB 020000
TTDD  5200/ 97560 11958 77360 22837 79557 33806 76960 44767
78756 55711 79757 66658 72361 77539 68558 88495 69756 99469
70357 11417 66757 22403 62560 33371 63957 44284 60560 21212
11970 09036 22921 12008 33874 23514 44829 19515 55787 27019
66747 29019 77708 26017 88672 26008 99638 27507 11607 29525
22549 28524 33497 28031 44472 27021 55427 29020 66387 25029
77351 25022 88319 29026 99290 27022 31313 73508 82329=

NNNNN

UPID55 WABB 020000
PPAA  52008 97560 55385 22007 22512 01508 55340 15004
13009 15018 55320 12016 10542 09041 77999=

NNNNN

UGID55 WABB 020000
PPBB  52008 97560 90/12 00000 18502 29002 90356 22503 22006
21513 91245 25014 25005 23006 91678 25005 31505 31503 919//
00510 92123 01506 36008 34502 92456 12003 09503 16005 9289/
15008 15011 93012 15010 15009 13510 93346 11507 12511 15516
94045 14517 10522 10532 9489/ 10545 11050 95234 11555 09543
07047=

NNNNN

UHID55 WABB 020000
PPCC  52008 97560 55370 25514 28032 28526 77999=

NNNNN

UQID55 WABB 020000
PPDD  52008 97560 95678 09036 12008 23514 959// 19515 96012
27019 29019 26017 96345 26008 27507 29525 9679/ 28524 28031
97024 27021 29020 25029 9768/ 25022 29026 980// 27022=

NNNNN
