USID55 WABB 040000
TTAA  54001 97560 99011 25013 34002 00113 26441 12504
92802 22844 12511 85534 18237 15512 70174 09643 19014
50589 05717 15507 40761 14726 13514 30973 29133 09522
25101 39338 08522 20250 52150 06518 15429 68956 08027
10662 83157 13041 88999 77999 31313 73508 82329=

NNNNN

UKID55 WABB 040000
TTBB  54008 97560 00011 25013 11007 26232 22997 26849 33946
22616 44925 22844 55830 16837 66742 12644 77643 05209 88567
00024 99423 12125 11341 22525 22289 31135 33145 70756 44116
77761 55100 83157 21212 00011 34002 11979 13008 22946 12011
33914 15009 44883 14511 55767 18516 66689 18013 77665 17007
88641 15006 99618 12512 11595 06510 22532 01503 33512 15007
44493 14009 55475 14012 66457 17508 77422 15511 88375 14019
99360 15016 11306 10020 22216 07519 33197 06517 44147 07526
55140 07035 66120 06026 77108 12037 31313 73508 82329 41414
42379=

NNNNN

ULID55 WABB 040000
TTCC  54002 97560 70867 74758 29029 50062 71157 27509
30374 60783 29525 20628 56785 06031 88983 84157 13044
77999 31313 73508 82329=

NNNNN

UEID55 WABB 040000
TTDD  5400/ 97560 11983 84157 22951 83757 33928 79361 44886
76162 55802 79158 66724 74360 77670 75557 88604 74757 99588
72159 11520 72356 22452 65760 33416 66958 44378 62562 55259
61383 66220 56185 77186 57184 88157 53985 99146 49586 11145
47787 22114 47187 21212 11969 12546 22918 09527 33872 26003
44827 25017 55785 26016 66745 30029 77605 28014 88576 20513
99547 25013 11520 24511 22494 27010 33447 21525 44405 22518
55385 27514 66261 28020 77237 20515 88216 09023 99206 05527
11187 10030 22179 08541 33155 09544 44148 08057 55123 09050
66118 10052 31313 73508 82329=

NNNNN

UPID55 WABB 040000
PPAA  54008 97560 55385 15512 19014 15507 55340 13514
09522 08522 55320 06518 08027 13041 77999=

NNNNN

UGID55 WABB 040000
PPBB  54008 97560 90/12 34002 13008 12011 90348 15009 14511
18516 91123 18013 17007 15006 91458 12512 06510 01503 919//
15007 92012 14009 14012 17508 92478 15511 14019 15016 932//
10020 94028 07519 06517 07526 949// 07035 9524/ 06026 12037=

NNNNN

UHID55 WABB 040000
PPCC  54008 97560 55370 29029 27509 29525 55120 06031
77999=

NNNNN

UQID55 WABB 040000
PPDD  54008 97560 95678 12546 09527 26003 959// 25017 96015
26016 30029 28014 96678 20513 25013 24511 969// 27010 97134
21525 22518 27514 98246 28020 20515 09023 9879/ 05527 10030
99034 08541 09544 08057 9989/ 09050 10052=

NNNNN
