USID55 WABB 130000
TTAA  63001 97560 99011 25208 06002 00110 26238 13005
92799 22229 16009 85532 17619 12008 70177 09420 09510
50589 05307 05018 40761 14312 11529 30974 28317 09525
25102 38516 10023 20251 51510 10524 15430 68118 12021
10664 78921 01505 88999 77999 31313 73508 82329=

NNNNN

UKID55 WABB 130000
TTBB  63008 97560 00011 25208 11005 26437 22885 19209 33759
13628 44619 04229 55575 00010 66483 06508 77397 14513 88316
25318 99245 39511 11155 66516 22129 76320 33121 78921 44117
79921 55114 79521 66113 79122 77112 77538 88110 76923 99100
78921 21212 00011 06002 11979 15511 22946 15008 33768 08509
44741 10008 55715 07511 66641 11010 77618 06013 88574 05013
99552 08515 11532 07010 22493 06517 33422 08526 44406 11524
55375 10534 66360 10530 77346 10029 88247 10023 99140 11021
11133 09026 22127 08529 33114 08033 44103 06511 31313 73508
82329 41414 19428=

NNNNN

ULID55 WABB 130000
TTCC  6300/ 97560 88999 77999 31313 73508 82329=

NNNNN

UEID55 WABB 130000
TTDD  6300/ 97560 21212 11973 34006 31313 73508 82329=

NNNNN

UPID55 WABB 130000
PPAA  63008 97560 55385 12008 09510 05018 55340 11529
09525 10023 55320 10524 12021 01505 77999=

NNNNN

UGID55 WABB 130000
PPBB  63008 97560 90/12 06002 15511 15008 9089/ 08509 10008
91034 07511 11010 06013 91678 05013 08515 07010 92045 06517
08526 11524 92789 10534 10530 10029 937// 10023 949// 11021
95013 09026 08529 08033 955// 06511=

NNNNN

UHID55 WABB 130000
PPCC  63008 97560 77999=

NNNNN

UQID55 WABB 130000
PPDD  63008 97560 956// 34006=

NNNNN
