USID55 WABB 120000
TTAA  62001 97560 99010 26217 32003 00096 25831 02005
92782 23031 09011 85518 18829 10512 70167 09608 11013
50589 04549 08019 40762 14358 08030 30975 29134 08521
25102 38932 08029 20251 51942 07030 15430 68156 07527
10663 82956 09028 88102 85138 10032 77999 31313 73508
82329=

NNNNN

UKID55 WABB 120000
TTBB  62008 97560 00010 26217 11990 26844 22798 16250 33700
09608 44625 05639 55553 00056 66531 01558 77485 06515 88471
07104 99460 07943 11440 09758 22417 12150 33407 13158 44358
20124 55314 26517 66291 31150 77278 33357 88267 35531 99139
70958 11102 85138 22100 82956 21212 00010 32003 11977 09003
22852 10513 33618 09513 44553 09018 55423 08527 66407 08031
77391 08526 88361 12022 99270 07522 11258 08027 22247 08029
33237 08028 44207 06527 55197 07029 66180 07026 77155 06527
88148 08029 99133 06034 11108 09524 22102 10032 31313 73508
82329 41414 32379=

NNNNN

ULID55 WABB 120000
TTCC  62002 97560 70867 72562 33017 50065 68363 31019
30377 59184 32019 20631 56185 09024 88999 77999 31313
73508 82329=

NNNNN

UEID55 WABB 120000
TTDD  6200/ 97560 11928 81356 22902 80757 33887 77360 44829
79157 55797 75161 66691 71962 77579 74361 88561 74962 99535
68965 11480 69561 22421 67765 33343 59178 44281 61583 55231
59584 66217 56385 77195 56785 88188 56785 99183 53385 11166
53785 22128 49586 21212 11970 07012 22919 09005 33872 19011
44826 20018 55785 18008 66745 11510 77708 34014 88578 28519
99549 32014 11472 31012 22406 23510 33386 24009 44368 22013
55350 26006 66334 33011 77276 31512 88263 20013 99239 19025
11227 12514 22197 09524 33171 08554 44142 07555 55130 10061
31313 73508 82329=

NNNNN

UPID55 WABB 120000
PPAA  62008 97560 55385 10512 11013 08019 55340 08030
08521 08029 55320 07030 07527 09028 77999=

NNNNN

UGID55 WABB 120000
PPBB  62008 97560 90/15 32003 09003 10513 9147/ 09513 09018
92456 08527 08031 08526 928// 12022 93567 07522 08027 08029
938// 08028 94124 06527 07029 07026 9478/ 06527 08029 95045
06034 09524 10032=

NNNNN

UHID55 WABB 120000
PPCC  62008 97560 55370 33017 31019 32019 55120 09024
77999=

NNNNN

UQID55 WABB 120000
PPDD  62008 97560 95678 07012 09005 19011 959// 20018 96012
18008 11510 34014 9667/ 28519 32014 97034 31012 23510 24009
97567 22013 26006 33011 98124 31512 20013 19025 9858/ 12514
09524 99157 08554 07555 10061=

NNNNN
