USID55 WABB 050000
TTAA  55001 97560 99011 28641 29004 00109 27648 30005
92792 21818 25506 85528 18039 07503 70165 10256 10010
50590 04537 09515 40762 14737 09517 30974 29364 07519
25101 39561 09016 20250 52158 08026 15429 68350 09534
10660 85948 09041 88999 77999 31313 73508 82329=

NNNNN

UKID55 WABB 050000
TTBB  55008 97560 00011 28641 11924 21617 22795 14434 33764
13857 44720 11247 55687 10059 66674 08641 77604 03844 88569
00015 99560 01108 11479 06158 22467 07557 33458 08360 44447
09549 55439 10158 66412 13758 77402 14943 88389 15156 99372
17560 11366 18357 22360 19160 33353 20156 44352 20350 55351
20550 66348 20762 77320 25971 88285 32560 99257 37967 11239
42157 22230 44160 33211 48962 44199 52358 55100 85948 21212
00011 29004 11914 24505 22883 11003 33823 03505 44795 08007
55767 08511 66740 10010 77689 10511 88641 12016 99595 09514
11406 09516 22332 08015 33269 09517 44236 09520 55206 08026
66188 08525 77171 09533 88133 08032 99126 06528 11120 06530
31313 73508 82329 41414 22423=

NNNNN

ULID55 WABB 050000
TTCC  55002 97560 70863 78962 31017 50061 69781 25029
30370 60983 29519 20625 55385 08522 88988 86143 09541
77999 31313 73508 82329=

NNNNN

UEID55 WABB 050000
TTDD  5500/ 97560 11988 86143 22976 82159 33968 77762 44894
75761 55808 79761 66692 79162 77662 77764 88641 72968 99538
68778 11486 70181 22350 62983 33237 60783 44220 55785 55158
54985 21212 11965 09532 22916 11510 33870 22008 44826 27019
55783 26522 66705 31018 77668 26509 88603 23013 99545 26021
11445 27018 22424 29518 33331 28021 44286 30516 55260 22516
66236 19509 77225 08018 88215 04026 99195 09522 11178 08037
22162 08539 31313 73508 82329=

NNNNN

UPID55 WABB 050000
PPAA  55008 97560 55385 07503 10010 09515 55340 09517
07519 09016 55320 08026 09534 09041 77999=

NNNNN

UGID55 WABB 050000
PPBB  55008 97560 90/34 29004 24505 11003 90678 03505 08007
08511 909// 10010 91135 10511 12016 09514 925// 09516 93058
08015 09517 09520 94135 08026 08525 09533 95012 08032 06528
06530=

NNNNN

UHID55 WABB 050000
PPCC  55008 97560 55370 31017 25029 29519 55120 08522
77999=

NNNNN

UQID55 WABB 050000
PPDD  55008 97560 95678 09532 11510 22008 959// 27019 96023
26522 31018 26509 9657/ 23013 26021 97127 27018 29518 28021
98024 30516 22516 19509 98568 08018 04026 09522 9902/ 08037
08539=

NNNNN
