USID55 WABB 050000
TTAA  55001 97560 99009 29029 08006 00088 28034 11006
92779 22406 11016 85513 17417 11025 70160 12057 10011
50589 04956 07515 40762 14731 09016 30974 29563 08523
25101 39342 08522 20250 51933 08522 15430 68356 07519
10663 76759 03511 88110 81956 10038 77999 31313 73508
82329=

NNNNN

UKID55 WABB 050000
TTBB  55008 97560 00009 29029 11958 24406 22852 17418 33742
14450 44680 10857 55559 00032 66501 05156 77495 04762 88485
05957 99470 07356 11464 07760 22451 09159 33446 09747 44432
10940 55430 11330 66426 11559 77425 11562 88421 12157 99418
12359 11415 12757 22414 12944 33410 13556 44405 14325 55385
16926 66369 18957 77366 19362 88356 20562 99348 22157 11342
22761 22337 23761 33333 24359 44330 24757 55328 24957 66327
25161 77320 26156 88317 26946 99313 27358 11309 28350 22308
28545 33306 28358 44305 28562 55288 31365 66250 39342 77219
46919 88147 69157 99110 81956 11103 77160 22100 76759 21212
00009 08006 11977 10510 22881 09524 33794 12022 44739 11518
55713 09514 66640 10010 77618 11009 88595 10510 99574 07009
11532 07509 22512 10013 33493 08515 44475 09010 55440 08015
66346 07022 77163 07520 88140 08527 99133 08531 11108 09033
22102 05512 31313 73508 82329 41414 48435=

NNNNN

ULID55 WABB 050000
TTCC  55002 97560 70866 76562 34512 50065 66970 21018
30377 64183 26029 20628 55185 08002 88842 83557 35005
77999 31313 73508 82329=

NNNNN

UEID55 WABB 050000
TTDD  5500/ 97560 11842 83557 22816 82758 33778 74364 44703
76362 55681 73565 66624 74364 77539 66570 88466 68370 99422
67172 11403 62577 22302 64183 33213 60584 44203 56385 55180
55185 66161 57984 77152 58584 88147 55785 99136 55585 21212
11972 00518 22921 35520 33873 36012 44828 02003 55785 02012
66745 34508 77708 36014 88672 27013 99638 30017 11576 28021
22521 20026 33472 23510 44449 22010 55427 24510 66406 30508
77369 28024 88351 27528 99335 27030 11304 26530 22275 24524
33250 25014 44238 22518 55216 21023 66206 22510 77196 36003
88187 04505 99179 09009 11163 04510 22148 07524 33141 05530
31313 73508 82329=

NNNNN

UPID55 WABB 050000
PPAA  55008 97560 55385 11025 10011 07515 55340 09016
08523 08522 55320 08522 07519 03511 77999=

NNNNN

UGID55 WABB 050000
PPBB  55008 97560 90/14 08006 10510 09524 9079/ 12022 11518
91034 09514 10010 11009 91568 10510 07009 07509 919// 10013
92013 08515 09010 08015 929// 07022 9469/ 07520 08527 95045
08531 09033 05512=

NNNNN

UHID55 WABB 050000
PPCC  55008 97560 55370 34512 21018 26029 55120 08002
77999=

NNNNN

UQID55 WABB 050000
PPDD  55008 97560 95678 00518 35520 36012 959// 02003 96012
02012 34508 36014 96346 27013 30017 28021 968// 20026 97012
23510 22010 24510 97356 30508 28024 27528 9779/ 27030 26530
98134 24524 25014 22518 98678 21023 22510 36003 989// 04505
99024 09009 04510 07524 995// 05530=

NNNNN
