USID55 WABB 110000
TTAA  61001 97560 99011 30256 11008 00104 28856 12508
92796 22426 09509 85526 17216 08509 70176 10240 06520
50590 05150 04521 40763 14362 06025 30974 29759 07018
25101 38950 13524 20251 51956 13029 15430 68157 12528
10662 82358 09511 88999 77999 31313 73508 82329=

NNNNN

UKID55 WABB 110000
TTBB  61008 97560 00011 30256 11933 22613 22908 21438 33824
15221 44821 16232 55799 16256 66633 05234 77557 00048 88474
07756 99466 08341 11459 08956 22455 08960 33435 11345 44425
11162 55405 13561 66394 14967 77391 15166 88380 16180 99362
18957 11316 26761 22273 34757 33271 34957 44270 34950 55267
35559 66266 35762 77257 37762 88252 38756 99235 42537 11177
58759 22133 74350 33108 82156 44100 82358 21212 00011 11008
11978 11011 22946 11008 33914 09510 44883 09010 55853 08009
66795 07016 77553 05019 88346 07521 99333 05517 11236 14022
22206 13530 33179 12528 44148 12528 55133 11535 66114 09539
77108 08527 88102 08521 31313 73508 82329 41414 38431=

NNNNN

ULID55 WABB 110000
TTCC  61002 97560 70864 74766 24017 50064 67982 32518
30374 60584 31510 20629 55585 09027 88907 85350 19006
77999 31313 73508 82329=

NNNNN

UEID55 WABB 110000
TTDD  6100/ 97560 11907 85350 22847 83157 33757 73764 44706
75165 55640 69375 66539 71781 77508 68182 88418 70581 99394
66982 11357 66382 22316 60783 33246 57384 44211 57784 55205
58384 66200 55585 77184 55785 88149 48787 21212 11969 20003
22918 20007 33870 34007 44824 01511 55782 36010 66742 26018
77705 23519 88637 29518 99548 30519 11495 32515 22426 24511
33405 27013 44386 23511 55367 25007 66349 24012 77332 25014
88317 19506 99302 31010 11288 33516 22249 35521 33238 00514
44227 03522 55216 09020 66206 10523 77197 08531 88188 11028
99171 10539 11163 10046 22156 09055 31313 73508 82329=

NNNNN

UPID55 WABB 110000
PPAA  61008 97560 55385 08509 06520 04521 55340 06025
07018 13524 55320 13029 12528 09511 77999=

NNNNN

UGID55 WABB 110000
PPBB  61008 97560 90/12 11008 11011 11008 90345 09510 09010
08009 907// 07016 917// 05019 929// 07521 9308/ 05517 14022
94148 13530 12528 12528 95034 11535 09539 08527 955// 08521=

NNNNN

UHID55 WABB 110000
PPCC  61008 97560 55370 24017 32518 31510 55120 09027
77999=

NNNNN

UQID55 WABB 110000
PPDD  61008 97560 95678 20003 20007 34007 959// 01511 96012
36010 26018 23519 96479 29518 30519 32515 97234 24511 27013
23511 97567 25007 24012 25014 9789/ 19506 31010 98034 33516
35521 00514 98567 03522 09020 10523 9889/ 08531 11028 99123
10539 10046 09055=

NNNNN
