USID55 WABB 040000
TTAA  54001 97560 99008 30450 08010 00086 29050 07508
92771 22608 08508 85505 19026 11509 70159 11857 08011
50590 02962 05509 40762 14760 09512 30974 29762 09527
25102 39567 09025 20250 52761 05026 15429 68158 06031
10664 81558 20516 88999 77999 31313 73508 82329=

NNNNN

UKID55 WABB 040000
TTBB  54008 97560 00008 30450 11931 23208 22901 21208 33887
20641 44879 20010 55823 17656 66681 11058 77546 00032 88527
01537 99511 01962 11496 03168 22460 08157 33407 13965 44402
14561 55394 14962 66393 15361 77391 15563 88390 15770 99389
15771 11386 16362 22384 16758 33293 31359 44280 33366 55219
47365 66137 72756 77115 76160 88100 81558 21212 00008 08010
11976 10008 22944 09011 33912 09009 44881 09511 55851 11509
66793 10508 77766 09514 88713 06013 99688 07014 11664 11005
22640 03504 33617 01502 44595 33004 55573 32006 66553 34005
77532 02004 88513 05507 99475 05509 11457 05512 22407 09515
33293 09529 44269 08025 55226 08026 66216 07030 77197 05027
88163 06033 99126 07543 11114 10532 22108 12016 31313 73508
82329 41414 12322=

NNNNN

ULID55 WABB 040000
TTCC  54002 97560 70867 70167 21007 50068 67975 27022
30381 58384 27017 20638 58584 32008 88954 82957 22019
77999 31313 73508 82329=

NNNNN

UEID55 WABB 040000
TTDD  5400/ 97560 11954 82957 22867 81357 33844 78160 44737
76762 55709 71167 66626 70769 77589 67373 88437 69376 99394
68777 11361 60184 22270 56185 33201 58384 44189 56185 55168
57584 66165 58184 77157 52186 88143 49187 21212 11972 23019
22873 18007 33828 07011 44786 06506 55746 07505 66708 19504
77674 23507 88641 22507 99609 28512 11551 30518 22451 25521
33429 26517 44388 20515 55352 26015 66291 28016 77230 32515
88219 28507 99199 32008 11190 01016 22181 04011 33173 08009
44165 10512 55157 13528 66150 13531 77143 13037 31313 73508
82329=

NNNNN

UPID55 WABB 040000
PPAA  54008 97560 55385 11509 08011 05509 55340 09512
09527 09025 55320 05026 06031 20516 77999=

NNNNN

UGID55 WABB 040000
PPBB  54008 97560 90/12 08010 10008 09011 90345 09009 09511
11509 9078/ 10508 09514 91012 06013 07014 11005 91345 03504
01502 33004 91678 32006 34005 02004 919// 05507 92125 05509
05512 09515 93359 09529 08025 08026 94026 07030 05027 06033
95134 07543 10532 12016=

NNNNN

UHID55 WABB 040000
PPCC  54008 97560 55370 21007 27022 27017 55120 32008
77999=

NNNNN

UQID55 WABB 040000
PPDD  54008 97560 95689 23019 18007 07011 96012 06506 07505
19504 96345 23507 22507 28512 967// 30518 97124 25521 26517
20515 976// 26015 98056 28016 32515 28507 9889/ 32008 01016
99012 04011 08009 10512 99345 13528 13531 13037=

NNNNN
