USID55 WABB 150000
TTAA  65002 97560 99011 30048 11004 00103 28446 08005
92795 22821 08010 85529 18627 06508 70179 11056 12510
50591 03750 06519 40764 14366 06521 30976 29359 06021
25103 39766 07015 88999 77999 31313 73508 82329=

NNNNN

UKID55 WABB 150000
TTBB  65008 97560 00011 30048 11919 22214 22702 11056 33576
01220 44545 00056 55473 06357 66457 08518 77430 11143 88422
11360 99407 13561 11398 14568 22384 16369 33376 17367 44371
17959 55363 19156 66341 21760 77295 30558 88266 35966 99230
44761 21212 00011 11004 11946 08010 22914 08010 33883 07510
44824 07509 55768 06005 66741 11509 77715 12011 88690 11010
99666 10510 11619 10012 22596 08509 33575 08512 44533 09512
55495 07019 66476 08020 77441 06019 88361 08521 99259 06017
11237 07013 31313 73508 82329 41414 22439=

NNNNN

ULID55 WABB 150000
TTCC  6500/ 97560 88999 77999 31313 73508 82329=

NNNNN

UEID55 WABB 150000
TTDD  6500/ 97560 31313 73508 82329=

NNNNN

UPID55 WABB 150000
PPAA  65008 97560 55385 06508 12510 06519 55340 06521
06021 07015 77999=

NNNNN

UGID55 WABB 150000
PPBB  65008 97560 90/23 11004 08010 08010 90468 07510 07509
06005 909// 11509 91012 12011 11010 10510 91456 10012 08509
08512 918// 09512 92013 07019 08020 06019 928// 08521 9368/
06017 07013=

NNNNN

UHID55 WABB 150000
PPCC  65008 97560 77999=

NNNNN

UQID55 WABB 150000
PPDD  65008 97560=

NNNNN
