USID55 WABB 180000
TTAA  68001 97560 99011 28227 22002 00104 27034 19502
92792 22422 11010 85527 18229 10512 70169 10234 07509
50590 04350 06519 40763 13950 06019 30975 29156 08511
25103 39156 12011 20251 52140 13522 15431 67956 11531
10663 86739 12522 88999 77999 31313 73508 82329=

NNNNN

UKID55 WABB 180000
TTBB  68008 97560 00011 28227 11901 20620 22770 14850 33635
06256 44555 00033 55533 01558 66505 03948 77476 05962 88451
07963 99433 09958 11426 10761 22419 11756 33412 12356 44408
12935 55400 13950 66395 13961 77393 14165 88374 17160 99373
17358 11372 17557 22370 17756 33364 18365 44346 20972 55334
22967 66328 24159 77312 26950 88286 31361 99255 38150 11210
49156 22200 52140 33170 61546 44163 63357 55100 86739 21212
00011 22002 11978 21004 22945 12004 33883 09513 44853 10512
55740 10011 66714 08008 77689 06509 88665 07512 99361 07521
11207 14522 22163 12028 33148 11533 44120 11038 55114 10528
31313 73508 82329 41414 12411=

NNNNN

ULID55 WABB 180000
TTCC  68002 97560 70866 75763 30035 50062 71568 25512
30371 63778 28021 20621 54984 04022 88958 88734 11521
88688 76363 29534 77999 31313 73508 82329=

NNNNN

UEID55 WABB 180000
TTDD  6800/ 97560 11958 88734 22916 85556 33882 86139 44871
86140 55857 83756 66839 73364 77825 70564 88688 76363 99530
73965 11494 69969 22402 68172 33364 63576 44277 64178 55240
63579 66229 62980 77214 59382 88210 56184 99199 54584 11187
57380 22175 55382 33160 58380 44104 46586 21212 11970 12022
22918 06016 33868 06519 44824 33025 55745 29027 66707 29534
77575 21524 88519 23018 99493 25515 11404 25028 22384 26030
33366 25023 44331 24017 55286 28026 66224 26017 77214 27505
88204 05012 99185 03034 11177 05525 22161 12026 33146 06541
44111 09548 55106 10049 31313 73508 82329=

NNNNN

UPID55 WABB 180000
PPAA  68008 97560 55385 10512 07509 06519 55340 06019
08511 12011 55320 13522 11531 12522 77999=

NNNNN

UGID55 WABB 180000
PPBB  68008 97560 90/12 22002 21004 12004 90459 09513 10512
10011 91012 08008 06509 07512 928// 07521 94168 14522 12028
11533 9523/ 11038 10528=

NNNNN

UHID55 WABB 180000
PPCC  68008 97560 55370 30035 25512 28021 55120 04022
77999=

NNNNN

UQID55 WABB 180000
PPDD  68008 97560 95678 12022 06016 06519 959// 33025 96126
29027 29534 21524 9689/ 23018 25515 97345 25028 26030 25023
977// 24017 98056 28026 26017 27505 9879/ 05012 03034 99024
05525 12026 06541 1001/ 09548 10049=

NNNNN
