USID55 WABB 260000
TTAA  76001 97560 99009 24611 02005 00090 24627 03003
92771 21832 24508 85499 18025 28514 70143 09406 12503
50587 04100 08020 40760 14719 06535 30972 28759 07528
25100 38330 08023 20249 51734 08024 15429 67929 12032
10661 85324 10543 88999 77999 31313 73508 82329=

NNNNN

UKID55 WABB 260000
TTBB  76008 97560 00009 24611 11984 24845 22564 00002 33544
00506 44424 11305 55363 18318 66338 22156 77305 27557 88298
29160 99289 30550 11275 32757 22237 41523 33143 70325 44137
72944 55125 77126 66100 85324 21212 00009 02005 11977 26505
22912 26009 33850 28514 44738 27016 55712 19509 66687 09503
77662 17003 88638 29505 99593 30006 11572 04006 22551 10508
33511 09017 44438 08028 55405 06534 66345 06031 77331 07529
88318 08030 99293 07526 11257 08523 22226 07021 33197 08525
44188 09531 55163 12033 66126 11046 77120 11549 88108 10550
31313 73508 82329 41414 4845/=

NNNNN

ULID55 WABB 260000
TTCC  76002 97560 70864 73547 25026 50062 65530 26020
30371 64315 27526 20621 57912 32011 88995 85524 10544
77999 31313 73508 82329=

NNNNN

UEID55 WABB 260000
TTDD  7600/ 97560 11995 85524 22965 83740 33946 79357 44926
76956 55820 80724 66786 80344 77769 79935 88746 76950 99707
73350 11635 74341 22608 74522 33573 74319 44555 72545 55535
68148 66515 65544 77496 65720 88435 69317 99375 64915 11270
65315 22209 58112 33178 58513 44168 56120 55153 56112 66142
50335 21212 11967 11540 22917 15016 33870 26504 44782 26010
55705 25023 66669 25025 77636 28533 88604 30035 99574 29027
11545 30017 22470 25025 33315 29027 44259 22014 55247 00505
66235 32517 77213 30022 88194 35507 99185 04008 11176 09013
22160 11025 33153 13030 44146 10550 31313 73508 82329=

NNNNN

UPID55 WABB 260000
PPAA  76008 97560 55385 28514 12503 08020 55340 06535
07528 08023 55320 08024 12032 10543 77999=

NNNNN

UGID55 WABB 260000
PPBB  76008 97560 90/13 02005 26505 26009 9059/ 28514 27016
91012 19509 09503 17003 91356 29505 30006 04006 9179/ 10508
09017 92359 08028 06534 06031 93013 07529 08030 07526 9369/
08523 07021 94236 08525 09531 12033 95124 11046 11549 10550=

NNNNN

UHID55 WABB 260000
PPCC  76008 97560 55370 25026 26020 27526 55120 32011
77999=

NNNNN

UQID55 WABB 260000
PPDD  76008 97560 95678 11540 15016 26504 96023 26010 25023
25025 96456 28533 30035 29027 967// 30017 9708/ 25025 29027
98234 22014 00505 32517 98689 30022 35507 04008 99023 09013
11025 13030 994// 10550=

NNNNN
