USID55 WABB 280000
TTAA  78001 97560 99010 30244 09019 00098 28836 09510
92789 22611 06012 85522 19241 02505 70173 11256 27521
50590 05123 33006 40762 14935 09019 30974 30320 12020
25101 40158 09029 20249 51961 10036 15429 67560 11040
10663 81959 03029 88999 77999 31313 73508 82329=

NNNNN

UKID55 WABB 280000
TTBB  78008 97560 00010 30244 11958 25012 22890 21025 33797
17858 44668 09256 55606 02613 66566 00014 77508 03936 88491
06110 99466 08128 11449 10308 22439 10322 33370 18550 44308
28927 55306 29130 66280 33927 77258 38157 88236 43356 99205
50962 11180 58158 22118 78959 33112 76562 44100 81959 21212
00010 09019 11913 06511 22852 03005 33823 08003 44795 35505
55767 34005 66741 29509 77715 27517 88532 32011 99513 30009
11494 33508 22475 06004 33440 04516 44391 09020 55375 09518
66361 12015 77281 10523 88258 09026 99247 09031 11147 11043
22140 12049 33126 12051 44120 11547 55108 05529 66102 03530
31313 73508 82329 41414 38431=

NNNNN

ULID55 WABB 280000
TTCC  78002 97560 70864 75962 24031 50062 69969 27029
30371 60179 28517 20623 54984 06521 88966 82559 02021
77999 31313 73508 82329=

NNNNN

UEID55 WABB 280000
TTDD  7800/ 97560 11966 82559 22831 83558 33756 81958 44706
75962 55616 74364 66559 68569 77373 70570 88350 67173 99335
60979 11315 59180 22274 62378 33251 63378 44218 56385 55202
54984 66186 57781 77182 58979 88179 58381 99176 53785 11151
54984 22119 51188 21212 11971 02023 22920 36016 33872 33013
44826 26511 55743 25030 66669 26525 77574 30020 88546 27030
99446 27528 11403 27034 22384 24530 33365 24021 44331 30011
55286 30018 66260 26014 77247 28517 88225 24005 99214 04007
11195 07526 22186 07533 33169 10038 44147 09546 55134 08550
66128 09047 77122 08551 31313 73508 82329=

NNNNN

UPID55 WABB 280000
PPAA  78008 97560 55385 02505 27521 33006 55340 09019
12020 09029 55320 10036 11040 03029 77999=

NNNNN

UGID55 WABB 280000
PPBB  78008 97560 90/35 09019 06511 03005 90678 08003 35505
34005 909// 29509 91089 27517 32011 30009 92013 33508 06004
04516 92678 09020 09518 12015 93467 10523 09026 09031 9489/
11043 12049 95124 12051 11547 05529 955// 03530=

NNNNN

UHID55 WABB 280000
PPCC  78008 97560 55370 24031 27029 28517 55120 06521
77999=

NNNNN

UQID55 WABB 280000
PPDD  78008 97560 95678 02023 36016 33013 959// 26511 96136
25030 26525 30020 967// 27030 97134 27528 27034 24530 9757/
24021 30011 98023 30018 26014 28517 98568 24005 04007 07526
989// 07533 99146 10038 09546 08550 9978/ 09047 08551=

NNNNN
