USID55 WABB 090000
TTAA  59001 97560 99009 30256 14006 00094 29250 10509
92785 23023 07516 85524 18650 09518 70167 10866 10019
50589 04175 09528 40762 13973 07016 30974 28964 12025
25102 38968 12525 20250 51956 11034 15430 67556 11035
10663 85949 09528 88999 77999 31313 73508 82329=

NNNNN

UKID55 WABB 090000
TTBB  59008 97560 00009 30256 11968 25824 22937 23407 33835
18459 44818 17243 55778 14633 66758 14258 77732 12247 88707
11464 99697 10465 11684 09057 22677 09866 33656 08062 44649
08674 55618 05464 66566 00862 77548 00070 88504 03972 99490
04775 11482 05572 22477 05961 33473 05375 44405 13174 55390
15764 66383 16572 77357 20559 88349 21958 99338 22970 11319
25574 22304 27968 33299 29162 44292 30366 55286 31361 66266
35560 77249 39368 88236 42564 99225 45556 11210 49144 22180
57760 33100 85949 21212 00009 14006 11978 09511 22945 07012
33767 11522 44641 09523 55595 08522 66573 11022 77512 08524
88475 09518 99440 08024 11391 08517 22360 11522 33319 10024
44269 13026 55236 13028 66226 13030 77188 11536 88140 11030
99127 11025 11108 08525 22102 09029 31313 73508 82329 41414
22434=

NNNNN

ULID55 WABB 090000
TTCC  59002 97560 70866 77561 14012 50065 71569 28522
30375 61382 22030 20630 54185 06503 88992 86547 10029
88568 71169 28033 88172 58384 00510 77999 31313 73508
82329=

NNNNN

UEID55 WABB 090000
TTDD  5900/ 97560 11992 86547 22961 86750 33930 78961 44907
76761 55771 79559 66755 79759 77741 76163 88703 77561 99676
74964 11659 68969 22644 66970 33568 71169 44483 71969 55400
65975 66312 60982 77286 62981 88229 54385 99194 54385 11172
58384 22147 59584 33139 58384 44129 52599 21212 11970 10033
22873 06525 33745 07516 44707 13512 55671 08013 66638 31018
77577 28534 88472 28024 99426 25023 11386 28025 22317 24522
33302 22029 44288 21536 55261 21019 66249 15513 77238 15004
88227 33011 99216 34009 11206 25501 22197 07007 33188 06508
44179 01010 55171 36011 66163 02518 77148 08506 88141 06018
99135 07526 31313 73508 82329=

NNNNN

UPID55 WABB 090000
PPAA  59008 97560 55385 09518 10019 09528 55340 07016
12025 12525 55320 11034 11035 09528 77999=

NNNNN

UGID55 WABB 090000
PPBB  59008 97560 90/12 14006 09511 07012 908// 11522 91356
09523 08522 11022 919// 08524 92136 09518 08024 08517 928//
11522 93158 10024 13026 13028 939// 13030 9439/ 11536 11030
95145 11025 08525 09029=

NNNNN

UHID55 WABB 090000
PPCC  59008 97560 55370 14012 28522 22030 55120 06503
77999=

NNNNN

UQID55 WABB 090000
PPDD  59008 97560 9568/ 10033 06525 96123 07516 13512 08013
9646/ 31018 28534 97024 28024 25023 28025 9789/ 24522 22029
98023 21536 21019 15513 98456 15004 33011 34009 98789 25501
07007 06508 99012 01010 36011 02518 99456 08506 06018 07526=

NNNNN
