USID55 WABB 200000
TTAA  70001 97560 99011 28027 03003 00107 27631 08504
92799 23443 16507 85537 18835 13506 70178 10857 09518
50591 05500 07519 40763 15140 10519 30975 28361 09529
25103 38934 11029 20252 52139 10536 15431 68156 10042
10664 85734 08048 88999 77999 31313 73508 82329=

NNNNN

UKID55 WABB 200000
TTBB  70008 97560 00011 28027 11957 24210 22936 24045 33759
12831 44722 10835 55698 11057 66656 08658 77615 04236 88597
03850 99560 00029 11513 04302 22443 10503 33414 13714 44404
15145 55391 16125 66379 17537 77376 17927 88371 18557 99350
20342 11320 24960 22297 29162 33282 32559 44278 33559 55272
34738 66218 46922 77184 57150 88132 74750 99100 85734 21212
00011 03003 11979 13505 22946 11006 33914 18006 44883 13005
55853 14006 66796 10007 77741 10009 88690 09018 99642 11516
11619 10014 22596 11511 33575 09509 44554 06512 55533 06013
66458 07513 77407 10519 88361 10022 99347 11030 11319 10529
22307 10530 33120 10048 44114 10050 31313 73508 82329 41414
38477=

NNNNN

ULID55 WABB 200000
TTCC  70002 97560 70867 76958 24516 50065 68961 30034
30375 64161 27018 20623 59366 20518 88980 86734 08049
88270 66160 26021 66122 09072 77128 09069 31313 73508
82329=

NNNNN

UEID55 WABB 200000
TTDD  7000/ 97560 11980 86734 22908 81157 33894 77760 44845
78357 55763 74760 66709 77158 77667 76159 88644 71562 99568
68562 11531 70759 22497 68561 33451 70359 44397 65164 55348
65760 66320 62763 77270 66160 88241 65763 99220 59168 11210
58167 22197 60165 33180 59368 44173 59369 55168 58568 66164
53772 77148 53771 88130 48380 99122 49980 21212 11971 08051
22919 10528 33828 23012 44786 23008 55746 23519 66708 24015
77672 26009 88638 30015 99577 30518 11549 29033 22472 29531
33449 27524 44333 27526 55317 26522 66302 27517 77248 24020
88225 29517 99214 26509 11204 20516 22195 20018 33186 10506
44177 10013 55161 06029 66154 08031 77134 08561 88128 09069
99122 09072 31313 73508 82329=

NNNNN

UPID55 WABB 200000
PPAA  70008 97560 55385 13506 09518 07519 55340 10519
09529 11029 55320 10536 10042 08048 77999=

NNNNN

UGID55 WABB 200000
PPBB  70008 97560 90/12 03003 13505 11006 90345 18006 13005
14006 9079/ 10007 10009 91134 09018 11516 10014 91567 11511
09509 06512 918// 06013 92258 07513 10519 10022 929// 11030
9312/ 10529 10530 9523/ 10048 10050=

NNNNN

UHID55 WABB 200000
PPCC  70008 97560 55370 24516 30034 27018 55120 20518
62942 09072 72908 09069=

NNNNN

UQID55 WABB 200000
PPDD  70008 97560 95679 08051 10528 23012 96012 23008 23519
24015 96346 26009 30015 30518 967// 29033 97017 29531 27524
27526 9789/ 26522 27517 98356 24020 29517 26509 98789 20516
20018 10506 99023 10013 06029 08031 99678 08561 09069 09072=

NNNNN
