USID55 WABB 170000
TTAA  67001 97560 99008 24815 09002 00085 24822 10501
92767 22242 05507 85498 19045 03514 70145 10444 03005
50587 04305 11505 40761 13713 14015 30973 28320 13510
25102 38520 16510 20251 51916 15013 15429 67925 10517
10664 82523 30013 88999 77999 31313 73508 82329=

NNNNN

UKID55 WABB 170000
TTBB  67008 97560 00008 24815 11942 22028 22920 22245 33793
15630 44768 15450 55674 09246 66630 04425 77569 00007 88484
05708 99388 15113 11299 28318 22216 47113 33173 60719 44157
65935 55153 66939 66149 68119 77138 71524 88136 72118 99134
72726 11133 72539 22127 74925 33114 79721 44100 82523 21212
00008 09002 11943 08505 22911 05008 33850 03514 44821 05010
55765 02012 66739 35509 77712 33004 88687 10502 99663 22003
11639 22505 22616 13003 33594 14004 44572 05003 55551 03001
66511 14504 77474 09007 88456 08507 99439 11506 11406 13013
22360 15517 33319 11512 44306 12509 55281 14510 66258 16512
77163 15512 88155 10516 99140 10523 11133 11030 22127 13028
33120 14029 44114 13522 55108 16006 66102 30010 31313 73508
82329 41414 5242/=

NNNNN

ULID55 WABB 170000
TTCC  67002 97560 70865 70317 30034 50063 723// 26516
30371 61714 24017 20624 62514 24517 88888 871// 14506
77999 31313 73508 82329=

NNNNN

UEID55 WABB 170000
TTDD  6700/ 97560 11950 84724 22888 871// 33797 82723 44788
76134 55771 71145 66746 69321 77662 70717 88661 707// 99587
72718 11552 71718 22551 715// 33491 71518 44449 68116 55448
679// 66379 68917 77355 64915 88291 61514 99274 58312 11190
63114 22183 63314 33176 56712 44158 55511 55150 54511 66145
50909 21212 11971 28011 22919 26005 33870 15010 44824 13015
55781 02016 66742 33528 77706 30032 88606 28540 99576 28029
11520 26024 22447 29524 33425 31032 44404 30024 55384 28523
66348 23033 77315 21523 88273 31027 99260 30533 11248 29526
22205 25019 33186 16502 44177 06013 55161 08524 66154 09534
77147 08048 31313 73508 82329=

NNNNN

UPID55 WABB 170000
PPAA  67008 97560 55385 03514 03005 11505 55340 14015
13510 16510 55320 15013 10517 30013 77999=

NNNNN

UGID55 WABB 170000
PPBB  67008 97560 90/23 09002 08505 05008 90568 03514 05010
02012 909// 35509 91012 33004 10502 22003 91345 22505 13003
14004 91679 05003 03001 14504 92123 09007 08507 11506 9258/
13013 15517 93124 11512 12509 14510 936// 16512 94679 15512
10516 10523 95012 11030 13028 14029 95345 13522 16006 30010=

NNNNN

UHID55 WABB 170000
PPCC  67008 97560 55370 30034 26516 24017 55120 24517
77999=

NNNNN

UQID55 WABB 170000
PPDD  67008 97560 95678 28011 26005 15010 959// 13015 96012
02016 33528 30032 96568 28540 28029 26024 97123 29524 31032
30024 97468 28523 23033 21523 98123 31027 30533 29526 9879/
25019 16502 99023 06013 08524 09534 994// 08048=

NNNNN
