USID55 WABB 300000
TTAA  80001 97560 99011 25620 04011 00112 24823 06019
92796 22603 11509 85535 18202 11509 70176 09203 07509
50590 05508 33007 40762 14325 07504 30975 27723 09520
25103 37756 09018 20253 50540 13023 15433 67539 13038
10665 83734 05024 88999 77999 31313 73508 82329=

NNNNN

UKID55 WABB 300000
TTBB  80008 97560 00011 25620 11005 24418 22979 26428 33827
16202 44667 06608 55654 06803 66563 00005 77519 03506 88478
07512 99462 09124 11456 09950 22416 12529 33326 22923 44306
26328 55299 27923 66293 29126 77291 29521 88289 29924 99286
30557 11280 31961 22264 35157 33257 36156 44253 36957 55252
37160 66251 37559 77250 37756 88244 39159 99229 43158 11226
43959 22223 44749 33206 49138 44196 52141 55195 52539 66192
53557 77157 64929 88138 72337 99131 75323 11120 80340 22100
83734 21212 00011 04011 11946 09509 22914 11510 33883 13009
44853 11009 55796 10513 66768 12014 77715 09510 88690 06507
99665 01506 11641 32005 22618 01006 33595 32003 44574 29005
55553 30008 66533 30510 77494 34006 88475 02005 99440 13509
11423 15504 22406 09005 33391 13509 44361 13512 55346 14014
66319 08516 77227 09519 88198 13524 99164 12533 11121 12538
22114 10038 33103 06521 31313 73508 82329 41414 19469=

NNNNN

ULID55 WABB 300000
TTCC  80002 97560 70866 73748 00000 50065 72318 27515
30375 63520 24521 20629 56912 06535 88967 85129 05520
77999 31313 73508 82329=

NNNNN

UEID55 WABB 300000
TTDD  8000/ 97560 11967 85129 22954 81956 33854 82123 44785
82723 55771 81538 66750 82126 77734 79143 88725 78932 99711
74950 11669 72729 22659 72725 33647 69950 44626 70324 55601
70717 66593 69730 77500 72318 88436 65919 99315 65715 11304
63929 22298 63316 33279 63515 44268 62314 55261 59135 66243
55931 77213 54326 88191 56312 21212 11974 05021 22923 29503
33875 26512 44829 31014 55786 36013 66745 31004 77707 00000
88672 24006 99639 26025 11522 29022 22472 26012 33449 29515
44368 26027 55317 28021 66274 23521 77261 23518 88226 09511
99197 07533 31313 73508 82329=

NNNNN

UPID55 WABB 300000
PPAA  80008 97560 55385 11509 07509 33007 55340 07504
09520 09018 55320 13023 13038 05024 77999=

NNNNN

UGID55 WABB 300000
PPBB  80008 97560 90/23 04011 09509 11510 90457 13009 11009
10513 908// 12014 91012 09510 06507 01506 91345 32005 01006
32003 91678 29005 30008 30510 92013 34006 02005 13509 92456
15504 09005 13509 9289/ 13512 14014 9319/ 08516 09519 9426/
13524 12533 95235 12538 10038 06521=

NNNNN

UHID55 WABB 300000
PPCC  80008 97560 55370 00000 27515 24521 55120 06535
77999=

NNNNN

UQID55 WABB 300000
PPDD  80008 97560 95678 05021 29503 26512 959// 31014 96012
36013 31004 00000 96348 24006 26025 29022 97015 26012 29515
26027 978// 28021 98125 23521 23518 09511 988// 07533=

NNNNN
