USID55 WABB 030000
TTAA  53001 97560 99008 28839 12006 00088 27639 13006
92772 23256 01504 85506 19457 02002 70152 10857 05507
50588 03942 02510 40760 15520 07015 30972 29559 09030
25100 39160 10021 20248 52956 09529 15427 68746 10034
10662 79360 28025 88999 77999 31313 73508 82329=

NNNNN

UKID55 WABB 030000
TTBB  53008 97560 00008 28839 11935 23858 22882 20845 33834
19462 44793 15650 55713 11856 66590 02428 77546 00050 88514
02150 99405 15903 11394 15337 22373 18134 33341 22157 44333
23163 55320 25567 66314 26761 77309 27566 88301 29360 99282
33158 11269 35163 22232 43961 33217 47948 44126 77150 55118
73960 66100 79360 21212 00008 12006 11943 11003 22912 02505
33851 02002 44793 12006 55765 05505 66739 08005 77713 07007
88688 03006 99663 35507 11639 30504 22552 31014 33531 32513
44512 00508 55493 02512 66474 04513 77456 01006 88422 07009
99406 07010 11257 10018 22206 10026 33187 10031 44170 10028
55162 10031 66119 09538 77108 06005 88102 28522 31313 73508
82329 41414 22439=

NNNNN

ULID55 WABB 030000
TTCC  53002 97560 70865 71766 19508 50065 68777 26511
30376 61783 25525 20626 59384 17516 88869 83357 27024
77999 31313 73508 82329=

NNNNN

UEID55 WABB 030000
TTDD  5300/ 97560 11869 83357 22782 79360 33764 74764 44652
70369 55469 69379 66334 61583 77281 63783 88231 63983 99211
60184 11192 60384 22173 58384 33152 50786 44136 49786 21212
11969 28531 22918 27031 33825 24508 44783 32007 55743 36006
66706 19506 77671 20510 88606 27506 99577 28012 11521 25015
22472 29023 33427 26511 44406 21515 55334 27514 66238 23022
77215 22517 88196 15016 99186 07512 11162 03544 22154 05039
33141 06558 31313 73508 82329=

NNNNN

UPID55 WABB 030000
PPAA  53008 97560 55385 02002 05507 02510 55340 07015
09030 10021 55320 09529 10034 28025 77999=

NNNNN

UGID55 WABB 030000
PPBB  53008 97560 90/23 12006 11003 02505 90578 02002 12006
05505 909// 08005 91012 07007 03006 35507 91378 30504 31014
32513 919// 00508 92012 02512 04513 01006 9245/ 07009 07010
936// 10018 94135 10026 10031 10028 946// 10031 95245 09538
06005 28522=

NNNNN

UHID55 WABB 030000
PPCC  53008 97560 55370 19508 26511 25525 55120 17516
77999=

NNNNN

UQID55 WABB 030000
PPDD  53008 97560 95679 28531 27031 24508 96012 32007 36006
19506 96356 20510 27506 28012 968// 25015 97023 29023 26511
21515 977// 27514 98468 23022 22517 15016 989// 07512 99235
03544 05039 06558=

NNNNN
