USID55 WABB 080000
TTAA  58001 97560 99012 29433 00000 00114 28038 00001
92801 23041 32501 85538 18027 06503 70175 07618 07009
50589 05509 06013 40762 13956 05523 30975 28758 07018
25102 39356 09526 20250 52359 12018 15430 68949 10024
10663 76358 32008 88116 80143 12046 77999 31313 73508
82329=

NNNNN

UKID55 WABB 080000
TTBB  58008 97560 00012 29433 11973 25616 22960 25656 33881
19820 44790 15437 55753 12605 66691 06832 77658 06635 88590
02837 99581 02257 11569 00841 22559 00049 33550 00737 44544
00956 55535 01757 66530 02338 77501 05513 88488 05940 99464
07921 11425 10958 22390 15345 33332 23556 44326 24360 55273
34356 66234 43156 77224 45750 88218 46959 99177 59758 11155
67543 22116 80143 33100 76358 21212 00012 00000 11979 34003
22947 27002 33914 00000 44884 12502 55854 08003 66824 10502
77768 09008 88715 05512 99689 08510 11665 06511 22618 07009
33574 06510 44457 06521 55281 08024 66270 09031 77247 09525
88226 10519 99188 12521 11147 10026 22140 10533 33114 11545
44108 09026 55102 03005 31313 73508 82329 41414 32462=

NNNNN

ULID55 WABB 080000
TTCC  58002 97560 70867 74962 32513 50064 67165 26507
30376 60364 28013 20629 57962 06526 88861 79158 27514
77999 31313 73508 82329=

NNNNN

UEID55 WABB 080000
TTDD  5800/ 97560 11861 79158 22775 76960 33735 79357 44700
74962 55565 75160 66541 74161 77509 67965 88481 65564 99409
67761 11313 60764 22216 59162 33175 57364 44163 51969 55152
48969 66142 49368 77135 45573 88120 44778 21212 11972 29017
22922 29530 33830 24006 44788 31503 55748 00507 66709 35513
77674 29023 88520 34011 99495 24509 11448 23520 22386 23519
33368 25019 44334 22511 55318 28007 66289 28512 77262 31006
88250 00509 99238 04511 11216 13527 22206 09023 33197 06530
44179 10042 55163 09544 66148 08056 77130 11066 88124 09563
31313 73508 82329=

NNNNN

UPID55 WABB 080000
PPAA  58008 97560 55385 06503 07009 06013 55340 05523
07018 09526 55320 12018 10024 32008 77999=

NNNNN

UGID55 WABB 080000
PPBB  58008 97560 90/12 00000 34003 27002 90345 00000 12502
08003 9068/ 10502 09008 91012 05512 08510 06511 9146/ 07009
06510 922// 06521 93457 08024 09031 09525 939// 10519 94389
12521 10026 10533 95345 11545 09026 03005=

NNNNN

UHID55 WABB 080000
PPCC  58008 97560 55370 32513 26507 28013 55120 06526
77999=

NNNNN

UQID55 WABB 080000
PPDD  58008 97560 95679 29017 29530 24006 96012 31503 00507
35513 96389 29023 34011 24509 97145 23520 23519 25019 9778/
22511 28007 98023 28512 31006 00509 98467 04511 13527 09023
988// 06530 99024 10042 09544 08056 9978/ 11066 09563=

NNNNN
