USID55 WABB 070000
TTAA  57001 97560 99009 28829 33008 00091 27835 00502
92779 23031 07012 85514 19862 07515 70164 11049 08507
50588 05528 08018 40761 14333 06514 30973 29375 06516
25100 39156 05520 20248 52348 05016 15428 68150 11013
10660 85942 08032 88999 77999 31313 73508 82329=

NNNNN

UKID55 WABB 070000
TTBB  57008 97560 00009 28829 11897 21227 22860 19450 33849
20063 44807 17665 55778 15458 66736 13465 77700 11049 88600
03034 99587 02258 11565 00028 22553 00947 33543 02318 44534
02958 55519 04124 66515 04513 77510 04733 88497 05734 99494
05562 11459 07968 22454 08569 33448 09557 44440 10329 55427
11714 66401 14333 77398 14549 88377 17559 99372 18159 11371
18357 22369 18560 33362 19567 44354 20372 55344 21770 66340
22369 77338 22765 88337 22960 99336 23158 11332 23564 22320
25773 33303 28775 44288 31760 55286 32356 66230 44135 77181
57958 88100 85942 21212 00009 33008 11977 02503 22944 06009
33912 07013 44822 07513 55766 09510 66740 10006 77714 08006
88689 08510 99595 06011 11573 08513 22456 09014 33422 06018
44360 05012 55346 07008 66293 07018 77257 07018 88236 05519
99196 05015 11170 08010 22133 13516 33108 09027 31313 73508
82329 41414 28431=

NNNNN

ULID55 WABB 070000
TTCC  57003 97560 70866 75764 27029 50063 63572 25037
30372 62781 31012 88986 86540 08032 88629 80361 26522
88441 69170 24535 77999 31313 73508 82329=

NNNNN

UEID55 WABB 070000
TTDD  5700/ 97560 11986 86540 22917 82756 33879 73762 44859
70563 55785 70565 66629 80361 77599 77363 88589 73166 99560
66370 11522 66769 22501 63572 33441 69170 44387 65974 55350
67573 66304 62981 77290 58184 88235 58384 99215 56984 21212
11965 08533 22914 09026 33867 04014 44824 31503 55784 29520
66604 25514 77546 31024 88471 24538 99349 25035 11332 25522
22316 25011 33301 31011 44261 32019 55237 30017 66226 31512
77215 29016 31313 73508 82329=

NNNNN

UPID55 WABB 070000
PPAA  57008 97560 55385 07515 08507 08018 55340 06514
06516 05520 55320 05016 11013 08032 77999=

NNNNN

UGID55 WABB 070000
PPBB  57008 97560 90/12 33008 02503 06009 90368 07013 07513
09510 909// 10006 91015 08006 08510 06011 916// 08513 92248
09014 06018 05012 929// 07008 93368 07018 07018 05519 9425/
05015 08010 9504/ 13516 09027=

NNNNN

UHID55 WABB 070000
PPCC  57008 97560 55370 27029 25037 31012 77999=

NNNNN

UQID55 WABB 070000
PPDD  57008 97560 95678 08533 09026 04014 959// 31503 96057
29520 25514 31024 97067 24538 25035 25522 9789/ 25011 31011
98245 32019 30017 31512 986// 29016=

NNNNN
