USID55 WABB 060000
TTAA  56001 97560 99009 26224 16003 00092 25230 20003
92777 23229 08513 85511 19236 09520 70159 09208 11517
50588 04723 06520 40761 14160 05017 30973 28156 05016
25101 38539 04009 20250 51546 01505 15430 68550 06512
10663 81948 04019 88999 77999 31313 73508 82329=

NNNNN

UKID55 WABB 060000
TTBB  56008 97560 00009 26224 11979 23617 22964 22411 33955
23625 44936 23832 55870 20848 66819 16608 77686 08015 88553
00056 99528 02724 11499 04923 22481 06358 33472 07558 44469
07759 55466 08339 66463 08519 77443 10157 88414 12556 99402
13760 11394 14962 22382 16557 33369 18156 44366 18360 55362
18957 66348 20961 77344 21561 88342 21963 99336 22737 11293
29556 22266 35129 33150 68550 44139 71957 55111 81942 66108
79157 77100 81948 21212 00009 16003 11976 17507 22944 10513
33822 10015 44664 10017 55406 05017 66390 06016 77360 04017
88269 04012 99258 03009 11226 02506 22197 01004 33188 34503
44179 09004 55163 12006 66155 08011 77133 04517 88114 07519
31313 73508 82329 41414 49477=

NNNNN

ULID55 WABB 060000
TTCC  56002 97560 70865 72562 24020 50064 70967 25508
30374 66182 19525 20626 55985 32016 88878 84749 04514
77999 31313 73508 82329=

NNNNN

UEID55 WABB 060000
TTDD  5600/ 97560 11878 84749 22865 81957 33807 80558 44787
76161 55661 69965 66572 73165 77495 71366 88476 66771 99432
63175 11289 66382 22274 62183 33260 63583 44221 56785 55174
57584 66168 54985 77155 56585 88137 55385 99133 53185 11130
50786 22123 52386 21212 11970 03520 22919 04519 33871 03516
44825 06023 55706 24018 66606 28522 77576 28522 88521 23516
99495 26007 11471 28519 22448 26523 33406 25036 44333 24032
55318 23528 66288 18515 77274 30008 88261 32022 99226 25011
11215 31015 22205 31022 33196 34510 44187 26505 55178 22504
66170 07506 77162 11008 88147 10015 99141 07528 11134 08029
22128 10037 31313 73508 82329=

NNNNN

UPID55 WABB 060000
PPAA  56008 97560 55385 09520 11517 06520 55340 05017
05016 04009 55320 01505 06512 04019 77999=

NNNNN

UGID55 WABB 060000
PPBB  56008 97560 90/12 16003 17507 10513 906// 10015 912//
10017 92568 05017 06016 04017 93569 04012 03009 02506 94234
01004 34503 09004 9467/ 12006 08011 9503/ 04517 07519=

NNNNN

UHID55 WABB 060000
PPCC  56008 97560 55370 24020 25508 19525 55120 32016
77999=

NNNNN

UQID55 WABB 060000
PPDD  56008 97560 95678 03520 04519 03516 959// 06023 96256
24018 28522 28522 9689/ 23516 26007 97013 28519 26523 25036
9778/ 24032 23528 98012 18515 30008 32022 98567 25011 31015
31022 9889/ 34510 26505 99012 22504 07506 11008 99456 10015
07528 08029 997// 10037=

NNNNN
