USID55 WABB 130000
TTAA  63001 97560 99009 28035 36003 00095 26637 34002
92780 22830 34008 85517 19857 00000 70170 10439 26502
50590 04943 07519 40762 14564 07016 30973 29333 09515
25101 40535 10512 20248 53759 14015 15427 66563 08031
10664 79761 25527 88999 77999 31313 73508 82329=

NNNNN

UKID55 WABB 130000
TTBB  63008 97560 00009 28035 11008 29434 22006 27637 33973
24824 44847 19857 55634 05011 66556 00024 77520 03514 88477
06950 99472 07527 11456 09123 22451 09537 33446 09561 44445
09765 55437 10359 66416 12363 77403 14163 88400 14564 99397
14958 11314 26735 22254 39536 33183 58563 44132 72759 55100
79761 21212 00009 36003 11977 11505 22944 36007 33882 32005
44852 00001 55823 19506 66795 21507 77740 19507 88714 21502
99689 00503 11641 07011 22494 07019 33406 07517 44281 10512
55196 14020 66179 12528 77162 10533 88154 09033 99147 08029
11133 07022 22120 07019 33114 08508 44108 28518 31313 73508
82329 41414 32432=

NNNNN

ULID55 WABB 130000
TTCC  63002 97560 70864 72362 19504 50063 66970 27036
30372 65174 30037 20622 56182 05016 88901 84757 22527
77999 31313 73508 82329=

NNNNN

UEID55 WABB 130000
TTDD  6300/ 97560 11901 84757 22871 83358 33805 85750 44785
85950 55758 81759 66739 74564 77714 72163 88626 75562 99585
69568 11531 66370 22379 64973 33337 67971 44269 62977 55233
63379 66224 62779 77219 62181 88214 57984 99195 55182 11161
56985 21212 11872 22518 22783 28513 33742 04005 44705 20504
55670 29005 66636 32015 77604 31014 88574 34523 99520 28538
11405 25033 22386 27028 33367 28040 44286 29032 55273 26528
66224 24513 77214 10017 88204 06519 99195 01017 11186 34519
22177 35015 33169 02512 44161 09516 31313 73508 82329=

NNNNN

UPID55 WABB 130000
PPAA  63008 97560 55385 00000 26502 07519 55340 07016
09515 10512 55320 14015 08031 25527 77999=

NNNNN

UGID55 WABB 130000
PPBB  63008 97560 90/12 36003 11505 36007 90456 32005 00001
19506 9079/ 21507 19507 91013 21502 00503 07011 9205/ 07019
07517 934// 10512 94246 14020 12528 10533 9478/ 09033 08029
95023 07022 07019 08508 954// 28518=

NNNNN

UHID55 WABB 130000
PPCC  63008 97560 55370 19504 27036 30037 55120 05016
77999=

NNNNN

UQID55 WABB 130000
PPDD  63008 97560 958// 22518 96012 28513 04005 20504 96345
29005 32015 31014 9668/ 34523 28538 97345 25033 27028 28040
98015 29032 26528 24513 98678 10017 06519 01017 989// 34519
99012 35015 02512 09516=

NNNNN
