USID55 WABB 100000
TTAA  60001 97560 99008 28835 06005 00088 28043 08507
92773 23036 08009 85505 19445 09008 70159 11047 03507
50589 05307 04514 40761 14529 08020 30973 29350 11016
25100 39759 09021 20248 52365 12032 15427 67364 12040
10662 79565 16506 88999 77999 31313 73508 82329=

NNNNN

UKID55 WABB 100000
TTBB  60008 97560 00008 28835 11943 23416 22842 19456 33753
14856 44562 00013 55389 15734 66339 22930 77273 34559 88238
42758 99221 47159 11216 47964 22184 57365 33165 63558 44162
64556 55155 65962 66122 76162 77100 79565 21212 00008 06005
11976 10012 22881 08007 33851 09008 44822 07510 55793 08011
66766 08009 77739 09508 88664 02507 99595 04009 11552 02511
22439 06517 33406 08020 44346 11016 55293 10516 66258 08523
77247 09521 88225 10522 99215 12028 11206 12529 22162 14045
33120 10030 44102 13513 31313 73508 82329 41414 38455=

NNNNN

ULID55 WABB 100000
TTCC  60002 97560 70865 79966 32509 50060 72381 27022
30371 59984 25512 20627 56785 09547 88954 80963 27017
77999 31313 73508 82329=

NNNNN

UEID55 WABB 100000
TTDD  6000/ 97560 11954 80963 22825 76764 33710 81364 44676
76569 55479 72781 66448 68582 77369 62783 88332 63183 99281
57984 11244 57384 22233 54585 33187 56785 44159 52586 21212
11970 26510 22919 25009 33872 23011 44827 00000 55785 33506
66745 34012 77706 32009 88670 25020 99604 21522 11573 26007
22544 23509 33517 23515 44467 26521 55444 24518 66402 28020
77365 28020 88347 24027 99300 25512 11286 27007 22273 34505
33260 35009 44248 01506 55237 07022 66226 05531 77206 10047
88170 08546 99162 09542 31313 73508 82329=

NNNNN

UPID55 WABB 100000
PPAA  60008 97560 55385 09008 03507 04514 55340 08020
11016 09021 55320 12032 12040 16506 77999=

NNNNN

UGID55 WABB 100000
PPBB  60008 97560 90/14 06005 10012 08007 90567 09008 07510
08011 9089/ 08009 09508 91257 02507 04009 02511 92359 06517
08020 11016 93367 10516 08523 09521 939// 10522 94016 12028
12529 14045 9525/ 10030 13513=

NNNNN

UHID55 WABB 100000
PPCC  60008 97560 55370 32509 27022 25512 55120 09547
77999=

NNNNN

UQID55 WABB 100000
PPDD  60008 97560 95678 26510 25009 23011 959// 00000 96012
33506 34012 32009 96356 25020 21522 26007 9678/ 23509 23515
97013 26521 24518 28020 97569 28020 24027 25512 98012 27007
34505 35009 98345 01506 07022 05531 987// 10047 9912/ 08546
09542=

NNNNN
