USID55 WABB 230000
TTAA  73001 97560 99012 29443 31003 00118 27842 28505
92804 22856 20005 85539 19056 00001 70185 11056 14501
50591 03161 07523 40764 12964 07526 30976 29356 09020
25104 39164 09523 20252 52360 10528 15431 67756 11554
10664 83156 10048 88999 77999 31313 73508 82329=

NNNNN

UKID55 WABB 230000
TTBB  73008 97560 00012 29443 11011 30656 22010 30256 33009
28850 44962 24625 55942 24057 66642 06648 77626 05858 88582
01422 99559 00038 11510 04123 22505 03558 33500 03161 44498
03357 55481 04945 66441 09357 77424 11357 88416 11163 99386
15159 11372 17163 22351 20356 33318 26528 44274 34162 55240
41564 66192 54360 77179 58556 88100 83156 21212 00012 31003
11980 26003 22915 21504 33884 27503 44854 00000 55824 17503
66796 06002 77768 18501 88742 02001 99716 13002 11690 15502
22666 08505 33642 10503 44619 06508 55554 08020 66441 07526
77270 09022 88207 10528 99197 10530 11163 12043 22148 11556
33127 11057 44114 10539 31313 73508 82329 41414 21411=

NNNNN

ULID55 WABB 230000
TTCC  73003 97560 70864 80358 27014 50060 67569 28022
30371 64175 23518 88886 86746 11042 88354 66972 23526
77999 31313 73508 82329=

NNNNN

UEID55 WABB 230000
TTDD  7300/ 97560 11886 86746 22852 81959 33824 77360 44702
80358 55633 79160 66570 72365 77548 72564 88525 68568 99434
62774 11390 62975 22354 66972 33312 65974 44276 58980 55266
57380 66243 61376 21212 11871 11533 22825 29009 33783 27025
44705 26515 55669 24511 66634 25509 77602 33512 88543 32521
99491 28023 11468 29031 22445 28030 33404 25525 44385 23530
55366 23029 66349 24023 77301 23518 88286 27014 99273 30510
11248 31027 31313 73508 82329=

NNNNN

UPID55 WABB 230000
PPAA  73008 97560 55385 00001 14501 07523 55340 07526
09020 09523 55320 10528 11554 10048 77999=

NNNNN

UGID55 WABB 230000
PPBB  73008 97560 90/13 31003 26003 21504 90456 27503 00000
17503 90789 06002 18501 02001 91012 13002 15502 08505 91347
10503 06508 08020 923// 07526 935// 09022 94126 10528 10530
12043 948// 11556 9513/ 11057 10539=

NNNNN

UHID55 WABB 230000
PPCC  73008 97560 55370 27014 28022 23518 77999=

NNNNN

UQID55 WABB 230000
PPDD  73008 97560 9589/ 11533 29009 96023 27025 26515 24511
96457 25509 33512 32521 969// 28023 97013 29031 28030 25525
97456 23530 23029 24023 979// 23518 98013 27014 30510 31027=

NNNNN
