USID55 WABB 120000
TTAA  62001 97560 99010 28639 19001 00103 27642 19502
92790 21818 18002 85524 17622 35004 70160 09622 09007
50588 05712 05007 40760 13950 06011 30973 28957 09514
25100 39745 06516 20248 52560 11023 15426 69360 12032
10661 74165 21011 88108 79760 09014 77999 31313 73508
82329=

NNNNN

UKID55 WABB 120000
TTBB  62008 97560 00010 28639 11921 21615 22729 12056 33710
10219 44564 00020 55462 08705 66415 12345 77380 16933 88328
23960 99293 30556 11272 34558 22248 40142 33209 50160 44152
68560 55132 74357 66108 79760 77106 79760 88104 79360 99100
74165 21212 00010 19001 11946 16504 22882 08501 33852 34004
44823 32001 55794 04002 66767 04002 77739 12003 88688 08005
99594 10008 11531 06508 22493 04507 33456 06514 44439 04008
55390 06012 66360 08512 77345 08508 88332 09512 99281 09513
11246 06518 22187 12028 33179 12030 44170 12530 55162 12029
66147 12532 77126 14035 88113 10519 99107 09513 11102 13012
31313 73508 82329 41414 28439=

NNNNN

ULID55 WABB 120000
TTCC  62005 97560 70864 80561 21515 50059 67373 28512
88850 79761 24031 77999 31313 73508 82329=

NNNNN

UEID55 WABB 120000
TTDD  6200/ 97560 11850 79761 22662 81161 33612 74765 44537
73367 55498 67173 66402 68582 77339 65199 21212 11968 24525
22919 25037 33784 22517 44743 23513 55705 22016 66669 24007
77634 30506 88602 15504 99572 21509 11543 19022 22516 25007
33491 29519 44445 28034 55347 24037 31313 73508 82329=

NNNNN

UPID55 WABB 120000
PPAA  62008 97560 55385 35004 09007 05007 55340 06011
09514 06516 55320 11023 12032 21011 77999=

NNNNN

UGID55 WABB 120000
PPBB  62008 97560 90/24 19001 16504 08501 90567 34004 32001
04002 9089/ 04002 12003 91158 08005 10008 06508 92023 04507
06514 04008 92689 06012 08512 08508 93047 09512 09513 06518
94345 12028 12030 12530 9468/ 12029 12532 95134 14035 10519
09513 955// 13012=

NNNNN

UHID55 WABB 120000
PPCC  62008 97560 55270 21515 28512 77999=

NNNNN

UQID55 WABB 120000
PPDD  62008 97560 9567/ 24525 25037 96012 22517 23513 22016
96345 24007 30506 15504 96678 21509 19022 25007 969// 29519
9716/ 28034 24037=

NNNNN
