USID55 WABB 250000
TTAA  75001 97560 99007 28633 24014 00078 28231 24507
92762 22410 24522 85495 19237 21519 70145 09408 21007
50587 04907 10023 40761 13347 11518 30974 26361 06032
25103 37557 05535 20253 50956 06537 15433 67557 09039
10665 86928 09548 88999 77999 31313 73508 82329=

NNNNN

UKID55 WABB 250000
TTBB  75008 97560 00007 28633 11948 23807 22811 17448 33764
13415 44748 13627 55682 07801 66600 03025 77597 03632 88566
00011 99562 00508 11484 06700 22466 06928 33455 08311 44448
08545 55443 08931 66432 08956 77400 13347 88385 14958 99364
16956 11349 19560 22339 20750 33321 23548 44294 27768 55276
31575 66265 33977 77255 36359 88231 42161 99195 52556 11155
65557 22120 79356 33106 84148 44100 86928 21212 00007 24014
11911 24523 22850 21519 33792 23018 44739 20010 55712 22006
66663 17015 77639 16010 88594 11019 99474 10519 11456 09518
22406 11020 33375 10023 44346 07041 55259 06534 66237 05535
77217 07036 88189 06537 99172 09033 11127 09543 22121 10550
33108 10549 44103 10048 31313 73508 82329 41414 22339=

NNNNN

ULID55 WABB 250000
TTCC  75002 97560 70868 76962 22014 50065 71567 26030
30376 63383 26015 20630 55183 15005 88974 88130 09044
77999 31313 73508 82329=

NNNNN

UEID55 WABB 250000
TTDD  7500/ 97560 11974 88130 22946 87536 33915 81558 44903
76362 55720 77761 66670 73166 77617 75963 88554 69768 99486
72967 11420 63575 22355 64380 33329 61783 44277 63783 55264
59784 66247 59584 77228 55385 88176 55582 99161 52585 11146
54183 22143 54982 33138 51786 44126 49185 21212 11972 09043
22920 11028 33873 22506 44830 24016 55710 22018 66674 30016
77640 32031 88607 31522 99548 26034 11496 26030 22448 24029
33426 25025 44406 27030 55350 22531 66334 21010 77318 28005
88303 26014 99288 27014 11274 29008 22262 30015 33249 30505
44238 07005 55227 02006 66216 29507 77206 22507 88197 10505
99188 05516 11171 08022 22163 06528 33156 09037 44142 11544
55135 09541 66129 09548 31313 73508 82329=

NNNNN

UPID55 WABB 250000
PPAA  75008 97560 55385 21519 21007 10023 55340 11518
06032 05535 55320 06537 09039 09548 77999=

NNNNN

UGID55 WABB 250000
PPBB  75008 97560 90/35 24014 24523 21519 9079/ 23018 20010
91023 22006 17015 16010 915// 11019 92125 10519 09518 11020
9279/ 10023 07041 9368/ 06534 05535 94035 07036 06537 09033
95124 09543 10550 10549 955// 10048=

NNNNN

UHID55 WABB 250000
PPCC  75008 97560 55370 22014 26030 26015 55120 15005
77999=

NNNNN

UQID55 WABB 250000
PPDD  75008 97560 95678 09043 11028 22506 959// 24016 96234
22018 30016 32031 96579 31522 26034 26030 97123 24029 25025
27030 97678 22531 21010 28005 979// 26014 98012 27014 29008
30015 98345 30505 07005 02006 98678 29507 22507 10505 989//
05516 99123 08022 06528 09037 99567 11544 09541 09548=

NNNNN
