USID55 WAJJ 040000
TTAA  54001 97690 99002 29047 13003 00110 27439 16001
92796 24041 09012 85529 18419 11511 70172 11256 11009
50591 04358 09011 40764 15538 06512 30976 29956 09026
25103 39762 10517 20251 52756 08022 15430 67956 07038
10665 80761 07018 88999 77999 31313 73508 82329=

NNNNN

UKID55 WAJJ 040000
TTBB  54008 97690 00002 29047 11001 27639 22953 24629 33943
25239 44836 17619 55733 13050 66719 12456 77715 12659 88689
10250 99577 02450 11556 01062 22547 00059 33539 01346 44520
02558 55483 05561 66472 06757 77441 09960 88394 16332 99336
24717 11296 30757 22262 37162 33246 40764 44233 43763 55227
45164 66224 46163 77220 47156 88213 49143 99186 56950 11178
59159 22146 69156 33126 75957 44100 80761 21212 00002 13003
11979 13503 22946 08508 33914 09513 44795 12011 55767 13508
66741 10509 77618 09508 88596 09012 99574 09013 11554 08009
22533 07511 33494 10010 44476 09009 55441 07009 66424 07012
77294 09525 88179 08526 99171 07532 11120 07539 22108 08545
33103 07527 31313 73508 82329 41414 11432=

NNNNN

ULID55 WAJJ 040000
TTCC  54002 97690 70867 75166 11505 50068 67382 26521
30379 60384 26011 20632 60983 36012 88904 84558 17508
77999 31313 73508 82329=

NNNNN

UEID55 WAJJ 040000
TTDD  5400/ 97690 11904 84558 22884 80761 33818 80361 44805
77763 55766 79161 66710 76564 77677 71170 88638 68375 99581
70781 11541 70181 22520 66782 33451 64783 44397 68981 55347
61783 66295 59184 77238 59184 88209 62383 99193 60983 11181
55985 22168 56385 33161 52986 44150 53185 55126 47587 21212
11973 09013 22923 14006 33875 16011 44829 10010 55787 13012
66746 10011 77709 07505 88640 35502 99609 30010 11579 28012
22523 29013 33498 26022 44388 25019 55319 27013 66290 24512
77251 31012 88218 30012 99207 34007 11197 35513 22188 02506
33171 02516 44156 13026 55142 10529 66136 10534 77130 09032
31313 73508 82329=

NNNNN

UPID55 WAJJ 040000
PPAA  54008 97690 55385 11511 11009 09011 55340 06512
09026 10517 55320 08022 07038 07018 77999=

NNNNN

UGID55 WAJJ 040000
PPBB  54008 97690 90/12 13003 13503 08508 90378 09513 12011
13508 909// 10509 91456 09508 09012 09013 9178/ 08009 07511
92013 10010 09009 07009 924// 07012 933// 09525 9445/ 08526
07532 95245 07539 08545 07527=

NNNNN

UHID55 WAJJ 040000
PPCC  54008 97690 55370 11505 26521 26011 55120 36012
77999=

NNNNN

UQID55 WAJJ 040000
PPDD  54008 97690 95678 09013 14006 16011 959// 10010 96012
13012 10011 07505 96345 23007 35502 30010 96689 28012 29013
26022 9748/ 25019 27013 98036 24512 31012 30012 98789 34007
35513 02506 99135 02516 13026 10529 9967/ 10534 09032=

NNNNN
