USID55 WAJJ 030000
TTAA  53001 97690 99000 28656 10002 00090 28656 10002
92776 22027 15505 85509 19447 09502 70155 10850 01506
50589 04158 06011 40761 13559 09023 30973 29962 10028
25101 39761 10035 20250 51359 11537 15430 67957 11032
10662 77358 03511 88108 82923 07541 77999 31313 73508
82329=

NNNNN

UKID55 WAJJ 030000
TTBB  53008 97690 00000 28656 11995 26840 22932 22429 33829
18856 44731 12033 55666 08838 66562 00015 77541 02707 88538
01335 99520 01757 11493 04956 22476 06157 33473 05967 44455
07958 55413 11962 66347 21559 77329 24733 88319 26534 99312
27758 11300 29962 22289 31762 33281 33550 44270 35342 55263
36947 66257 38160 77222 45967 88193 53156 99172 59743 11159
64757 22133 74556 33124 77923 44108 82923 55107 82724 66105
81935 77104 79356 88100 77358 21212 00000 10002 11977 10006
22944 14004 33912 10504 44881 15503 55822 04503 66793 35004
77766 08003 88739 03004 99713 04006 11688 35508 22663 35008
33640 33011 44595 34512 55573 01012 66531 06013 77493 05012
88456 09013 99422 07019 11375 09021 22319 09525 33305 10531
44293 10027 55269 10526 66258 10531 77147 10536 88140 10528
99120 08024 11114 07537 22102 06520 31313 73508 82329 41414
21431=

NNNNN

ULID55 WAJJ 030000
TTCC  53003 97690 70867 72365 06509 50066 69371 29513
30378 60983 24022 88999 77999 31313 73508 82329=

NNNNN

UEID55 WAJJ 030000
TTDD  5300/ 97690 11943 79157 22742 77161 33705 72365 44575
72768 55519 68571 66449 68375 77335 60384 88277 63183 99226
61583 21212 11970 30512 22920 27025 33873 17509 44828 16009
55786 22507 66708 04509 77673 09508 88640 25504 99608 17512
11578 00000 22549 31012 33388 24020 44351 24017 55335 27010
66304 23520 77263 24025 88226 19518 31313 73508 82329=

NNNNN

UPID55 WAJJ 030000
PPAA  53008 97690 55385 09502 01506 06011 55340 09023
10028 10035 55320 11537 11032 03511 77999=

NNNNN

UGID55 WAJJ 030000
PPBB  53008 97690 90/12 10002 10006 14004 90346 10504 15503
04503 90789 35004 08003 03004 91012 04006 35508 35008 91356
33011 34512 01012 918// 06013 92024 05012 09013 07019 927//
09021 93123 09525 10531 10027 9356/ 10526 10531 9489/ 10536
10528 95235 08024 07537 06520=

NNNNN

UHID55 WAJJ 030000
PPCC  53008 97690 55370 06509 29513 24022 77999=

NNNNN

UQID55 WAJJ 030000
PPDD  53008 97690 95678 30512 27025 17509 959// 16009 96012
22507 12003 04509 96345 09508 25504 17512 9667/ 00000 31012
97467 24020 24017 27010 979// 23520 9825/ 24025 19518=

NNNNN
