USID54 WAPP 070000
TTAA  57001 97724 99012 25613 29004 00113 25631 00000
92800 23250 11003 85534 19250 17007 70182 09220 08506
50591 04920 07009 40763 14338 11015 30975 29564 08024
25103 39362 09032 20251 53157 10039 15430 68957 09048
10663 75361 09005 88110 82956 08553 77999 31313 73508
82330=

NNNNN

UKID54 WAPP 070000
TTBB  57008 97724 00012 25613 11980 26256 22740 12856 33697
09018 44592 03445 55558 00026 66484 07106 77394 15532 88361
19560 99336 23158 11283 32568 22268 35758 33260 37163 44190
56156 55171 61759 66159 65950 77110 82956 88100 75361 21212
00012 29004 11979 09002 22915 11505 33853 16507 44824 14006
55796 15506 66642 07007 77619 08509 88597 10011 99533 06513
11494 08008 22458 07509 33423 09510 44407 10511 55361 11518
66294 08026 77282 08535 88188 09540 99155 10044 11140 08550
22114 08055 33102 09015 31313 73508 82330 41414 48472=

NNNNN

ULID54 WAPP 070000
TTCC  57002 97724 70867 73167 33018 50066 69381 32012
30375 59784 35007 20628 60184 10022 88801 80963 16009
88362 68981 22519 77142 09076 77129 07571 31313 73508
82330=

NNNNN

UEID54 WAPP 070000
TTDD  5700/ 97724 11801 80963 22707 73167 33594 73375 44486
67382 55455 68582 66430 65582 77362 68981 88327 66182 99314
61183 11291 58984 22245 60983 33208 59984 44202 60384 55194
56385 66183 56984 77175 53185 88143 50786 99137 47987 11106
44588 21212 11972 21003 22922 19012 33875 18014 44787 11005
55709 34516 66608 23010 77578 00001 88549 05003 99522 32509
11497 32512 22449 32016 33407 23013 44351 23014 55333 18005
66317 02506 77303 35505 88288 32013 99275 27503 11250 13509
22238 05510 33206 09013 44187 08532 55155 09064 66148 09064
77142 09076 88135 08065 99129 07571 11124 09066 22108 09564
31313 73508 82330=

NNNNN

UPID54 WAPP 070000
PPAA  57008 97724 55385 17007 08506 07009 55340 11015
08024 09032 55320 10039 09048 09005 77999=

NNNNN

UGID54 WAPP 070000
PPBB  57008 97724 90/13 29004 09002 11505 90567 16507 14006
15506 91345 07007 08509 10011 918// 06513 92024 08008 07509
09510 9258/ 10511 11518 9334/ 08026 08535 94379 09540 10044
08550 9535/ 08055 09015=

NNNNN

UHID54 WAPP 070000
PPCC  57008 97724 55370 33018 32012 35007 55120 10022
72849 09076 72912 07571=

NNNNN

UQID54 WAPP 070000
PPDD  57008 97724 95678 21003 19012 18014 96012 11005 23506
34516 96567 23010 00001 05003 9689/ 32509 32512 97136 32016
23013 23014 97789 18005 02506 35505 98013 32013 27503 13509
98479 05510 09013 08532 99345 09064 09064 09076 99678 08065
07571 09066 101// 09564=

NNNNN
