USID54 WAPP 070000
TTAA  57001 97724 99008 27625 28003 00074 27035 06507
92763 23850 27002 85496 20457 04002 70152 10235 03004
50587 04556 10515 40761 14344 10511 30972 29750 00512
25099 40550 04510 20247 53160 04013 15426 67159 05534
10661 82757 02017 88999 77999 31313 73508 82330=

NNNNN

UKID54 WAPP 070000
TTBB  57008 97724 00008 27625 11894 22658 22775 16257 33567
00013 44490 04559 55453 08941 66363 19338 77352 20357 88257
38947 99231 45350 11221 47559 22197 53762 33162 63358 44136
71761 55100 82757 21212 00008 28003 11975 02506 22942 30002
33911 21002 44880 26003 55850 04002 66821 01003 77793 33004
88765 04004 99640 03005 11617 09503 22594 10508 33572 09009
44531 11514 55492 11011 66474 13508 77456 06006 88438 06512
99422 08510 11406 10010 22374 05509 33345 06017 44293 01512
55257 03011 66246 04509 77235 04507 88225 04010 99205 03512
11178 07024 22154 05533 33120 09530 44108 07517 55102 03515
31313 73508 82330 41414 00579=

NNNNN

ULID54 WAPP 070000
TTCC  57001 97724 70864 75764 32025 50064 68372 23517
30370 62180 18515 20628 54785 32022 10068 48987 09071
88973 84157 02016 88165 61183 12015 77097 09076 31313
73508 82330=

NNNNN

UEID54 WAPP 070000
TTDD  5700/ 97724 11973 84157 22920 83758 33884 77562 44827
77960 55764 73364 66670 76963 77647 76764 88614 70568 99553
67371 11457 71171 22437 67775 33342 69974 44311 66177 55298
61381 66222 53585 77165 61183 88149 60983 99130 58184 11120
51986 22094 49386 21212 11915 01505 22868 18015 33824 18018
44782 12518 55743 33509 66670 31021 77604 22023 88575 24509
99547 28513 11495 24016 22448 28022 33426 27032 44385 27035
55366 24534 66332 22516 77300 18515 88286 26517 99248 27018
11237 32512 22187 29015 33178 28504 44170 13005 55162 11017
66154 07021 77134 09018 88122 10038 99111 09567 11097 09076
31313 73508 82330=

NNNNN

UPID54 WAPP 070000
PPAA  57008 97724 55385 04002 03004 10515 55340 10511
00512 04510 55320 04013 05534 02017 77999=

NNNNN

UGID54 WAPP 070000
PPBB  57008 97724 90/12 28003 02506 30002 90345 21002 26003
04002 90678 01003 33004 04004 91345 03005 09503 10508 9168/
09009 11514 92012 11011 13508 06006 92345 06512 08510 10010
9279/ 05509 06017 93367 01512 03011 04509 9389/ 04507 04010
94147 03512 07024 05533 95245 09530 07517 03515=

NNNNN

UHID54 WAPP 070000
PPCC  57008 97724 55370 32025 23517 18515 55220 32022
09071 63088 09076=

NNNNN

UQID54 WAPP 070000
PPDD  57008 97724 95789 01505 18015 18018 96013 12518 33509
31021 96567 22023 24509 28513 969// 24016 97124 28022 27032
27035 97579 24534 22516 18515 98034 26517 27018 32512 989//
29015 99012 28504 13005 11017 99368 07021 09018 10038 1003/
09567 09076=

NNNNN
