USID54 WAPP 270000
TTAA  77001 97724 99006 28037 26001 00063 27450 03504
92752 24257 26016 85492 19241 25018 70130 11458 23515
50587 04324 33512 40759 16110 03007 30970 29756 07535
25098 39556 11538 20246 51957 11548 15426 67158 11561
10660 76761 11021 88106 82950 10562 77119 11070 77126
11568 31313 73508 82330=

NNNNN

UKID54 WAPP 270000
TTBB  77008 97724 00006 28037 11967 27259 22845 18840 33746
12644 44704 11658 55548 00038 66430 11527 77404 15714 88354
21517 99319 26931 11313 27556 22289 31759 33274 34544 44238
42343 55217 47358 66164 62359 77106 82950 88100 76761 21212
00006 26001 11974 30512 22910 25018 33638 25522 44511 32014
55492 33508 66455 23513 77438 24009 88421 32502 99405 02507
11374 03019 22317 07025 33305 07532 44225 12543 55205 11047
66196 11550 77132 11563 88126 11568 99119 11070 11113 11067
22107 10063 31313 73508 82330 41414 48472=

NNNNN

ULID54 WAPP 270000
TTCC  77001 97724 70865 76963 29034 50060 69969 27520
30372 64383 18006 20620 60384 08519 10072 43588 09569
88635 78763 27025 77089 09076 77097 09073 77102 09570
31313 73508 82330=

NNNNN

UEID54 WAPP 270000
TTDD  7700/ 97724 11860 79760 22782 77562 33755 74166 44635
78763 55609 76565 66574 78763 77553 76965 88539 71370 99480
69571 11469 68572 22452 62179 33298 64183 44281 66582 55252
66582 66243 66182 77235 62383 88216 63183 99192 58184 11187
54785 22176 52186 33156 53585 44145 51586 55131 52986 66112
45188 77087 40199 21212 11965 14006 22917 24513 33870 26530
44783 27026 55744 29034 66706 29535 77636 27025 88573 19015
99544 27505 11517 29020 22467 24014 33445 28021 44424 27528
55385 24531 66349 24023 77332 25015 88316 22010 99287 14008
11273 09008 22260 08514 33247 10009 44235 31006 55224 24010
66213 22007 77203 10019 88194 08017 99161 08542 11154 07550
22111 08568 33102 09570 44097 09073 55093 09064 66089 09076
31313 73508 82330=

NNNNN

UPID54 WAPP 270000
PPAA  77008 97724 55385 25018 23515 33512 55340 03007
07535 11538 55320 11548 11561 11021 71562 11070 71529
11568=

NNNNN

UGID54 WAPP 270000
PPBB  77008 97724 90/13 26001 30512 25018 9139/ 25522 32014
92023 33508 23513 24009 92457 32502 02507 03019 93129 07025
07532 12543 9412/ 11047 11550 95012 11563 11568 11070 9534/
11067 10063=

NNNNN

UHID54 WAPP 270000
PPCC  77008 97724 55370 29034 27520 18006 55220 08519
09569 63150 09076 73092 09073 73058 09570=

NNNNN

UQID54 WAPP 270000
PPDD  77008 97724 95678 14006 24513 26530 96012 27026 29034
29535 96467 27025 19015 27505 968// 29020 97012 24014 28021
27528 97467 24531 24023 25015 978// 22010 98012 14008 09008
08514 98345 10009 31006 24010 98678 22007 10019 08017 9923/
08542 07550 10023 08568 09570 09073 1045/ 09064 09076=

NNNNN
