USID54 WAPP 150000
TTAA  65001 97724 99008 27419 28001 00085 27433 11503
92772 23433 26505 85505 19236 27507 70153 11045 04006
50590 03760 07015 40762 14361 07017 30975 29356 10017
25102 40140 08520 20250 52160 11525 15429 67756 13037
10663 83557 02509 88999 77999 31313 73508 82330=

NNNNN

UKID54 WAPP 150000
TTBB  65008 97724 00008 27419 11796 16032 22729 13457 33694
10445 44647 08060 55622 06057 66599 04061 77581 02457 88550
00057 99541 00550 11531 01359 22483 05758 33467 07548 44451
08958 55439 10550 66426 11757 77418 12563 88416 12567 99412
13162 11410 13162 22369 18157 33350 20357 44256 38544 55247
40741 66239 42358 77234 43760 88230 44757 99211 49162 11172
60745 22151 67356 33141 69760 44100 83557 21212 00008 28001
11976 00001 22943 29506 33881 25508 44821 31510 55765 29509
66739 31507 77713 01504 88664 08008 99640 07510 11617 09007
22595 08511 33532 06513 44457 06518 55407 06516 66333 12011
77306 09516 88293 10518 99258 07519 11216 09521 22197 12027
33188 13030 44147 13036 55140 11528 66126 08509 77120 33003
88114 27510 99108 25505 11102 01505 31313 73508 82330 41414
00511=

NNNNN

ULID54 WAPP 150000
TTCC  65001 97724 70863 80162 27002 50061 67582 27023
30370 67782 25522 20623 53985 29013 10070 46387 08565
88988 83957 03010 66084 10068 31313 73508 82330=

NNNNN

UEID54 WAPP 150000
TTDD  6500/ 97724 11988 83957 22929 80959 33728 82759 44671
76164 55630 75565 66589 69973 77408 65782 88304 67582 99280
61983 11257 59384 22244 60983 33224 60983 44211 55585 55181
54385 66170 55985 77164 55785 88161 53785 99115 52386 11110
48587 22084 43388 21212 11970 03513 22919 01514 33872 00504
44826 12513 55783 07506 66742 36011 77703 34502 88668 19021
99602 22520 11573 27019 22518 28523 33469 25519 44425 24521
55385 22525 66348 27522 77286 26021 88259 25016 99247 18513
11236 17508 22224 19502 33214 15005 44204 29513 55195 26508
66186 12510 77177 09533 88154 06541 99140 09044 11134 09049
22089 09568 33084 10068 31313 73508 82330=

NNNNN

UPID54 WAPP 150000
PPAA  65008 97724 55385 27507 04006 07015 55340 07017
10017 08520 55320 11525 13037 02509 77999=

NNNNN

UGID54 WAPP 150000
PPBB  65008 97724 90/12 28001 00001 29506 90468 25508 31510
29509 909// 31507 91023 01504 08008 07510 91458 09007 08511
06513 9225/ 06518 06516 93023 12011 09516 10518 936// 07519
94023 09521 12027 13030 9489/ 13036 11528 95123 08509 33003
27510 9545/ 25505 01505=

NNNNN

UHID54 WAPP 150000
PPCC  65008 97724 55370 27002 27023 25522 55220 29013
08565 63190 10068=

NNNNN

UQID54 WAPP 150000
PPDD  65008 97724 95678 03513 01514 00504 959// 12513 96012
07506 36011 34502 96356 19021 22520 27019 968// 28523 97024
25519 24521 22525 976// 27522 98023 26021 25016 18513 98456
17508 19502 15005 98789 29513 26508 12510 99035 09533 06541
09044 996// 09049 1056/ 09568 10068=

NNNNN
