USID54 WAPP 030000
TTAA  53001 97724 99008 27625 27003 00077 26836 06503
92766 23232 29505 85504 19023 30004 70154 10032 29008
50588 04161 12006 40761 14166 13007 30973 29940 07518
25100 39361 05519 20249 52562 07011 15429 67966 09512
10664 79960 29516 88999 77999 31313 73508 82330=

NNNNN

UKID54 WAPP 030000
TTBB  53008 97724 00008 27625 11732 11822 22674 09056 33579
03058 44566 01645 55547 00231 66546 00029 77542 00158 88435
09568 99399 14166 11387 16160 22353 20963 33314 27540 44304
29532 55288 31759 66269 35161 77245 40758 88184 56571 99135
73961 11119 77360 22118 74762 33113 75361 44100 79960 21212
00008 27003 11975 01004 22943 30504 33911 26503 44880 30505
55713 26508 66617 25508 77594 27507 88552 17504 99531 13005
11474 13007 22456 09506 33439 12005 44422 08504 55390 12007
66375 13010 77360 15008 88346 13510 99332 11508 11319 10010
22246 05519 33216 04511 44206 03509 55197 08510 66140 10016
77120 07011 88114 34509 99103 30516 31313 73508 82330 41414
28421=

NNNNN

ULID54 WAPP 030000
TTCC  53001 97724 70866 72367 27510 50066 67782 31028
30377 63183 23024 20628 61183 02004 10077 46187 10060
88865 83559 14012 77094 10575 31313 73508 82330=

NNNNN

UEID54 WAPP 030000
TTDD  5300/ 97724 11865 83559 22815 84159 33803 79763 44761
75364 55691 71768 66641 73771 77579 71776 88546 66382 99487
68981 11441 64982 22282 63183 33230 59784 44203 61383 55192
61383 66177 57184 77173 52186 88167 50186 99150 52386 11090
46987 21212 11972 29511 22922 22508 33873 14511 44827 12515
55784 00000 66707 30006 77672 27516 88606 23015 99576 24011
11548 03006 22522 32021 33369 21016 44351 23014 55318 22520
66289 22524 77275 19021 88262 19014 99250 13017 11216 06010
22206 35508 33196 04007 44187 06026 55170 05038 66135 09537
77118 07047 88107 09547 99103 09052 11098 10060 22094 10575
31313 73508 82330=

NNNNN

UPID54 WAPP 030000
PPAA  53008 97724 55385 30004 29008 12006 55340 13007
07518 05519 55320 07011 09512 29516 77999=

NNNNN

UGID54 WAPP 030000
PPBB  53008 97724 90/12 27003 01004 30504 9034/ 26503 30505
91045 26508 25508 27507 9178/ 17504 13005 92123 13007 09506
12005 92467 08504 12007 13010 9289/ 15008 13510 93017 11508
10010 05519 94012 04511 03509 08510 949// 10016 95235 07011
34509 30516=

NNNNN

UHID54 WAPP 030000
PPCC  53008 97724 55370 27510 31028 23024 55220 02004
10060 63118 10575=

NNNNN

UQID54 WAPP 030000
PPDD  53008 97724 95678 29511 22508 14511 959// 12515 96012
00000 14502 30006 96356 27516 23015 24011 9678/ 03006 32021
97568 21016 23014 22520 98012 22524 19021 19014 98367 13017
06010 35508 9889/ 04007 06026 99169 05038 09537 07047 10123
09547 09052 10060 104// 10575=

NNNNN
