USID54 WAPP 100000
TTAA  60001 97724 99008 25208 26001 00084 25624 01002
92769 22628 25511 85504 18625 28008 70147 10028 25009
50587 04526 21012 40760 14535 22003 30971 29137 00000
25099 39336 04510 20248 51944 11004 15427 68550 11532
10661 79356 25011 88999 77999 31313 73508 82330=

NNNNN

UKID54 WAPP 100000
TTBB  60008 97724 00008 25208 11977 25635 22768 13210 33656
07841 44566 00016 55508 03539 66491 05516 77459 08350 88359
19728 99271 34540 11122 77950 22116 75358 33100 79356 21212
00008 26001 11976 23003 22943 27005 33912 25012 44880 26013
55850 28008 66821 27010 77738 25513 88712 26509 99687 24508
11594 24506 22572 28005 33531 26005 44511 20509 55492 20512
66473 19014 77455 22010 88438 22508 99421 20005 11390 22502
22374 18004 33345 22505 44331 20002 55318 31002 66305 01501
77292 00001 88280 19504 99268 10002 11246 03511 22215 02510
33196 13006 44187 14513 55170 11522 66147 11533 77126 10040
88119 10021 99113 05008 11107 24511 31313 73508 82330 41414
39472=

NNNNN

ULID54 WAPP 100000
TTCC  60002 97724 70863 75960 29517 50059 69958 32007
30372 62381 19517 20626 56185 09527 88937 81949 30003
77999 31313 73508 82330=

NNNNN

UEID54 WAPP 100000
TTDD  6000/ 97724 11937 81949 22883 80157 33804 80956 44754
77759 55608 76156 66592 72559 77550 72944 88530 73940 99507
70958 11470 65759 22398 66157 33379 63360 44290 62783 55267
62183 66230 55385 77204 56185 88176 53785 99168 50586 11144
50786 22137 45188 21212 11968 26008 22917 35503 33870 22505
44782 12512 55742 01020 66704 30516 77603 21512 88573 23006
99544 30007 11517 01009 22491 32011 33445 26507 44424 28518
55331 21519 66301 19517 77248 08522 88215 06028 99205 08525
11196 09036 22170 08543 33155 09044 44142 08554 31313 73508
82330=

NNNNN

UPID54 WAPP 100000
PPAA  60008 97724 55385 28008 25009 21012 55340 22003
00000 04510 55320 11004 11532 25011 77999=

NNNNN

UGID54 WAPP 100000
PPBB  60008 97724 90/12 26001 23003 27005 90345 25012 26013
28008 9069/ 27010 25513 91015 26509 24508 24506 91689 28005
26005 20509 92012 20512 19014 22010 92346 22508 20005 22502
9279/ 18004 22505 93012 20002 31002 01501 93345 00001 19504
10002 937// 03511 94023 02510 13006 14513 9458/ 11522 11533
95123 10040 10021 05008 954// 24511=

NNNNN

UHID54 WAPP 100000
PPCC  60008 97724 55370 29517 32007 19517 55120 09527
77999=

NNNNN

UQID54 WAPP 100000
PPDD  60008 97724 95678 26008 35503 22505 96012 12512 01020
30516 96567 21512 23006 30007 9689/ 01009 32011 97127 26507
28518 21519 979// 19517 98367 08522 06028 08525 988// 09036
99135 08543 09044 08554=

NNNNN
