USID54 WAPP 110000
TTAA  61001 97724 99009 27017 27004 00085 27237 08004
92773 22626 32013 85508 18433 26511 70152 09841 29015
50588 04343 00504 40761 14335 01508 30974 28559 04018
25101 39361 07523 20250 52361 09528 15429 68150 11539
10662 81556 28515 88114 81156 10041 77999 31313 73508
82330=

NNNNN

UKID54 WAPP 110000
TTBB  61008 97724 00009 27017 11978 26244 22917 21819 33896
21456 44798 15226 55560 00018 66506 03550 77465 07929 88349
20744 99335 22159 11260 36762 22230 44357 33223 45763 44178
58956 55114 81156 66100 81556 21212 00009 27004 11944 31511
22912 31016 33851 26511 44739 29015 55663 30513 66617 32012
77572 32510 88531 32506 99512 29502 11493 01005 22474 32505
33456 01511 44439 03009 55422 02512 66406 02508 77375 03013
88293 04019 99216 10026 11188 09027 22171 10032 33147 11539
44114 10041 55108 06520 66102 29010 31313 73508 82330 41414
48372=

NNNNN

ULID54 WAPP 110000
TTCC  61001 97724 70864 74966 14505 50062 69781 31004
30373 58784 12509 20631 56984 09027 10084 43588 07575
88999 77095 07072 77119 09571 31313 73508 82330=

NNNNN

UEID54 WAPP 110000
TTDD  6100/ 97724 11925 82556 22776 79361 33756 76165 44716
76964 55687 72769 66581 73780 77557 72981 88546 69381 99488
69781 11459 66582 22422 68382 33373 63983 44355 64982 55294
58984 66283 54985 77273 52985 88249 55985 99208 57584 11182
53985 22152 53585 33150 54185 44147 51586 55077 39189 21212
11968 27518 22918 15503 33870 14515 44825 00505 55783 02010
66743 18013 77705 14009 88670 31015 99605 26031 11575 25026
22546 30521 33519 30516 44494 00506 55469 35015 66425 28513
77404 29511 88385 29006 99366 20012 11349 16004 22332 11507
33316 11018 44301 12009 55287 01006 66274 33514 77250 33020
88238 31003 99227 07514 11207 13020 22197 08032 33163 09547
44156 09549 55142 09052 66136 09545 77130 10053 88124 10066
99119 09571 11095 07072 22091 07565 33079 09566 31313 73508
82330=

NNNNN

UPID54 WAPP 110000
PPAA  61008 97724 55385 26511 29015 00504 55340 01508
04018 07523 55320 09528 11539 28515 77999=

NNNNN

UGID54 WAPP 110000
PPBB  61008 97724 90/23 27004 31511 31016 9059/ 26511 29015
91246 30513 32012 32510 9189/ 32506 29502 92012 01005 32505
01511 92345 03009 02512 02508 927// 03013 933// 04019 94035
10026 09027 10032 948// 11539 95345 10041 06520 29010=

NNNNN

UHID54 WAPP 110000
PPCC  61008 97724 55370 14505 31004 12509 55220 09027
07575 73118 07072 72968 09571=

NNNNN

UQID54 WAPP 110000
PPDD  61008 97724 95678 27518 15503 14515 959// 00505 96012
02010 18013 14009 96356 31015 26031 25026 96789 30521 30516
00506 97023 35015 28513 29511 97456 29006 20012 16004 97789
11507 11018 12009 98013 01006 33514 33020 98457 31003 07514
13020 988// 08032 99235 09547 09549 09052 99678 09545 10053
10066 999// 09571 10458 07072 07565 09566=

NNNNN
