USID54 WAPP 060000
TTAA  56001 97724 99010 27014 27001 00099 26423 05006
92786 22216 10006 85518 19244 18007 70167 09423 19506
50589 05312 09506 40761 14734 09004 30974 29340 10511
25101 39935 09023 20249 53349 06534 15427 67565 07035
10660 79762 08535 88999 77999 31313 73508 82330=

NNNNN

UKID54 WAPP 060000
TTBB  56008 97724 00010 27014 11906 21022 22844 19049 33675
07418 44564 00021 55523 02934 66492 06110 77479 06932 88455
09110 99440 09940 11320 25938 22247 40736 33231 44556 44184
58549 55182 59145 66176 60960 77154 65964 88121 77161 99113
80359 11105 82359 22100 79762 21212 00010 27001 11977 06011
22945 10011 33913 11007 44852 17507 55794 17506 66740 19506
77689 19008 88664 17011 99641 16506 11595 17504 22573 05502
33553 15006 44532 07509 55475 08505 66457 14009 77422 11004
88360 12007 99332 07015 11319 09517 22281 10014 33247 09023
44226 08031 55154 07035 66133 06542 77120 09544 88114 10550
99102 09046 31313 73508 82330 41414 38432=

NNNNN

ULID54 WAPP 060000
TTCC  5600/ 97724 88999 77999 31313 73508 82330=

NNNNN

UEID54 WAPP 060000
TTDD  5600/ 97724 31313 73508 82330=

NNNNN

UPID54 WAPP 060000
PPAA  56008 97724 55385 18007 19506 09506 55340 09004
10511 09023 55320 06534 07035 08535 77999=

NNNNN

UGID54 WAPP 060000
PPBB  56008 97724 90/12 27001 06011 10011 90357 11007 17507
17506 909// 19506 91123 19008 17011 16506 91567 17504 05502
15006 918// 07509 92124 08505 14009 11004 928// 12007 93014
07015 09517 10014 9379/ 09023 08031 947// 07035 95023 06542
09544 10550 955// 09046=

NNNNN

UHID54 WAPP 060000
PPCC  56008 97724 77999=

NNNNN

UQID54 WAPP 060000
PPDD  56008 97724=

NNNNN
