USID54 WAPP 030000
TTAA  53001 97724 99010 27632 28008 00094 27037 02504
92783 23038 24515 85517 19650 26517 70161 10450 27512
50589 04161 33012 40761 14744 22005 30973 29545 11517
25099 40130 09525 20248 52349 09045 15427 68958 11550
88999 77999 31313 73508 82338=

NNNNN

UKID54 WAPP 030000
TTBB  53008 97724 00010 27632 11893 21034 22861 20656 33616
04432 44574 00009 55542 02912 66538 01759 77528 02360 88505
03761 99464 08324 11413 14314 22409 13546 33308 28150 44254
39134 55227 45333 66218 47356 77192 54937 88189 55931 99185
56956 11157 66559 22146 70157 33130 75362 44118 78958 55101
79760 21212 00010 28008 11912 25014 22822 27516 33794 26518
44767 28011 55740 27508 66689 27012 77640 31514 88595 32009
99573 31511 11552 33010 22532 34006 33493 32511 44474 24004
55456 26010 66439 26508 77422 26010 88406 22004 99375 18505
11360 00001 22346 20503 33318 12006 44293 11523 55246 09528
66236 08530 77170 09546 88162 10049 99147 11550 11139 11547
22126 10055 33113 08552 44107 07030 55101 07033 31313 73508
82338 41414 48472=

NNNNN

ULID54 WAPP 030000
TTCC  5300/ 97724 88999 77999 31313 73508 82338=

NNNNN

UEID54 WAPP 030000
TTDD  5300/ 97724 31313 73508 82338=

NNNNN

UPID54 WAPP 030000
PPAA  53008 97724 55385 26517 27512 33012 55340 22005
11517 09525 55220 09045 11550 77999=

NNNNN

UGID54 WAPP 030000
PPBB  53008 97724 90/36 28008 25014 27516 90789 26518 28011
27508 91135 27012 31514 32009 91678 31511 33010 34006 92012
32511 24004 26010 92345 26508 26010 22004 92789 18505 00001
20503 93137 12006 11523 09528 938// 08530 94568 09546 10049
11550 949// 11547 95134 10055 08552 07030 955// 07033=

NNNNN

UHID54 WAPP 030000
PPCC  53008 97724 77999=

NNNNN

UQID54 WAPP 030000
PPDD  53008 97724=

NNNNN
