USID54 WAPP 040000
TTAA  54001 97724 99011 25612 19001 00104 25841 22507
92785 21420 25518 85516 17629 27018 70165 10240 29018
50588 04707 15506 40762 13512 15006 30975 29735 08022
25103 39138 09520 20251 52541 12513 15429 69147 09034
10662 75757 09020 88108 81528 07550 77999 31313 73508
82330=

NNNNN

UKID54 WAPP 040000
TTBB  54008 97724 00011 25612 11999 25842 22934 21607 33904
21439 44825 15612 55702 10040 66575 00008 77459 07710 88384
15509 99338 21908 11297 30139 22284 32747 33273 34520 44250
39138 55227 45125 66200 52541 77184 57129 88144 71149 99130
75334 11113 80140 22108 81528 33107 81136 44106 81138 55105
79557 66100 75757 21212 00011 19001 11978 24511 22822 27019
33689 29512 44664 27010 55640 28508 66617 28006 77594 01503
88573 32504 99552 05504 11531 12503 22493 17507 33456 13009
44439 16508 55406 16008 66375 12007 77346 13007 88319 08011
99216 10514 11171 09524 22163 10029 33155 09528 44133 09553
55108 07550 66102 08525 31313 73508 82330 41414 5847/=

NNNNN

ULID54 WAPP 040000
TTCC  54002 97724 70866 78533 29022 50065 69532 29025
30375 60760 05010 20631 53559 09027 88837 79725 23504
77999 31313 73508 82330=

NNNNN

UEID54 WAPP 040000
TTDD  5400/ 97724 11949 76356 22931 76958 33837 79725 44813
78938 55793 79926 66729 78349 77703 78534 88653 75156 99639
73339 11616 73358 22570 70350 33551 70359 44536 68150 55530
68556 66516 68756 77509 69133 88497 69733 99491 69956 11462
68139 22457 67950 33449 67730 44434 68557 55406 64750 66401
65157 77394 64759 88374 62748 99365 62950 11357 63137 22354
62733 33352 62930 44350 62946 55349 62756 66344 62956 77339
62750 88334 63541 99324 63158 11312 61957 22302 60960 33284
59557 44253 60159 55233 58957 66228 59158 77225 58757 88223
58558 99217 57557 11214 56159 22199 53759 21212 11970 09511
22921 15512 33874 17009 44829 28005 55786 30009 66708 30020
77671 29014 88637 25011 99606 24009 11576 24511 22495 29522
33471 28017 44448 22022 55406 22514 66368 25014 77350 24014
88334 16507 99318 11009 11303 07012 22288 34012 33275 35507
44262 30009 55250 25015 66227 19515 77217 11022 88207 09522
31313 73508 82330=

NNNNN

UPID54 WAPP 040000
PPAA  54008 97724 55385 27018 29018 15506 55340 15006
08022 09520 55320 12513 09034 09020 77999=

NNNNN

UGID54 WAPP 040000
PPBB  54008 97724 90/16 19001 24511 27019 91123 29512 27010
28508 91456 28006 01503 32504 9178/ 05504 12503 92023 17507
13009 16508 92579 16008 12007 13007 931// 08011 94056 10514
09524 10029 947// 09528 95045 09553 07550 08525=

NNNNN

UHID54 WAPP 040000
PPCC  54008 97724 55370 29022 29025 05010 55120 09027
77999=

NNNNN

UQID54 WAPP 040000
PPDD  54008 97724 95678 09511 15512 17009 959// 28005 96023
30009 30020 29014 96456 25011 24009 24511 969// 29522 97013
28017 22022 22514 97567 25014 24014 16507 9789/ 11009 07012
98012 34012 35507 30009 98356 25015 19515 11022 987// 09522=

NNNNN
