USID54 WAPP 110000
TTAA  61001 97724 99009 27432 25001 00090 27857 07503
92777 23256 34012 85511 19656 01006 70158 10856 05511
50589 04956 10018 40761 14743 09520 30973 29556 08514
25101 40357 05011 20249 53160 09015 15428 68359 12020
10661 78161 06522 88108 80357 09551 77999 31313 73508
82337=

NNNNN

UKID54 WAPP 110000
TTBB  61008 97724 00009 27432 11008 28256 22862 20657 33793
15228 44729 13458 55632 05844 66607 03857 77592 02432 88562
00030 99546 00956 11523 03127 22504 04757 33451 09359 44448
09557 55423 11960 66412 13550 77384 16759 88359 20336 99305
28557 11140 71958 22108 80357 33100 78161 21212 00009 25001
11977 34006 22881 34010 33851 01006 44822 35508 55739 35513
66713 06508 77664 07010 88552 09015 99532 10513 11439 09517
22375 10517 33346 07019 44293 08013 55258 03512 66247 06512
77197 09016 88170 12019 99140 12523 11133 11529 22120 12043
33108 09551 44102 08033 31313 73508 82337 41414 00511=

NNNNN

ULID54 WAPP 110000
TTCC  61002 97724 70867 76768 23519 50065 68382 22025
30372 66182 24022 20626 59384 23526 88999 77999 31313
73508 82337=

NNNNN

UEID54 WAPP 110000
TTDD  6100/ 97724 11941 76163 22818 78764 33759 75368 44684
76969 55545 69381 66409 66382 77316 68582 88304 67982 99293
63983 11267 58184 22199 59584 33170 57784 44153 53785 55123
54185 66107 48987 21212 11969 02519 22919 31514 33786 29531
44708 23523 55638 27015 66606 33512 77496 21526 88471 22521
99448 21017 11406 24511 22386 27517 33301 24023 44287 16514
55273 04510 66260 34522 77248 31529 88237 30530 99226 29524
11196 23019 22186 17511 33178 18516 44170 12019 55162 10042
66141 08542 77128 08050 88117 08039 99111 09055 31313 73508
82337=

NNNNN

UPID54 WAPP 110000
PPAA  61008 97724 55385 01006 05511 10018 55340 09520
08514 05011 55320 09015 12020 06522 77999=

NNNNN

UGID54 WAPP 110000
PPBB  61008 97724 90/14 25001 34006 34010 90569 01006 35508
35513 91027 06508 07010 09015 918// 10513 92379 09517 10517
07019 93367 08013 03512 06512 94259 09016 12019 12523 95024
11529 12043 09551 955// 08033=

NNNNN

UHID54 WAPP 110000
PPCC  61008 97724 55370 23519 22025 24022 55120 23526
77999=

NNNNN

UQID54 WAPP 110000
PPDD  61008 97724 9567/ 02519 31514 96024 29531 23523 27015
9659/ 33512 21526 97013 22521 21017 24511 9749/ 27517 24023
98012 16514 04510 34522 98345 31529 30530 29524 9889/ 23019
17511 99012 18516 12019 10042 99579 08542 08050 08039 100//
09055=

NNNNN
