USID54 WAPP 190000
TTAA  69001 97724 99009 27829 00000 00091 27648 05504
92782 24657 29010 85515 19049 27515 70160 10432 31513
50590 03742 04511 40763 14557 05513 30975 29140 09509
25103 39158 10519 20250 52548 10520 15430 68150 09540
10661 83356 06038 88104 84747 08043 77999 31313 73508
82330=

NNNNN

UKID54 WAPP 190000
TTBB  69008 97724 00009 27829 11943 25457 22853 19046 33759
13226 44744 13456 55546 00034 66465 06957 77447 08744 88422
11558 99398 14756 11362 18759 22357 19361 33329 23561 44308
27549 55234 43160 66214 48559 77203 51750 88189 55933 99179
58750 11104 84747 22100 83356 21212 00009 00000 11977 31007
22944 30014 33882 25509 44852 27515 55766 29016 66740 31011
77664 28008 88640 25005 99617 10003 11595 23001 22574 06507
33553 04012 44532 05510 55512 02010 66493 05510 77475 05011
88457 04510 99440 05509 11407 06511 22306 10011 33294 12510
44281 11515 55270 12516 66236 11021 77188 10021 88179 09028
99171 09033 11126 09043 22102 07039 31313 73508 82330 41414
11111=

NNNNN

ULID54 WAPP 190000
TTCC  69001 97724 70864 77563 25024 50061 69173 28026
30371 63983 28017 20622 58984 02526 10068 43988 09083
88999 77101 09083 77111 09573 31313 73508 82330=

NNNNN

UEID54 WAPP 190000
TTDD  6900/ 97724 11961 85147 22935 84750 33914 81159 44884
77960 55806 79759 66758 75563 77709 77762 88654 77164 99600
71569 11534 72570 22481 67575 33447 68776 44346 62783 55288
64583 66260 60584 77218 61983 88171 55585 99156 57184 11141
52986 22116 50386 33109 48787 44097 42799 21212 11967 05536
22917 07016 33869 26021 44742 24024 55669 24016 66635 22018
77603 24513 88573 24014 99518 27520 11492 27528 22468 24530
33424 23523 44384 23015 55365 24010 66348 30508 77315 30016
88272 25018 99260 25521 11247 23011 22236 11510 33225 09020
44194 01519 55185 02023 66169 10526 77161 09534 88146 07540
99133 10046 11127 10057 22116 10066 33111 09573 44101 09083
31313 73508 82330=

NNNNN

UPID54 WAPP 190000
PPAA  69008 97724 55385 27515 31513 04511 55340 05513
09509 10519 55320 10520 09540 06038 77999=

NNNNN

UGID54 WAPP 190000
PPBB  69008 97724 90/12 00000 31007 30014 90458 25509 27515
29016 909// 31011 91234 28008 25005 10003 91567 23001 06507
04012 9189/ 05510 02010 92012 05510 05011 04510 9235/ 05509
06511 93234 10011 12510 11515 9358/ 12516 11021 94345 10021
09028 09033 9515/ 09043 07039=

NNNNN

UHID54 WAPP 190000
PPCC  69008 97724 55370 25024 28026 28017 55220 02526
09083 63061 09083 72999 09573=

NNNNN

UQID54 WAPP 190000
PPDD  69008 97724 95678 05536 07016 26021 96134 24024 24016
22018 96568 24513 24014 27520 969// 27528 97024 24530 23523
23015 97568 24010 30508 30016 98123 25018 25521 23011 98458
11510 09020 01519 989// 02023 99124 10526 09534 07540 99679
10046 10057 10066 1002/ 09573 09083=

NNNNN
