USID54 WAPP 020000
TTAA  52001 97724 99009 27417 28001 00090 27026 02502
92781 23444 30512 85513 19256 27013 70152 09829 30010
50588 03557 30503 40761 13958 27501 30973 29158 05015
25101 39759 07023 20250 52559 08534 15429 67956 10546
10663 83159 08019 88999 77999 31313 73508 82330=

NNNNN

UKID54 WAPP 020000
TTBB  52008 97724 00009 27417 11937 23427 22911 23256 33750
11808 44706 10041 55629 06242 66596 02834 77576 02250 88558
00423 99554 00022 11515 02542 22511 02557 33417 11957 44393
14761 55384 16157 66333 23948 77326 24756 88322 25158 99319
25750 11307 27741 22300 29158 33265 36361 44237 42760 55229
44956 66207 50556 77202 51958 88185 56556 99150 67956 11128
73961 22100 83159 21212 00009 28001 11977 34002 22944 31507
33912 30010 44881 27007 55851 27013 66739 30513 77687 29508
88663 32506 99639 01010 11616 05004 22594 02006 33551 00509
44531 34505 55511 00505 66492 33004 77439 24503 88390 26004
99375 20006 11346 17004 22318 06513 33293 05515 44236 07526
55226 07529 66140 10545 77120 07532 88114 05529 99102 06018
31313 73508 82330 41414 22431=

NNNNN

ULID54 WAPP 020000
TTCC  52001 97724 70862 69566 21512 50061 71368 28527
30370 60181 27521 20623 58384 11511 10073 42388 08572
88847 88356 09534 77117 08572 77098 08571 31313 73508
82330=

NNNNN

UEID54 WAPP 020000
TTDD  5200/ 97724 11847 88356 22816 87556 33802 83359 44742
78159 55704 70565 66635 73565 77608 73366 88580 68970 99482
72967 11451 72368 22411 65774 33349 65375 44325 61579 55285
60182 66261 62781 77230 58984 88190 58384 99168 56785 11146
49386 22127 51786 33117 49986 44094 40796 21212 11919 11024
22870 10034 33824 09527 44780 04013 55740 12510 66703 21012
77668 25018 88573 29023 99518 28032 11492 28524 22468 26511
33445 00505 44423 31517 55365 24021 66300 27521 77286 23008
88273 16511 99260 26002 11247 08014 22225 09025 33214 07021
44195 15015 55186 11028 66161 09057 77140 07559 88122 09068
99117 08572 11098 08571 31313 73508 82330=

NNNNN

UPID54 WAPP 020000
PPAA  52008 97724 55385 27013 30010 30503 55340 27501
05015 07023 55320 08534 10546 08019 77999=

NNNNN

UGID54 WAPP 020000
PPBB  52008 97724 90/12 28001 34002 31507 90345 30010 27007
27013 909// 30513 91123 29508 32506 01010 91457 05004 02006
00509 9189/ 34505 00505 92036 33004 24503 26004 9279/ 20006
17004 93138 06513 05515 07526 939// 07529 949// 10545 95235
07532 05529 06018=

NNNNN

UHID54 WAPP 020000
PPCC  52008 97724 55370 21512 28527 27521 55220 11511
08572 72968 08572 63087 08571=

NNNNN

UQID54 WAPP 020000
PPDD  52008 97724 95789 11024 10034 09527 96012 04013 12510
21012 96368 25018 29023 28032 969// 28524 97012 26511 00505
31517 9759/ 24021 27521 98012 23008 16511 26002 98356 08014
09025 07021 9889/ 15015 11028 99258 09057 07559 09068 999//
08572 103// 08571=

NNNNN
