USID54 WAPP 240000
TTAA  74001 97724 99008 27833 27001 00086 26840 04502
92769 22837 24013 85503 17614 24017 70152 11256 28516
50587 04549 08517 40760 13776 06037 30972 28560 07528
25100 38958 09042 20248 51760 11055 15428 66561 12064
10663 83557 08554 88999 77999 31313 73508 82330=

NNNNN

UKID54 WAPP 240000
TTBB  74008 97724 00008 27833 11818 16414 22786 16458 33657
08247 44586 01209 55552 00027 66551 00128 77545 00257 88516
03356 99484 05356 11470 07129 22425 12145 33419 12562 44403
13777 55372 17759 66363 18757 77356 19561 88319 25164 99278
33548 11270 35138 22263 36157 33234 43156 44227 45156 55218
46961 66194 53559 77180 57364 88135 72158 99119 75961 11100
83557 21212 00008 27001 11976 22005 22943 23011 33793 24015
44713 28518 55640 26007 66616 23004 77572 32507 88551 07009
99531 08013 11438 08521 22422 08031 33374 06030 44345 07527
55280 08027 66269 07530 77225 10045 88216 10550 99114 10553
31313 73508 82330 41414 48472=

NNNNN

ULID54 WAPP 240000
TTCC  74001 97724 70864 76163 30012 50062 69172 27025
30371 60184 29022 20624 59784 10039 10072 44788 09568
88927 86956 09049 77097 10072 77107 09570 31313 73508
82330=

NNNNN

UEID54 WAPP 240000
TTDD  7400/ 97724 11927 86956 22885 82960 33810 77761 44682
76763 55655 75964 66643 70169 77535 72369 88491 67973 99428
70771 11387 69973 22375 69374 33362 64978 44341 64579 55326
60784 66238 61383 77179 59184 88168 58184 99160 53785 11140
50386 22125 50786 33118 47787 44094 44196 21212 11970 08554
22869 08513 33824 36002 44782 34514 55705 30012 66574 30019
77519 28031 88494 25526 99470 22533 11424 22526 22384 20026
33365 24011 44347 18007 55331 04503 66315 31014 77236 21012
88225 14016 99195 09035 11186 06523 22169 08041 33154 06536
44140 10548 55134 09560 66112 09062 77107 09570 88102 09566
99097 10072 31313 73508 82330=

NNNNN

UPID54 WAPP 240000
PPAA  74008 97724 55385 24017 28516 08517 55340 06037
07528 09042 55320 11055 12064 08554 77999=

NNNNN

UGID54 WAPP 240000
PPBB  74008 97724 90/12 27001 22005 23011 907// 24015 91034
28518 26007 23004 91678 32507 07009 08013 92347 08521 08031
06030 929// 07527 93459 08027 07530 10045 940// 10550 953//
10553=

NNNNN

UHID54 WAPP 240000
PPCC  74008 97724 55370 30012 27025 29022 55220 10039
09568 63093 10072 73027 09570=

NNNNN

UQID54 WAPP 240000
PPDD  74008 97724 95689 08554 08513 36002 96026 34514 30012
30019 9689/ 28031 25526 97024 22533 22526 20026 97567 24011
18007 04503 978// 31014 98458 21012 14016 09035 989// 06523
99135 08041 06536 10548 996// 09560 10012 09062 09570 09566
103// 10072=

NNNNN
