USID54 WAPP 010000
TTAA  51001 97724 99008 26814 23001 00081 27850 00001
92772 22830 32513 85506 19857 30517 70148 10450 25513
50588 03750 01002 40761 13562 17007 30973 29557 07012
25100 39558 07024 20249 52557 07533 15428 67362 09042
10660 84957 07025 88999 77999 31313 73508 82330=

NNNNN

UKID54 WAPP 010000
TTBB  51008 97724 00008 26814 11007 28232 22899 20621 33851
19857 44753 12216 55742 13056 66652 06232 77624 05250 88591
02034 99557 00042 11522 02533 22497 03957 33453 08556 44405
12762 55389 15162 66371 18148 77335 23357 88311 27345 99284
32360 11233 43956 22212 49159 33171 61756 44159 65160 55142
69963 66100 84957 21212 00008 23001 11976 32005 22943 33010
33793 28517 44765 29013 55687 27510 66663 32008 77639 26011
88594 25005 99572 18005 11531 13004 22511 08004 33492 09002
44474 31002 55456 15003 66439 18505 77422 14505 88390 16005
99360 05507 11346 06510 22332 08510 33305 08011 44293 07009
55281 04513 66247 06526 77206 07532 88147 09044 99114 07539
11108 06029 22102 06025 31313 73508 82330 41414 38431=

NNNNN

ULID54 WAPP 010000
TTCC  51001 97724 70862 78361 24018 50061 72568 26522
30369 61981 22021 20622 56785 05022 10072 44788 09575
88953 85956 08532 88499 72768 26522 88177 61782 08030
77102 09577 77107 09573 31313 73508 82330=

NNNNN

UEID54 WAPP 010000
TTDD  5100/ 97724 11953 85956 22929 82160 33901 78761 44842
79758 55696 78561 66632 70967 77549 69570 88499 72768 99457
73568 11425 71769 22418 71769 33409 66774 44367 62378 55254
62783 66223 56585 77207 55385 88177 61782 99169 57184 11162
57584 22157 56385 33152 50786 44142 47387 55110 46387 66098
43793 21212 11966 08031 22915 05513 33868 25006 44781 24021
55741 25524 66703 24017 77667 26010 88602 19516 99544 24009
11518 27019 22444 25021 33422 28509 44401 32513 55347 26022
66300 22021 77286 24030 88259 20019 99247 15016 11224 15514
22214 08522 33195 04523 44185 06025 55177 08030 66161 10024
77146 08052 88140 07548 99122 09051 11112 10058 22107 09573
33102 09577 31313 73508 82330=

NNNNN

UPID54 WAPP 010000
PPAA  51008 97724 55385 30517 25513 01002 55340 17007
07012 07024 55320 07533 09042 07025 77999=

NNNNN

UGID54 WAPP 010000
PPBB  51008 97724 90/12 23001 32005 33010 9078/ 28517 29013
91123 27510 32008 26011 91568 25005 18005 13004 919// 08004
92012 09002 31002 15003 92346 18505 14505 16005 9289/ 05507
06510 93023 08510 08011 07009 9347/ 04513 06526 9418/ 07532
09044 95345 07539 06029 06025=

NNNNN

UHID54 WAPP 010000
PPCC  51008 97724 55370 24018 26522 22021 55220 05022
09575 63059 09577 73027 09573=

NNNNN

UQID54 WAPP 010000
PPDD  51008 97724 95678 08031 05513 25006 96012 24021 25524
24017 96357 26010 19516 24009 968// 27019 97123 25021 28509
32513 9769/ 26022 22021 98023 24030 20019 15016 98568 15514
08522 04523 989// 06025 99024 08030 10024 08052 9958/ 07548
09051 10012 10058 09573 09577=

NNNNN
