USID54 WAPP 080000
TTAA  58001 97724 99011 26821 28001 00110 26634 07501
92799 22222 05504 85532 18418 07506 70175 10849 02506
50590 04357 07007 40762 15150 04512 30975 29549 07519
25102 40156 07027 20250 53157 08530 15429 68360 10544
10663 78161 36014 88114 80356 09552 77999 31313 73508
82330=

NNNNN

UKID54 WAPP 080000
TTBB  58008 97724 00011 26821 11856 18817 22816 16615 33800
16456 44558 00043 55528 02358 66476 06558 77458 07760 88436
10750 99419 12158 11377 17532 22313 27146 33228 45556 44209
50762 55200 53157 66169 61958 77161 64362 88114 80356 99113
79757 11111 77359 22100 78161 21212 00011 28001 11979 35001
22946 06502 33914 06004 44883 09005 55823 07506 66795 03004
77715 01006 88690 05505 99665 00502 11641 03505 22596 02005
33574 07507 44553 07010 55533 06008 66440 06009 77407 04510
88376 10014 99306 07518 11281 08525 22270 08031 33247 06526
44237 07030 55206 07533 66188 10029 77171 10037 88133 11046
99120 10555 11114 09552 22108 07528 33102 02016 31313 73508
82330 41414 4847/=

NNNNN

ULID54 WAPP 080000
TTCC  58001 97724 70865 74565 33509 50065 65582 27020
30374 59184 19507 20629 61183 11030 10083 42188 08065
88413 70181 25519 88200 61183 11030 77999 31313 73508
82330=

NNNNN

UEID54 WAPP 080000
TTDD  5800/ 97724 11822 81961 22757 81761 33730 79362 44720
75965 55563 70181 66532 65782 77413 70181 88388 70181 99374
66582 11329 64782 22313 60184 33235 57384 44200 61183 55179
55785 66171 50986 77146 47987 88129 48987 99100 42188 21212
11971 31511 22921 22004 33873 15503 44828 17509 55785 15509
66744 12510 77706 34508 88671 01007 99637 04009 11605 02518
22548 00515 33521 28516 44386 25016 55350 18515 66317 16504
77302 20006 88288 20507 99275 35501 11262 02511 22238 05012
33206 12524 44187 09527 55179 09542 66163 09545 77156 08062
88142 09048 99136 08557 11130 10555 22103 08061 31313 73508
82330=

NNNNN

UPID54 WAPP 080000
PPAA  58008 97724 55385 07506 02506 07007 55340 04512
07519 07027 55320 08530 10544 36014 77999=

NNNNN

UGID54 WAPP 080000
PPBB  58008 97724 90/12 28001 35001 06502 90346 06004 09005
07506 907// 03004 91012 01006 05505 00502 91356 03505 02005
07507 9178/ 07010 06008 92357 06009 04510 10014 93245 07518
08525 08031 9378/ 06526 07030 94135 07533 10029 10037 95023
11046 10555 09552 9545/ 07528 02016=

NNNNN

UHID54 WAPP 080000
PPCC  58008 97724 55370 33509 27020 19507 55220 11030
08065 77999=

NNNNN

UQID54 WAPP 080000
PPDD  58008 97724 95678 31511 22004 15503 959// 17509 96012
15509 12510 34508 96345 01007 04009 02518 9678/ 00515 28516
97468 25016 18515 16504 979// 20006 98012 20507 35501 02511
98479 05012 12524 09527 99023 09542 09545 08062 99567 09048
08557 10555 102// 08061=

NNNNN
