USID54 WAPP 310000
TTAA  81001 97724 99008 27825 28001 00082 27842 03006
92769 25059 31516 85505 20250 24008 70148 10439 30505
50588 04356 12513 40760 14731 08014 30972 29534 06018
25099 39550 05019 20248 52742 06532 15427 67957 09545
10660 84950 09536 88999 77999 31313 73508 82332=

NNNNN

UKID54 WAPP 310000
TTBB  81008 97724 00008 27825 11956 24842 22924 25059 33749
13034 44590 02428 55553 00056 66548 00559 77533 02347 88479
06157 99448 09136 11384 17125 22361 19756 33326 25318 44269
35356 55212 49340 66154 66557 77139 71947 88100 84950 21212
00008 28001 11976 02506 22943 31512 33911 29514 44881 28009
55851 24008 66821 27008 77793 25509 88765 29011 99713 29008
11663 27009 22616 30001 33594 16508 44531 12512 55456 10011
66439 11509 77422 10007 88406 08512 99345 09514 11305 07021
22292 03515 33235 06020 44206 06526 55187 08036 66147 10048
77140 09553 88113 10054 99102 09037 31313 73508 82332 41414
33431=

NNNNN

ULID54 WAPP 310000
TTCC  81002 97724 70862 77363 27513 50057 69171 27523
30367 64183 25014 20620 58984 08511 88970 86350 09036
77999 31313 73508 82332=

NNNNN

UEID54 WAPP 310000
TTDD  8100/ 97724 11970 86350 22926 81559 33845 82157 44833
78960 55784 75961 66717 77762 77622 76963 88578 75764 99524
69570 11403 67577 22370 65979 33359 62782 44306 64781 55285
60983 66214 60384 77185 58184 88176 54785 99159 52786 11146
53385 22142 53985 33139 53385 44137 50986 55118 50786 66113
47787 77104 47787 21212 11964 09035 22914 07526 33867 04520
44822 08508 55780 27516 66703 27014 77666 26508 88633 34003
99601 03007 11570 29009 22542 26516 33490 27024 44466 26531
55443 26531 66422 23525 77401 21524 88381 19009 99363 28509
11346 28015 22313 24515 33299 25515 44284 23007 55271 22516
66258 22019 77224 07012 88213 05010 99203 09512 11194 07013
22185 09517 33160 09028 44146 09059 55133 07554 66127 07547
77116 08057 88106 09059 31313 73508 82332=

NNNNN

UPID54 WAPP 310000
PPAA  81008 97724 55385 24008 30505 12513 55340 08014
06018 05019 55320 06532 09545 09536 77999=

NNNNN

UGID54 WAPP 310000
PPBB  81008 97724 90/12 28001 02506 31512 90345 29514 28009
24008 90678 27008 25509 29011 91024 29008 27009 30001 9158/
16508 12512 92234 10011 11509 10007 9259/ 08512 09514 93238
07021 03515 06020 94138 06526 08036 10048 949// 09553 9535/
10054 09037=

NNNNN

UHID54 WAPP 310000
PPCC  81008 97724 55370 27513 27523 25014 55120 08511
77999=

NNNNN

UQID54 WAPP 310000
PPDD  81008 97724 95678 09035 07526 04520 959// 08508 96023
27516 27014 26508 96456 34003 03007 29009 9679/ 26516 27024
97012 26531 26531 23525 97345 21524 19009 28509 97689 28015
24515 25515 98012 23007 22516 22019 98567 07012 05010 09512
9889/ 07013 09517 99246 09028 09059 07554 9979/ 07547 08057
101// 09059=

NNNNN
