USID55 WAKK 150000
TTAA  65001 97980 99010 28233 01010 00094 26834 03005
92783 22423 35512 85513 18434 33512 70153 10447 25007
50588 03737 24012 40761 13547 19509 30974 28357 32004
25102 39160 28004 20250 52165 13503 15429 67359 19020
10662 83145 10513 88999 77999 31313 73508 82329=

NNNNN

UKID55 WAKK 150000
TTBB  65008 97980 00010 28233 11988 25828 22748 12023 33689
10056 44569 00007 55479 04950 66411 12932 77399 13350 88345
21528 99315 26533 11300 28357 22283 31956 33230 43966 44195
53767 55164 63158 66144 68561 77116 78942 88100 83145 21212
00010 01010 11944 36011 22913 34012 33851 33512 44794 32504
55766 31006 66713 25508 77688 24002 88664 20501 99617 22005
11594 27501 22573 08506 33552 24004 44531 20508 55511 24009
66474 23511 77456 22509 88439 23010 99422 23510 11406 21011
22390 18006 33346 21005 44319 31007 55306 28504 66293 33005
77270 27504 88247 30503 99226 30502 11216 29502 22206 17002
33197 15005 44163 19017 55126 16515 66120 18015 77114 16509
88108 18005 31313 73508 82329 41414 35331=

NNNNN

ULID55 WAKK 150000
TTCC  65002 97980 70864 76165 20017 50061 70373 31511
30370 62983 25028 20622 58984 12029 88901 86146 06516
77999 31313 73508 82329=

NNNNN

UEID55 WAKK 150000
TTDD  6500/ 97980 11901 86146 22890 84156 33862 84156 44838
82157 55821 76761 66715 77962 77692 75166 88623 77164 99564
68771 11437 70575 22389 66181 33368 66582 44351 62183 55321
64383 66292 60983 77270 63583 88256 58384 99220 60384 11193
58184 22164 52186 33137 49786 21212 11969 08514 22869 02512
33824 02503 44782 23009 55743 21506 66705 20514 77635 16517
88603 17013 99573 13020 11545 05011 22518 34013 33493 32504
44468 14011 55445 14513 66402 01518 77383 09002 88364 07512
99347 35516 11300 25028 22272 20510 33259 14017 44247 13015
55236 12031 66214 12019 77195 11035 88177 09048 99169 09549
11154 09040 22140 08051 31313 73508 82329=

NNNNN

UPID55 WAKK 150000
PPAA  65008 97980 55385 33512 25007 24012 55340 19509
32004 28004 55320 13503 19020 10513 77999=

NNNNN

UGID55 WAKK 150000
PPBB  65008 97980 90/23 01010 36011 34012 90578 33512 32504
31006 91012 25508 24002 20501 91456 22005 27501 08506 91789
24004 20508 24009 92123 23511 22509 23010 92456 23510 21011
18006 929// 21005 93123 31007 28504 33005 93579 27504 30503
30502 94012 29502 17002 15005 946// 19017 95123 16515 18015
16509 954// 18005=

NNNNN

UHID55 WAKK 150000
PPCC  65008 97980 55370 20017 31511 25028 55120 12029
77999=

NNNNN

UQID55 WAKK 150000
PPDD  65008 97980 95689 08514 02512 02503 96012 23009 21506
20514 96456 16517 17013 13020 96789 05011 34013 32504 97013
14011 14513 01518 97456 09002 07512 35516 979// 25028 98123
20510 14017 13015 98468 12031 12019 11035 99013 09048 09549
09040 995// 08051=

NNNNN
