USID55 WAKK 140000
TTAA  64001 97980 99011 25010 01010 00105 24011 03014
92784 22636 35015 85515 18635 31012 70163 09422 14005
50588 04911 14509 40760 14321 13006 30972 28521 06510
25100 38935 07006 20250 52336 06512 15428 68756 10522
10663 79750 19007 88999 77999 31313 73508 82329=

NNNNN

UKID55 WAKK 140000
TTBB  64008 97980 00011 25010 11981 23209 22934 23237 33724
11836 44574 00011 55471 07314 66360 19124 77291 30320 88149
69356 99113 80350 11110 77158 22100 79750 21212 00011 01010
11978 01017 22945 36017 33822 30010 44794 28009 55766 29002
66740 08503 77714 15004 88640 14509 99617 15509 11595 19510
22531 18015 33511 14511 44474 14507 55438 20003 66422 07004
77406 13506 88360 09006 99332 08513 11318 06008 22293 06010
33281 06009 44269 04007 55246 07507 66206 07509 77197 06513
88171 10517 99155 09024 11140 13026 22133 14031 33126 14031
44120 13528 55108 16013 66102 20511 31313 73508 82329 41414
78442=

NNNNN

ULID55 WAKK 140000
TTCC  64002 97980 70864 71957 29507 50062 71530 15012
30371 61716 12018 20626 56122 07522 88880 84341 11012
77999 31313 73508 82329=

NNNNN

UEID55 WAKK 140000
TTDD  6400/ 97980 11880 84341 22863 82557 33807 83336 44760
76757 55698 71558 66650 73940 77621 72156 88574 72140 99562
71156 11482 71722 22465 70339 33438 69719 44415 69517 55401
67337 66372 65119 77362 64329 88345 66116 99305 62714 11296
59530 22273 58313 33218 57312 44209 56330 55204 56121 66198
56118 77192 55927 88190 55542 99179 52956 21212 11970 17507
22825 07013 33782 02510 44742 10006 55705 31507 66670 17506
77636 11513 88605 34507 99546 23506 11519 16513 22469 09005
33446 14012 44403 12510 55384 05511 66365 09510 77348 34007
88331 19507 99300 12018 11273 15009 22248 09029 33226 06529
44205 07524 55187 07528 31313 73508 82329=

NNNNN

UPID55 WAKK 140000
PPAA  64008 97980 55385 31012 14005 14509 55340 13006
06510 07006 55320 06512 10522 19007 77999=

NNNNN

UGID55 WAKK 140000
PPBB  64008 97980 90/12 01010 01017 36017 90678 30010 28009
29002 909// 08503 91034 15004 14509 15509 91589 19510 18015
14511 92134 14507 20003 07004 9258/ 13506 09006 93013 08513
06008 06010 93457 06009 04007 07507 94125 07509 06513 10517
9479/ 09024 13026 95012 14031 14031 13528 9545/ 16013 20511=

NNNNN

UHID55 WAKK 140000
PPCC  64008 97980 55370 29507 15012 12018 55120 07522
77999=

NNNNN

UQID55 WAKK 140000
PPDD  64008 97980 9569/ 17507 07013 96012 02510 10006 31507
96345 17506 11513 34507 9678/ 23506 16513 97013 09005 14012
12510 97456 05511 09510 34007 9779/ 19507 12018 98135 15009
09029 06529 9879/ 07524 07528=

NNNNN
