USID55 WAKK 170000
TTAA  67001 97980 99008 27227 36008 00079 26627 35003
92765 22629 31014 85499 18619 31516 70137 10634 33014
50587 03541 30011 40761 13944 31511 30973 28559 34503
25101 38960 08002 20250 51750 14509 15430 67956 13510
10662 80757 19014 88999 77999 31313 73508 82329=

NNNNN

UKID55 WAKK 170000
TTBB  67008 97980 00008 27227 11966 24011 22911 22650 33849
18419 44772 13822 55669 09850 66564 00010 77536 00741 88464
06756 99365 18546 11315 25759 22290 30561 33280 32757 44260
36361 55232 43162 66205 50356 77124 77750 88110 81356 99106
78958 11100 80757 21212 00008 36008 11975 00508 22943 31511
33911 29516 44820 32517 55765 32516 66712 33013 77662 34511
88639 34509 99551 32510 11511 29508 22474 31012 33439 33010
44406 31508 55390 32508 66375 34011 77360 33514 88346 32508
99319 32504 11306 34004 22293 32504 33281 34503 44269 00001
55247 14502 66236 18504 77216 18006 88206 15008 99197 13010
11188 12506 22179 11509 33171 10513 44155 13512 55140 13005
66133 13502 77126 03003 88120 02002 99114 11510 11108 10507
22102 18507 31313 73508 82329 41414 38441=

NNNNN

ULID55 WAKK 170000
TTCC  67002 97980 70863 71764 32511 50060 73568 33521
30367 59784 15509 20620 59184 09038 88822 85957 11505
77999 31313 73508 82329=

NNNNN

UEID55 WAKK 170000
TTDD  6700/ 97980 11822 85957 22794 85557 33748 80958 44714
72964 55671 70965 66579 74167 77457 73169 88421 66375 99362
66979 11326 65782 22304 60584 33220 61383 44160 53785 55146
48587 66127 49986 21212 11970 16511 22872 07511 33825 10505
44781 15014 55741 11516 66703 33511 77668 34512 88573 22512
99544 16009 11517 01010 22492 34022 33467 33512 44444 33009
55402 26523 66382 29022 77346 16007 88329 12505 99313 24504
11299 15011 22285 11522 33271 12519 44246 06522 55235 09031
66224 09529 77203 10038 88185 09043 99176 08522 11168 09034
22160 10043 33153 10052 44127 09060 31313 73508 82329=

NNNNN

UPID55 WAKK 170000
PPAA  67008 97980 55385 31516 33014 30011 55340 31511
34503 08002 55320 14509 13510 19014 77999=

NNNNN

UGID55 WAKK 170000
PPBB  67008 97980 90/12 36008 00508 31511 90368 29516 32517
32516 91023 33013 34511 34509 9179/ 32510 29508 92135 31012
33010 31508 92678 32508 34011 33514 929// 32508 93123 32504
34004 32504 93457 34503 00001 14502 938// 18504 94012 18006
15008 13010 94345 12506 11509 10513 9479/ 13512 13005 95012
13502 03003 02002 95345 11510 10507 18507=

NNNNN

UHID55 WAKK 170000
PPCC  67008 97980 55370 32511 33521 15509 55120 09038
77999=

NNNNN

UQID55 WAKK 170000
PPDD  67008 97980 95689 16511 07511 10505 96012 15014 11516
33511 96367 34512 22512 16009 9689/ 01010 34022 97013 33512
33009 26523 97467 29022 16007 12505 9789/ 24504 15011 98013
11522 12519 06522 98457 09031 09529 10038 989// 09043 99012
08522 09034 10043 9937/ 10052 09060=

NNNNN
