USID55 WAKK 130000
TTAA  63001 97980 99010 27619 32007 00092 26625 36012
92779 22642 32013 85511 18227 32513 70159 11250 03507
50589 04756 08008 40762 13961 12018 30975 28759 13520
25103 39156 15011 20251 52162 17017 15431 68157 16032
10664 81357 07518 88999 77999 31313 73508 82330=

NNNNN

UKID55 WAKK 130000
TTBB  63008 97980 00010 27619 11974 24617 22818 16419 33755
14456 44637 06048 55563 00018 66512 04125 77498 04758 88445
09343 99410 12957 11403 13960 22378 15960 33335 22760 44321
24756 55308 27160 66273 34149 77210 49562 88113 81156 99110
77360 11100 81357 21212 00010 32007 11977 33510 22851 32514
33822 32009 44794 35508 55766 01507 66713 03009 77664 02009
88641 04508 99595 04009 11552 02510 22512 05511 33493 08006
44457 08509 55439 08511 66423 11508 77390 11019 88346 09022
99333 11520 11270 15513 22216 15514 33179 16017 44155 15527
55148 16031 66120 13030 77114 12027 88103 08516 31313 73508
82330 41414 21431=

NNNNN

ULID55 WAKK 130000
TTCC  63002 97980 70863 78560 07522 50063 68776 32011
30374 62783 30023 20626 55785 09033 88936 84356 09015
66111 08581 77123 08577 31313 73508 82330=

NNNNN

UEID55 WAKK 130000
TTDD  6300/ 97980 11936 84356 22867 84356 33820 79759 44735
81757 55706 80159 66692 75962 77617 70768 88598 66972 99516
70174 11450 69177 22408 63583 33354 65782 44326 62783 55266
63583 66242 62383 77226 57184 88179 53185 99164 55185 11111
48987 21212 11973 07514 22921 11510 33872 19013 44826 19503
55784 14507 66704 07523 77669 02514 88635 25008 99604 07509
11547 00518 22520 35517 33470 29517 44447 31510 55425 21508
66386 10010 77367 32009 88350 03507 99333 33016 11317 34518
22274 25013 33261 20503 44248 08512 55225 10530 66215 09526
77196 09037 88187 09026 99170 09529 11155 09541 22123 08577
33111 08581 31313 73508 82330=

NNNNN

UPID55 WAKK 130000
PPAA  63008 97980 55385 32513 03507 08008 55340 12018
13520 15011 55320 17017 16032 07518 77999=

NNNNN

UGID55 WAKK 130000
PPBB  63008 97980 90/15 32007 33510 32514 90678 32009 35508
01507 91023 03009 02009 04508 91579 04009 02510 05511 92023
08006 08509 08511 92469 11508 11019 09022 9305/ 11520 15513
94047 15514 16017 15527 948// 16031 95235 13030 12027 08516=

NNNNN

UHID55 WAKK 130000
PPCC  63008 97980 55370 07522 32011 30023 55120 09033
63005 08581 72939 08577=

NNNNN

UQID55 WAKK 130000
PPDD  63008 97980 95678 07514 11510 19013 959// 19503 96023
14507 07523 02514 96457 25008 07509 00518 968// 35517 97012
29517 31510 21508 97456 10010 32009 03507 9778/ 33016 34518
98123 25013 20503 08512 98568 10530 09526 09037 989// 09026
99138 09529 09541 08577 100// 08581=

NNNNN
