USID55 WAKK 100000
TTAA  60001 97980 99012 27419 30004 00110 26632 30509
92798 22014 27007 85534 18423 12508 70178 10450 11017
50590 04759 11018 40762 14171 11019 30975 28975 09522
25103 38970 11022 20252 51149 11024 15432 68157 09512
10664 77960 09535 88999 77999 31313 73508 82329=

NNNNN

UKID55 WAKK 100000
TTBB  60008 97980 00012 27419 11928 22214 22727 12446 33667
08457 44592 01628 55566 00049 66553 01137 77527 02360 88510
04356 99497 04963 11467 08559 22463 08961 33459 09556 44456
09543 55453 09750 66451 09359 77449 09364 88448 09364 99444
09761 11438 09967 22420 12166 33415 12967 44412 13168 55411
13168 66410 13369 77407 13758 88406 13949 99405 14146 11404
14350 22402 14164 33399 14171 44394 15161 55390 15758 66389
15957 77386 16163 88370 17971 99356 19570 11353 20168 22350
20758 33348 21146 44346 21532 55336 22767 66269 34978 77239
41569 88218 46956 99192 53544 11167 61757 22120 79956 33112
83756 44109 82358 55100 77960 21212 00012 30004 11946 27010
22914 23004 33883 13509 44824 10506 55795 12509 66768 12011
77513 10519 88346 11523 99282 10019 11207 12027 22188 08518
33148 09012 44120 14528 55114 14529 31313 73508 82329 41414
4241/=

NNNNN

ULID55 WAKK 100000
TTCC  6000/ 97980 88999 77999 31313 73508 82329=

NNNNN

UEID55 WAKK 100000
TTDD  6000/ 97980 11871 81957 21212 11973 07030 22923 05022
33875 02016 44830 07508 31313 73508 82329=

NNNNN

UPID55 WAKK 100000
PPAA  60008 97980 55385 12508 11017 11018 55340 11019
09522 11022 55320 11024 09512 09535 77999=

NNNNN

UGID55 WAKK 100000
PPBB  60008 97980 90/23 30004 27010 23004 90467 13509 10506
12509 908// 12011 919// 10519 929// 11523 934// 10019 94138
12027 08518 09012 9523/ 14528 14529=

NNNNN

UHID55 WAKK 100000
PPCC  60008 97980 77999=

NNNNN

UQID55 WAKK 100000
PPDD  60008 97980 95678 07030 05022 02016 959// 07508=

NNNNN
