USID55 WAKK 090000
TTAA  59001 97980 99011 30246 09004 00106 28838 06503
92793 23847 13505 85532 18837 12002 70174 10657 08517
50590 04942 13518 40763 14160 11519 30975 28168 11017
25102 38965 12017 20250 51565 09514 15431 66956 12016
10663 86145 11023 88999 77999 31313 73508 82330=

NNNNN

UKID55 WAKK 090000
TTBB  59008 97980 00011 30246 11969 26016 22941 25250 33834
17835 44770 14223 55743 13657 66708 11250 77688 10659 88661
08460 99650 07456 11635 06258 22608 04043 33553 00056 44484
06534 55444 10147 66427 11360 77396 14563 88382 16560 99375
17564 11359 19766 22349 20960 33341 21368 44199 51766 55100
86145 21212 00011 09004 11978 08504 22946 13005 33883 15505
44824 12504 55795 08005 66768 09010 77715 09517 88665 08018
99494 14018 11376 12522 22333 13015 33294 11516 44226 10518
55140 11016 66127 10011 77114 13017 88102 10524 31313 73508
82330 41414 21430=

NNNNN

ULID55 WAKK 090000
TTCC  59002 97980 70862 77162 08539 50062 66578 22508
30371 61383 15526 20625 52985 08526 88983 86745 11021
77999 31313 73508 82330=

NNNNN

UEID55 WAKK 090000
TTDD  5900/ 97980 11983 86745 22887 86750 33859 83358 44840
81159 55767 82957 66752 79959 77713 79359 88696 76362 99657
75563 11621 67770 22507 66578 33448 69376 44434 67578 55413
69776 66375 68179 77350 63783 88260 61983 99207 54385 11180
53185 21212 11918 12020 22869 10017 33781 13037 44740 12541
55667 04536 66633 35529 77602 32532 88573 30526 99493 22505
11469 14509 22446 23509 33425 14009 44404 10014 55384 36005
66365 32012 77331 20515 88315 21014 99300 15526 11248 13028
22236 10027 33225 09030 44214 08031 55205 09028 66186 09534
31313 73508 82330=

NNNNN

UPID55 WAKK 090000
PPAA  59008 97980 55385 12002 08517 13518 55340 11519
11017 12017 55320 09514 12016 11023 77999=

NNNNN

UGID55 WAKK 090000
PPBB  59008 97980 90/12 09004 08504 13005 90467 15505 12504
08005 908// 09010 9102/ 09517 08018 9207/ 14018 12522 93039
13015 11516 10518 949// 11016 95135 10011 13017 10524=

NNNNN

UHID55 WAKK 090000
PPCC  59008 97980 55370 08539 22508 15526 55120 08526
77999=

NNNNN

UQID55 WAKK 090000
PPDD  59008 97980 9578/ 12020 10017 96013 13037 12541 04536
96456 35529 32532 30526 969// 22505 97012 14509 23509 14009
97345 10014 36005 32012 97789 20515 21014 15526 98345 13028
10027 09030 98679 08031 09028 09534=

NNNNN
