USID55 WAKK 120000
TTAA  62001 97980 99010 25208 32005 00091 24412 01007
92776 22033 31015 85507 18621 31009 70155 10842 07508
50588 04714 11007 40761 14122 07009 30973 28135 19008
25101 38542 22007 20251 51350 19518 15430 68157 19019
10663 80956 12538 88107 82548 14540 77999 31313 73508
82329=

NNNNN

UKID55 WAKK 120000
TTBB  62008 97980 00010 25208 11983 23408 22969 24032 33785
16036 44675 09656 55564 00850 66557 00046 77526 02915 88436
10320 99325 23930 11262 35743 22138 72358 33126 76558 44107
82548 55100 80956 21212 00010 32005 11976 31515 22912 30514
33881 32013 44851 31009 55822 35506 66794 01012 77739 04009
88713 08509 99688 05509 11664 07010 22640 09006 33617 10510
44531 09513 55512 11010 66493 08507 77474 12505 88422 06007
99406 08008 11390 05507 22375 07507 33346 03504 44332 12504
55293 20005 66281 26503 77269 22004 88226 19008 99216 20014
11133 18528 22127 16533 33102 13039 31313 73508 82329 41414
58441=

NNNNN

ULID55 WAKK 120000
TTCC  62002 97980 70865 76559 20016 50062 68761 12004
30372 61566 04017 20627 54985 10031 88999 77999 31313
73508 82329=

NNNNN

UEID55 WAKK 120000
TTDD  6200/ 97980 11943 77958 22808 80757 33740 80356 44702
76759 55663 76557 66633 76358 77619 73361 88563 73559 99519
72158 11498 68561 22441 65961 33391 67559 44345 65361 55315
60166 66303 61765 77289 58174 88227 60983 99199 55189 21212
11921 11503 22874 25013 33786 17020 44745 20515 55671 21020
66637 17010 77605 02013 88575 06503 99546 10513 11519 08010
22494 15505 33469 13510 44425 14010 55404 00000 66366 03505
77348 02511 88316 08017 99301 04018 11287 29012 22249 20511
33237 23010 44226 18005 55215 08018 66205 09529 31313 73508
82329=

NNNNN

UPID55 WAKK 120000
PPAA  62008 97980 55385 31009 07508 11007 55340 07009
19008 22007 55320 19518 19019 12538 77999=

NNNNN

UGID55 WAKK 120000
PPBB  62008 97980 90/13 32005 31515 30514 90456 32013 31009
35506 9079/ 01012 04009 91012 08509 05509 07010 91348 09006
10510 09513 919// 11010 92014 08507 12505 06007 92567 08008
05507 07507 929// 03504 93034 12504 20005 26503 9359/ 22004
19008 940// 20014 95015 18528 16533 13039=

NNNNN

UHID55 WAKK 120000
PPCC  62008 97980 55370 20016 12004 04017 55120 10031
77999=

NNNNN

UQID55 WAKK 120000
PPDD  62008 97980 9578/ 11503 25013 96013 17020 20515 21020
96456 17010 02013 06503 96789 10513 08010 15505 97023 13510
14010 00000 97568 03505 02511 08017 979// 04018 98034 29012
20511 23010 98567 18005 08018 09529=

NNNNN
