USID55 WAKK 050000
TTAA  55001 97980 99010 28241 36006 00091 27429 01505
92778 23056 08011 85508 18428 13506 70154 12458 08005
50589 03942 15517 40762 13958 14019 30974 29927 04013
25101 39158 03014 20250 51759 34513 15430 66365 09022
10663 81359 08027 88103 83757 07533 77999 31313 73508
82329=

NNNNN

UKID55 WAKK 050000
TTBB  55008 97980 00010 28241 11977 25215 22932 23456 33838
18007 44774 13815 55741 13240 66719 13457 77592 03641 88544
00050 99456 09133 11417 13145 22406 13158 33316 26931 44279
33533 55261 36558 66188 55358 77179 57364 88103 83757 99100
81359 21212 00010 36006 11977 03507 22944 05013 33912 08510
44881 09008 55851 13506 66822 08001 77793 11003 88766 10504
99739 05505 11713 12503 22640 00502 33617 07004 44552 09515
55513 15015 66493 16015 77475 12514 88423 15021 99360 12013
11306 04014 22293 03012 33281 02506 44269 02007 55258 03010
66216 01513 77206 35513 88188 33014 99179 35504 11171 08009
22163 08016 33127 10525 44108 08026 55103 07533 31313 73508
82329 41414 55431=

NNNNN

ULID55 WAKK 050000
TTCC  55002 97980 70867 73166 05017 50065 72172 19507
30377 65382 35008 20631 58384 08020 88580 71771 28525
77999 31313 73508 82329=

NNNNN

UEID55 WAKK 050000
TTDD  5500/ 97980 11894 84356 22814 77361 33784 77960 44735
73365 55679 73366 66646 68972 77580 71771 88501 72172 99451
69375 11417 62783 22390 60784 33301 65182 44284 60384 55219
59184 66148 53585 21212 11922 13024 22873 12036 33785 07531
44708 05520 55673 34008 66608 29524 77522 21510 88496 19009
99448 10028 11426 09023 22406 15515 33387 15011 44369 06502
55351 00509 66335 03013 77319 07018 88304 02009 99289 33504
11275 09514 22262 14005 33250 11009 44238 17014 55227 08516
66217 12018 77188 08529 88179 07531 99171 07527 11156 09033
22148 09043 31313 73508 82329=

NNNNN

UPID55 WAKK 050000
PPAA  55008 97980 55385 13506 08005 15517 55340 14019
04013 03014 55320 34513 09022 08027 77999=

NNNNN

UGID55 WAKK 050000
PPBB  55008 97980 90/12 36006 03507 05013 90345 08510 09008
13506 90678 08001 11003 10504 909// 05505 91034 12503 00502
07004 9179/ 09515 15015 92014 16015 12514 15021 928// 12013
93234 04014 03012 02506 9356/ 02007 03010 94013 01513 35513
33014 94456 35504 08009 08016 95145 10525 08026 07533=

NNNNN

UHID55 WAKK 050000
PPCC  55008 97980 55370 05017 19507 35008 55120 08020
77999=

NNNNN

UQID55 WAKK 050000
PPDD  55008 97980 9578/ 13024 12036 96023 07531 05520 34008
96589 29524 21510 19009 97123 10028 09023 15515 97456 15011
06502 00509 97789 03013 07018 02009 98012 33504 09514 14005
98345 11009 17014 08516 9869/ 12018 08529 99013 07531 07527
09033 994// 09043=

NNNNN
