USID55 WAKK 210000
TTAA  71001 97980 99012 28441 03005 00113 27244 10503
92800 22827 17006 85538 19450 15010 70175 10850 13508
50591 03750 05009 40764 13365 07009 30977 29356 09522
25105 38959 10525 20253 52160 12032 15433 67750 12040
10666 84157 05028 88999 77999 31313 73508 82329=

NNNNN

UKID55 WAKK 210000
TTBB  71008 97980 00012 28441 11951 24020 22846 19256 33775
14224 44737 12856 55596 03634 66575 02057 77541 00059 88531
01357 99528 01559 11517 02558 22514 02750 33456 07748 44448
08158 55440 09156 66412 11564 77385 15757 88364 18566 99348
20969 11331 24159 22329 24558 33326 24762 44325 24766 55316
26363 66314 26759 77301 29157 88292 30364 99254 37959 11228
44163 22175 59550 33131 74156 44100 84157 21212 00012 03005
11979 13505 22946 17506 33884 13009 44825 15509 55741 12505
66665 14009 77574 05510 88553 06010 99533 06007 11513 05513
22476 05006 33458 06010 44440 05509 55424 04011 66407 07009
77392 05511 88294 10027 99271 09535 11259 10029 22248 10526
33227 11529 44217 11529 55172 12035 66121 09541 77103 06030
31313 73508 82329 41414 31431=

NNNNN

ULID55 WAKK 210000
TTCC  71002 97980 70867 77762 14504 50063 70570 26521
30366 62980 08537 20622 54185 09040 88896 87357 07526
88457 73368 21030 77999 31313 73508 82329=

NNNNN

UEID55 WAKK 210000
TTDD  7100/ 97980 11896 87357 22870 83759 33860 79762 44809
79559 55770 76162 66727 78760 77635 77362 88605 73366 99500
70570 11457 73368 22380 72170 33330 68174 44276 58384 55262
56585 66233 59184 77200 54185 88168 50586 99151 51786 11127
48587 21212 11976 05527 22875 08522 33830 13515 44747 16517
55709 15008 66673 00001 77639 34512 88606 33009 99576 29527
11520 29521 22494 25524 33470 22530 44424 17023 55382 16015
66364 11005 77346 13013 88313 09524 99298 09035 11284 08025
22271 10022 33258 08018 44235 09048 55147 08045 66141 07553
77127 08551 31313 73508 82329=

NNNNN

UPID55 WAKK 210000
PPAA  71008 97980 55385 15010 13508 05009 55340 07009
09522 10525 55320 12032 12040 05028 77999=

NNNNN

UGID55 WAKK 210000
PPBB  71008 97980 90/12 03005 13505 17506 90469 13009 15509
12505 91267 14009 05510 06010 9189/ 06007 05513 92123 05006
06010 05509 92456 04011 07009 05511 93356 10027 09535 10029
9379/ 10526 11529 9405/ 11529 12035 9525/ 09541 06030=

NNNNN

UHID55 WAKK 210000
PPCC  71008 97980 55370 14504 26521 08537 55120 09040
77999=

NNNNN

UQID55 WAKK 210000
PPDD  71008 97980 95689 05527 08522 13515 96123 16517 15008
00001 96456 34512 33009 29527 9689/ 29521 25524 97024 22530
17023 16015 97568 11005 13013 09524 979// 09035 98012 08025
10022 08018 984// 09048 99457 08045 07553 08551=

NNNNN
