USID55 WAKK 060000
TTAA  56001 97980 99009 29029 04004 00087 27632 08005
92775 23433 08505 85506 19050 15008 70156 11656 19503
50589 04335 33506 40762 14761 35013 30974 29556 01510
25101 39560 06010 20249 52163 15506 15429 66362 14518
10665 82357 08017 88999 77999 31313 73508 82329=

NNNNN

UKID55 WAKK 060000
TTBB  56008 97980 00009 29029 11982 26224 22953 25657 33907
22228 44881 21458 55819 17229 66796 16056 77752 14032 88692
11456 99558 00027 11467 07732 22410 13556 33399 14762 44379
17165 55366 18958 66320 25556 77294 30756 88281 32760 99241
41959 11229 44564 22122 74562 33100 82357 21212 00009 04004
11976 03505 22944 11005 33912 10503 44851 14508 55822 17004
66793 11005 77766 12503 88739 05501 99713 19501 11688 22501
22664 20002 33640 34506 44595 29005 55512 35508 66493 35503
77475 02502 88457 36005 99423 34514 11360 34511 22346 00505
33332 01506 44319 02511 55293 36008 66269 04008 77258 05512
88247 06009 99226 05507 11197 15507 22179 19010 33163 14512
44147 13518 55133 10020 66120 11016 77114 07015 31313 73508
82329 41414 21431=

NNNNN

ULID55 WAKK 060000
TTCC  56002 97980 70865 76360 15007 50063 65972 07514
30372 63577 11513 20627 54585 03513 88964 83950 08518
77999 31313 73508 82329=

NNNNN

UEID55 WAKK 060000
TTDD  5600/ 97980 11964 83950 22919 82757 33821 84547 44756
77960 55678 73763 66600 74165 77568 69369 88506 65972 99357
68972 11303 63777 22289 60180 33212 54985 44189 56584 55113
50792 21212 11973 09018 22873 00523 33828 34520 44784 32506
55743 11511 66706 15008 77670 16513 88605 12520 99575 10523
11546 03513 22495 06512 33471 00518 44448 31518 55386 23013
66367 35503 77349 27005 88332 22005 99316 23504 11301 11512
22287 07509 33260 12015 44226 10020 55187 00511 66178 07508
77170 08519 88148 06524 99135 09031 11117 09553 31313 73508
82329=

NNNNN

UPID55 WAKK 060000
PPAA  56008 97980 55385 15008 19503 33506 55340 35013
01510 06010 55320 15506 14518 08017 77999=

NNNNN

UGID55 WAKK 060000
PPBB  56008 97980 90/12 04004 03505 11005 90356 10503 14508
17004 90789 11005 12503 05501 91012 19501 22501 20002 91359
34506 29005 35508 92012 35503 02502 36005 92489 34514 34511
00505 93013 01506 02511 36008 93567 04008 05512 06009 939//
05507 94246 15507 19010 14512 948// 13518 95023 10020 11016
07015=

NNNNN

UHID55 WAKK 060000
PPCC  56008 97980 55370 15007 07514 11513 55120 03513
77999=

NNNNN

UQID55 WAKK 060000
PPDD  56008 97980 95689 09018 00523 34520 96012 32506 11511
15008 96356 16513 12520 10523 9679/ 03513 06512 97014 00518
31518 23013 97567 35503 27005 22005 9789/ 23504 11512 98025
07509 12015 10020 989// 00511 99014 07508 08519 06524 9969/
09031 09553=

NNNNN
