USID55 WAKK 070000
TTAA  57001 97980 99009 28637 21005 00085 27429 24507
92771 22415 24509 85507 19025 27506 70152 09413 31510
50588 05172 00508 40761 13950 36008 30973 28158 01007
25101 38950 01008 20250 51156 31011 15431 67140 13010
10664 81156 15003 88999 77999 31313 73508 82329=

NNNNN

UKID55 WAKK 070000
TTBB  57008 97980 00009 28637 11980 25619 22871 20635 33809
15607 44699 09413 55687 10256 66631 06649 77559 00040 88544
01730 99538 02134 11525 02565 22513 03582 33508 04186 44502
04775 55499 05172 66494 05756 77493 05740 88488 06139 99480
06559 11479 06562 22477 06766 33473 07162 44472 07557 55465
08139 66445 09956 77407 13732 88388 15558 99377 16748 11319
24558 22283 31360 33245 39750 44165 62157 55151 66742 66123
76756 77100 81156 21212 00009 21005 11976 25009 22880 25006
33821 29006 44793 27511 55739 29009 66713 32009 77688 30511
88640 34003 99617 28503 11594 01003 22573 27001 33552 03003
44531 00505 55512 01010 66493 01009 77474 01014 88439 00508
99422 00507 11346 05506 22318 02007 33306 36007 44293 01008
55269 03008 66258 00510 77247 36008 88236 32509 99226 33013
11197 30511 22188 30508 33171 30505 44163 17505 55155 14009
66148 13010 77114 06515 88108 05514 99103 13506 31313 73508
82329 41414 59442=

NNNNN

ULID55 WAKK 070000
TTCC  57002 97980 70866 74560 35519 50066 66766 27015
30378 61383 03022 20633 55185 13020 88817 84749 11527
66113 09076 77119 09071 31313 73508 82329=

NNNNN

UEID55 WAKK 070000
TTDD  5700/ 97980 11908 81959 22817 84749 33793 80358 44777
77559 55665 72362 66591 72961 77555 66965 88458 67765 99356
62174 11324 62979 22186 56185 33174 52986 44127 52986 55113
49986 21212 11923 14008 22828 12527 33745 07517 44707 00519
55672 32521 66638 30518 77607 29508 88577 22509 99549 26011
11522 23014 22496 27515 33472 16006 44450 12016 55428 05517
66407 01510 77387 23007 88369 13502 99352 11013 11319 08512
22304 03018 33289 02514 44276 34512 55263 35011 66251 01006
77239 02512 88228 08012 99217 05006 11198 14024 22180 10529
33172 09536 44136 08045 55130 08052 66124 08564 77119 09071
88113 09076 31313 73508 82329=

NNNNN

UPID55 WAKK 070000
PPAA  57008 97980 55385 27506 31510 00508 55340 36008
01007 01008 55320 31011 13010 15003 77999=

NNNNN

UGID55 WAKK 070000
PPBB  57008 97980 90/14 21005 25009 25006 90679 29006 27511
29009 91013 32009 30511 34003 91456 28503 01003 27001 91789
03003 00505 01010 92013 01009 01014 00508 9249/ 00507 05506
93123 02007 36007 01008 93567 03008 00510 36008 9389/ 32509
33013 94235 30511 30508 30505 94678 17505 14009 13010 95345
06515 05514 13506=

NNNNN

UHID55 WAKK 070000
PPCC  57008 97980 55370 35519 27015 03022 55120 13020
63002 09076 72968 09071=

NNNNN

UQID55 WAKK 070000
PPDD  57008 97980 9579/ 14008 12527 96123 07517 00519 32521
96456 30518 29508 22509 96789 26011 23014 27515 97012 16006
12016 05517 97345 01510 23007 13502 97689 11013 08512 03018
98012 02514 34512 35011 98345 01006 02512 08012 9868/ 05006
14024 99016 10529 09536 08045 99789 08052 08564 09071 100//
09076=

NNNNN
