USID55 WAKK 080000
TTAA  58001 97980 99009 28631 36004 00086 27431 02504
92774 23856 25006 85512 20056 31002 70165 10856 02007
50590 03956 09509 40762 14741 08503 30974 29559 10008
25101 39757 08008 20249 51959 10015 15428 66760 15518
10663 84158 07028 88999 77999 31313 73508 82330=

NNNNN

UKID55 WAKK 080000
TTBB  58008 97980 00009 28631 11994 26827 22807 17656 33749
13634 44736 13457 55721 11838 66643 07456 77630 06459 88624
06057 99618 05861 11605 04861 22602 04458 33599 04056 44593
03861 55582 02857 66547 00058 77476 07130 88411 13156 99379
17540 11342 22743 22334 23558 33276 33759 44236 43340 55222
46729 66218 47922 77213 48949 88205 50559 99100 84158 21212
00009 36004 11976 27502 22881 26504 33851 30502 44822 26504
55766 29002 66739 02504 77618 03007 88595 00506 99574 03003
11532 05008 22493 09011 33457 07010 44423 07004 55406 08003
66391 13001 77375 09002 88332 11507 99306 08507 11281 12010
22258 08510 33226 07511 44216 09510 55197 10516 66179 10509
77171 12514 88126 15014 99108 08028 11102 07531 31313 73508
82330 41414 11431=

NNNNN

ULID55 WAKK 080000
TTCC  58002 97980 70863 78961 18512 50061 70372 33015
30370 61183 29005 20622 56785 09520 88940 86756 07525
77999 31313 73508 82330=

NNNNN

UEID55 WAKK 080000
TTDD  5800/ 97980 11940 86756 22869 87156 33860 87556 44849
83159 55811 77562 66731 79160 77683 78561 88659 77562 99633
69569 11476 71172 22409 69574 33327 60784 44255 59784 55239
61983 66222 61383 77207 57184 88152 50386 99134 52786 11114
50586 21212 11970 07527 22870 07527 33824 04028 44782 34520
55741 31512 66703 18510 77634 17012 88573 11020 99545 03007
11518 35016 22445 31515 33423 33511 44403 18005 55383 10511
66331 05015 77315 01006 88300 29005 99286 29005 11272 07010
22260 14008 33248 12007 44236 13005 55225 13511 66214 09013
77195 08523 88186 08534 99161 09048 11154 08552 22122 08068
33117 07566 31313 73508 82330=

NNNNN

UPID55 WAKK 080000
PPAA  58008 97980 55385 31002 02007 09509 55340 08503
10008 08008 55320 10015 15518 07028 77999=

NNNNN

UGID55 WAKK 080000
PPBB  58008 97980 90/14 36004 27502 26504 90568 30502 26504
29002 909// 02504 91456 03007 00506 03003 918// 05008 92024
09011 07010 07004 92567 08003 13001 09002 93024 11507 08507
12010 9369/ 08510 07511 94024 09510 10516 10509 945// 12514
95145 15014 08028 07531=

NNNNN

UHID55 WAKK 080000
PPCC  58008 97980 55370 18512 33015 29005 55120 09520
77999=

NNNNN

UQID55 WAKK 080000
PPDD  58008 97980 95689 07527 07527 04028 96012 34520 31512
18510 96467 17012 11020 03007 968// 35016 97123 31515 33511
18005 97478 10511 05015 01006 979// 29005 98012 29005 07010
14008 98345 12007 13005 13511 98689 09013 08523 08534 99238
09048 08552 08068 999// 07566=

NNNNN
