USID55 WAKK 160000
TTAA  66001 97980 99010 25813 02006 00090 24817 03007
92776 22836 30010 85510 18830 30515 70150 09836 28010
50587 04505 25515 40761 14330 28013 30973 28336 25515
25101 38547 29011 20250 51756 03010 15429 68560 03520
10663 79558 21005 88999 77999 31313 73508 82329=

NNNNN

UKID55 WAKK 160000
TTBB  66008 97980 00010 25813 11998 24619 22978 25656 33840
18023 44559 00019 55458 07909 66367 17921 77298 28737 88199
52150 99187 55759 11142 71359 22122 76159 33113 79756 44100
79558 21212 00010 02006 11977 34010 22944 30008 33912 30011
44794 30516 55766 30509 66739 29010 77713 28009 88663 27005
99617 20511 11594 22505 22573 24010 33492 26512 44474 26009
55439 25516 66390 28517 77269 25015 88247 29512 99236 29507
11226 35510 22216 01011 33197 03509 44188 02510 55140 04016
66133 35006 77126 27514 88108 21020 31313 73508 82329 41414
78442=

NNNNN

ULID55 WAKK 160000
TTCC  66002 97980 70863 75759 11518 50062 70961 27504
30370 63760 08525 20626 56180 07524 88814 85342 12523
88197 56785 08026 77999 31313 73508 82329=

NNNNN

UEID55 WAKK 160000
TTDD  6600/ 97980 11814 85342 22787 82956 33737 82150 44714
77758 55688 73759 66644 69961 77477 72159 88341 62362 99316
64959 11254 60962 22237 55367 33227 53369 44197 56785 55167
54185 21212 11971 18509 22921 14515 33783 12526 44742 09522
55704 12518 66669 10008 77635 09019 88604 01520 99574 34013
11519 21007 22493 29008 33469 30510 44446 25512 55403 19017
66384 33508 77348 30016 88331 28007 99315 10509 11286 08013
22272 08505 33259 12013 44236 12025 55215 07518 66196 08527
77187 09033 88170 08547 31313 73508 82329=

NNNNN

UPID55 WAKK 160000
PPAA  66008 97980 55385 30515 28010 25515 55340 28013
25515 29011 55320 03010 03520 21005 77999=

NNNNN

UGID55 WAKK 160000
PPBB  66008 97980 90/12 02006 34010 30008 90378 30011 30516
30509 909// 29010 91024 28009 27005 20511 9156/ 22505 24010
92013 26512 26009 25516 926// 28517 93578 25015 29512 29507
939// 35510 94023 01011 03509 02510 949// 04016 95014 35006
27514 21020=

NNNNN

UHID55 WAKK 160000
PPCC  66008 97980 55370 11518 27504 08525 55120 07524
77999=

NNNNN

UQID55 WAKK 160000
PPDD  66008 97980 9567/ 18509 14515 96012 12526 09522 12518
96345 10008 09019 01520 96689 34013 21007 29008 97013 30510
25512 19017 97467 33508 30016 28007 978// 10509 98012 08013
08505 12013 98468 12025 07518 08527 989// 09033 991// 08547=

NNNNN
