USID55 WAKK 040000
TTAA  54001 97980 99012 28031 32010 00113 26229 34508
92796 22026 32009 85525 18437 31505 70169 09835 10015
50589 05124 06014 40762 13765 09512 30974 28970 13024
25102 39772 12018 20250 52559 14017 15429 67557 11032
10663 84156 08549 88999 77999 31313 73508 82329=

NNNNN

UKID55 WAKK 040000
TTBB  54008 97980 00012 28031 11978 24617 22774 13615 33724
12250 44673 07831 55552 00037 66536 01343 77530 01358 88509
03934 99479 05946 11471 06359 22448 09744 33443 09957 44437
10740 55428 11334 66414 11962 77392 14570 88381 16572 99363
19557 11361 19365 22355 19967 33354 19971 44352 20174 55351
20175 66348 20959 77347 21156 88342 21940 99339 22534 11333
23546 22331 23944 33330 24145 44327 24563 55326 24568 66323
25168 77316 26359 88315 26757 99314 26950 11311 26960 22300
28970 33253 38972 44246 40765 55243 41562 66240 42156 77236
43135 88221 46761 99205 51158 11193 54563 22184 56756 33157
65158 44146 68956 55126 74759 66100 84156 21212 00012 32010
11979 35509 22946 34010 33914 32007 44852 31005 55823 35006
66795 06006 77767 05006 88714 09516 99689 10515 11664 07010
22595 07011 33573 04510 44457 07511 55439 04006 66423 08005
77406 08009 88391 10516 99247 12518 11216 15019 22163 10527
33155 11031 44103 09047 31313 73508 82329 41414 45341=

NNNNN

ULID55 WAKK 040000
TTCC  54003 97980 70864 77961 12514 50062 69575 17510
30371 59784 05511 88939 86150 08552 77999 31313 73508
82329=

NNNNN

UEID55 WAKK 040000
TTDD  5400/ 97980 11939 86150 22879 84357 33855 80360 44803
78160 55743 80559 66673 74764 77626 75165 88603 71169 99440
69778 11403 66182 22362 66382 33287 58584 21212 11920 08549
22826 07005 33783 18515 44705 12517 55669 23004 66603 00001
77574 34005 88545 12005 99518 15011 11493 16008 22469 11018
33424 08007 44403 11505 55384 12517 66365 29003 77348 29507
88331 12015 99300 05511 31313 73508 82329=

NNNNN

UPID55 WAKK 040000
PPAA  54008 97980 55385 31505 10015 06014 55340 09512
13024 12018 55320 14017 11032 08549 77999=

NNNNN

UGID55 WAKK 040000
PPBB  54008 97980 90/12 32010 35509 34010 90356 32007 31005
35006 9078/ 06006 05006 91012 09516 10515 07010 9156/ 07011
04510 92234 07511 04006 08005 9256/ 08009 10516 937// 12518
94067 15019 10527 11031 955// 09047=

NNNNN

UHID55 WAKK 040000
PPCC  54008 97980 55370 12514 17510 05511 77999=

NNNNN

UQID55 WAKK 040000
PPDD  54008 97980 9579/ 08549 07005 96023 18515 12517 23004
96456 11007 00001 34005 96789 12005 15011 16008 97023 11018
08007 11505 97456 12517 29003 29507 9779/ 12015 05511=

NNNNN
