USID55 WAKK 020000
TTAA  52001 97980 99010 28639 34012 00095 27445 34005
92780 23050 29518 85515 19456 27516 70163 11041 36013
50590 04130 06013 40764 13750 06011 30977 28357 12506
25104 38750 13510 20254 51757 15526 15433 67560 12528
10666 85556 09023 88999 77999 31313 73508 82329=

NNNNN

UKID55 WAKK 020000
TTBB  52008 97980 00010 28639 11982 25832 22828 17645 33771
16056 44677 09239 55646 08250 66549 00037 77510 03721 88490
04956 99482 05731 11466 06928 22461 07156 33455 07556 44452
07759 55450 07762 66447 07959 77442 08364 88430 09959 99417
11561 11411 12157 22399 13949 33381 15360 44318 25535 55293
29758 66285 31347 77204 50556 88176 58764 99100 85556 21212
00010 34012 11977 30508 22912 29017 33851 27516 44739 34513
55714 36014 66689 00509 77664 35511 88640 01508 99618 02012
11553 02511 22532 05508 33475 04510 44440 06013 55407 06010
66391 07514 77362 07003 88347 19501 99333 13002 11320 15504
22294 11007 33248 14010 44180 14529 55172 12530 66148 12528
77127 12534 88109 11533 31313 73508 82329 41414 10341=

NNNNN

ULID55 WAKK 020000
TTCC  52002 97980 70862 79158 09020 50062 69173 26020
30371 62982 08022 20627 55985 09521 88913 87748 11523
77999 31313 73508 82329=

NNNNN

UEID55 WAKK 020000
TTDD  5200/ 97980 11913 87748 22861 86156 33823 87340 44762
81558 55723 80557 66702 79358 77676 72964 88629 71566 99611
67770 11428 69374 22316 64580 33284 61583 44276 57584 55208
56785 66179 54985 21212 11975 08021 22923 10520 33873 10029
44826 11531 55782 11536 66703 09519 77634 02516 88603 34014
99574 29022 11519 24523 22494 25519 33470 24009 44425 12509
55404 12003 66384 03508 77366 22504 88348 15012 99331 09519
11301 08522 22286 06531 33273 06526 44237 03511 55226 04007
66215 09510 77206 07017 88196 10519 99187 12530 31313 73508
82329=

NNNNN

UPID55 WAKK 020000
PPAA  52008 97980 55385 27516 36013 06013 55340 06011
12506 13510 55320 15526 12528 09023 77999=

NNNNN

UGID55 WAKK 020000
PPBB  52008 97980 90/13 34012 30508 29017 9059/ 27516 34513
91012 36014 00509 35511 91347 01508 02012 02511 918// 05508
92135 04510 06013 06010 92689 07514 07003 19501 93013 13002
15504 11007 937// 14010 94458 14529 12530 12528 9514/ 12534
11533=

NNNNN

UHID55 WAKK 020000
PPCC  52008 97980 55370 09020 26020 08022 55120 09521
77999=

NNNNN

UQID55 WAKK 020000
PPDD  52008 97980 95678 08021 10520 10029 959// 11531 96024
11536 09519 02516 96568 34014 29022 24523 969// 25519 97023
24009 12509 12003 97456 03508 22504 15012 9779/ 09519 08522
98014 06531 06526 03511 98567 04007 09510 07017 9889/ 10519
12530=

NNNNN
