USID55 WAKK 290000
TTAA  79001 97980 99009 29641 03004 00086 28240 06004
92777 23222 18503 85510 20656 27505 70166 12057 34002
50590 04925 19002 40762 14727 07513 30975 28560 09020
25102 39160 09530 20250 52340 10538 15429 66964 12540
10663 81159 08028 88999 77999 31313 73508 82329=

NNNNN

UKID55 WAKK 290000
TTBB  79008 97980 00009 29641 11979 26423 22896 21618 33876
21850 44708 12657 55552 00030 66471 07710 77461 07937 88424
13507 99390 15342 11365 17758 22307 27160 33224 45758 44200
52340 55190 54959 66149 67164 77118 78358 88100 81159 21212
00009 03004 11976 03505 22912 15003 33881 18001 44851 27505
55794 34504 66740 34004 77689 36004 88664 00504 99641 29005
11618 35003 22596 15002 33574 20506 44533 23503 55513 26503
66475 05003 77440 06512 88423 07513 99375 06515 11319 09018
22269 10521 33258 09527 44247 10031 55163 10039 66155 11021
77140 12543 88120 13047 99114 12551 11108 10546 22102 09037
31313 73508 82329 41414 41442=

NNNNN

ULID55 WAKK 290000
TTCC  79002 97980 70863 78560 15003 50059 71369 29007
30366 63381 06033 20623 53985 12036 88858 85157 24007
77999 31313 73508 82329=

NNNNN

UEID55 WAKK 290000
TTDD  7900/ 97980 11858 85157 22817 81359 33786 82957 44753
78560 55677 78360 66635 72166 77580 74565 88475 69770 99426
72569 11369 65976 22332 65577 33321 62581 44304 64180 55240
54185 66184 51586 77155 53385 21212 11920 06509 22872 26005
33825 17008 44782 19008 55742 13011 66704 13504 77668 05508
88634 31006 99603 26013 11572 24505 22544 25013 33516 24008
44491 30504 55467 27508 66444 27520 77401 20018 88381 17507
99363 11528 11345 09032 22329 09516 33313 06528 44298 06033
55271 08020 66258 08023 77235 11028 88214 07521 99204 12533
11162 07042 31313 73508 82329=

NNNNN

UPID55 WAKK 290000
PPAA  79008 97980 55385 27505 34002 19002 55340 07513
09020 09530 55320 10538 12540 08028 77999=

NNNNN

UGID55 WAKK 290000
PPBB  79008 97980 90/13 03004 03505 15003 90457 18001 27505
34504 909// 34004 91123 36004 00504 29005 91456 35003 15002
20506 9189/ 23503 26503 92013 15504 05003 06512 9247/ 07513
06515 93156 09018 10521 09527 937// 10031 94679 10039 11021
12543 95234 13047 12551 10546 955// 09037=

NNNNN

UHID55 WAKK 290000
PPCC  79008 97980 55370 15003 29007 06033 55120 12036
77999=

NNNNN

UQID55 WAKK 290000
PPDD  79008 97980 95789 06509 26005 17008 96012 19008 13011
13504 96345 05508 31006 26013 96678 24505 25013 24008 969//
30504 97013 27508 27520 20018 97456 17507 11528 09032 97789
09516 06528 06033 98124 08020 08023 11028 9867/ 07521 12533
992// 07042=

NNNNN
