USID55 WAKK 270000
TTAA  77001 97980 99008 27019 35007 00078 26219 01509
92767 22618 34013 85500 18215 35009 70151 10628 02010
50588 04331 10017 40761 13332 12011 30975 27141 06516
25104 37545 05016 20253 51158 08014 15433 67558 09525
10665 85356 11041 88999 77999 31313 73508 82329=

NNNNN

UKID55 WAKK 270000
TTBB  77008 97980 00008 27019 11974 24207 22783 14014 33774
15229 44604 03618 55555 00030 66499 04527 77486 05526 88479
05757 99478 05759 11463 07157 22447 08160 33442 08362 44439
08763 55435 09350 66433 08961 77431 09164 88430 09169 99424
09760 11398 13328 22329 22335 33274 32146 44160 63959 55100
85356 21212 00008 35007 11975 35015 22911 34011 33850 35009
44765 35509 55738 02010 66713 03508 77687 03012 88640 06006
99616 08507 11594 07512 22573 08509 33492 10021 44422 10514
55406 12012 66390 07009 77375 05517 88360 04512 99346 05008
11332 04008 22319 06512 33270 06015 44248 05016 55207 08512
66156 09026 77134 13027 88121 13033 31313 73508 82329 41414
58442=

NNNNN

ULID55 WAKK 270000
TTCC  77002 97980 70866 75363 16507 50062 71971 05007
30371 61183 10021 20623 56185 09038 88985 86156 11040
77999 31313 73508 82329=

NNNNN

UEID55 WAKK 270000
TTDD  7700/ 97980 11985 86156 22921 86157 33881 81560 44838
80758 55735 78760 66726 75963 77569 76166 88529 71371 99485
72772 11425 65182 22365 65982 33285 59984 44247 61983 55209
62383 66202 57584 77174 52386 21212 11922 10531 22874 12016
33828 14032 44786 13011 55746 19009 66707 17506 77672 12016
88638 05503 99606 25005 11575 01007 22546 33007 33519 21001
44493 04008 55469 34012 66445 18010 77424 16018 88403 17518
99365 11012 11348 08003 22316 12016 33273 09021 44248 04513
55225 10527 66204 09533 77177 08546 31313 73508 82329=

NNNNN

UPID55 WAKK 270000
PPAA  77008 97980 55385 35009 02010 10017 55340 12011
06516 05016 55320 08014 09525 11041 77999=

NNNNN

UGID55 WAKK 270000
PPBB  77008 97980 90/13 35007 35015 34011 90589 35009 35509
02010 91013 03508 03012 06006 91456 08507 07512 08509 92045
10021 10514 12012 92678 07009 05517 04512 929// 05008 93015
04008 06512 06015 937// 05016 9417/ 08512 09026 9502/ 13027
13033=

NNNNN

UHID55 WAKK 270000
PPCC  77008 97980 55370 16507 05007 10021 55120 09038
77999=

NNNNN

UQID55 WAKK 270000
PPDD  77008 97980 95789 10531 12016 14032 96012 13011 19009
17506 96345 12016 05503 25005 96678 01007 33007 21001 969//
04008 97012 34012 18010 16018 97356 17518 11012 08003 978//
12016 98135 09021 04513 10527 987// 09533 990// 08546=

NNNNN
