USID55 WAKK 310000
TTAA  81001 97980 99009 29035 30010 00087 27835 31505
92773 23024 28008 85508 18431 32504 70145 10230 15504
50589 03357 09013 40762 13160 09508 30975 27564 03513
25103 38761 10010 20252 51557 11525 15431 67356 12532
10665 83556 08518 88999 77999 31313 73508 82329=

NNNNN

UKID55 WAKK 310000
TTBB  81008 97980 00009 29035 11946 24021 22738 11825 33592
04049 44548 00027 55532 00050 66465 07134 77425 10744 88421
10957 99416 11358 11413 11956 22401 13159 33391 14756 44373
16760 55354 19357 66314 25164 77236 42362 88212 48959 99185
56134 11150 67356 22135 72946 33116 77957 44100 83556 21212
00009 30010 11976 30505 22881 29506 33851 32504 44738 29504
55712 36001 66687 14003 77616 15507 88594 09006 99572 08006
11552 08010 22493 09012 33474 10004 44457 05505 55439 05502
66390 10507 77375 10011 88346 03509 99319 04013 11294 03012
22270 08011 33258 09009 44237 10514 55207 09518 66188 12029
77180 13030 88120 12535 99114 10027 11103 08022 31313 73508
82329 41414 41441=

NNNNN

ULID55 WAKK 310000
TTCC  81002 97980 70861 81557 13020 50058 71172 22012
30369 61383 08518 20623 58984 21511 88852 88936 15019
88197 59384 20011 77999 31313 73508 82329=

NNNNN

UEID55 WAKK 310000
TTDD  8100/ 97980 11852 88936 22825 88940 33803 85557 44749
84543 55693 81557 66680 77560 77628 73164 88604 73964 99569
69970 11499 71172 22475 66777 33373 65982 44299 61183 55286
62583 66239 56185 77226 54785 88197 59384 99158 51798 21212
11974 09014 22922 14511 33781 13018 44740 16524 55665 10532
66632 04022 77600 35024 88542 23515 99516 21011 11466 24015
22422 20513 33402 20010 44382 12007 55364 10011 66314 08520
77272 07519 88259 11013 99236 05014 11225 22504 22204 21509
33195 17512 44186 11528 55169 10539 66161 10045 31313 73508
82329=

NNNNN

UPID55 WAKK 310000
PPAA  81008 97980 55385 32504 15504 09013 55340 09508
03513 10010 55320 11525 12532 08518 77999=

NNNNN

UGID55 WAKK 310000
PPBB  81008 97980 90/14 30010 30505 29506 9059/ 32504 29504
91014 36001 14003 15507 91567 09006 08006 08010 92012 09012
10004 05505 92367 05502 10507 10011 929// 03509 93135 04013
03012 08011 9368/ 09009 10514 94134 09518 12029 13030 95235
12535 10027 08022=

NNNNN

UHID55 WAKK 310000
PPCC  81008 97980 55370 13020 22012 08518 55120 21511
77999=

NNNNN

UQID55 WAKK 310000
PPDD  81008 97980 9567/ 09014 14511 96013 13018 16524 10532
96457 04022 35024 23515 968// 21011 97023 24015 20513 20010
97458 12007 10011 08520 98124 07519 11013 05014 98578 22504
21509 17512 989// 11528 9912/ 10539 10045=

NNNNN
