USID55 WAKK 100000
TTAA  60001 97980 99009 25813 10003 00084 25023 32005
92767 23244 31513 85502 18832 33516 70145 10037 35513
50587 03913 02010 40760 13911 02502 30973 28324 30007
25101 38731 29513 20249 51956 25519 15429 67156 15031
10662 83145 07530 88999 77999 31313 73508 82330=

NNNNN

UKID55 WAKK 100000
TTBB  60008 97980 00009 25813 11968 22410 22959 24241 33947
24243 44754 14656 55697 09634 66669 08641 77583 00812 88555
00011 99494 04315 11385 15513 22318 25123 33239 41524 44214
47757 55139 71356 66122 77750 77110 79356 88100 83145 21212
00009 10003 11976 32014 22765 33519 33712 34514 44687 02018
55572 04522 66530 02010 77511 01011 88438 03012 99422 35507
11405 35503 22390 08003 33374 08007 44360 11505 55345 08007
66332 11504 77318 26003 88305 30505 99269 27007 11236 29015
22171 22019 33155 16024 44140 15033 55120 14544 66108 09526
77102 08030 31313 73508 82330 41414 68442=

NNNNN

ULID55 WAKK 100000
TTCC  60005 97980 70863 76956 20006 50060 68356 26524
88939 84937 10024 77999 31313 73508 82330=

NNNNN

UEID55 WAKK 100000
TTDD  6000/ 97980 11939 84937 22922 83750 33799 82739 44752
77758 55714 77756 66678 74957 77643 75950 88606 75156 99577
70758 11515 69150 22478 66558 33451 68550 44440 66957 55399
64950 66381 61558 77360 63150 21212 11969 08524 22824 08011
33781 10514 44741 13002 55703 20506 66668 24513 77634 24516
88602 19018 99572 23007 11518 28525 22468 21017 33445 14514
44424 16515 55403 11510 66384 14005 77366 26507 31313 73508
82330=

NNNNN

UPID55 WAKK 100000
PPAA  60008 97980 55385 33516 35513 02010 55340 02502
30007 29513 55320 25519 15031 07530 77999=

NNNNN

UGID55 WAKK 100000
PPBB  60008 97980 90/18 10003 32014 33519 91016 34514 02018
04522 9189/ 02010 01011 92345 03012 35507 35503 92678 08003
08007 11505 929// 08007 93012 11504 26003 30505 9358/ 27007
29015 94579 22019 16024 15033 95245 14544 09526 08030=

NNNNN

UHID55 WAKK 100000
PPCC  60008 97980 55270 20006 26524 77999=

NNNNN

UQID55 WAKK 100000
PPDD  60008 97980 9569/ 08524 08011 96012 10514 13002 20506
96345 24513 24516 19018 9668/ 23007 28525 97012 21017 14514
16515 97345 11510 14005 26507=

NNNNN
