USID55 WAKK 240000
TTAA  74001 97980 99009 28033 24007 00082 27239 25513
92768 22836 26517 85501 18212 26018 70156 11444 04510
50590 04130 07016 40764 13741 05517 30976 27956 10017
25104 37759 15012 20254 51160 19019 15434 66957 16042
10667 84756 14558 88999 77999 31313 73508 82329=

NNNNN

UKID55 WAKK 240000
TTBB  74008 97980 00009 28033 11968 24416 22959 24845 33850
18212 44768 15826 55720 13256 66670 09633 77658 09456 88543
00041 99474 05747 11448 08914 22421 11343 33341 21922 44282
31144 55267 33759 66215 46756 77196 52361 88100 84756 21212
00009 24007 11976 25517 22821 26010 33793 31007 44766 22502
55739 03503 66640 04008 77617 01007 88574 02517 99494 06513
11475 05016 22440 11511 33407 05518 44347 06014 55333 06010
66294 10518 77198 19020 88172 17526 99164 16534 11141 15045
22134 15049 31313 73508 82329 41414 48432=

NNNNN

ULID55 WAKK 240000
TTCC  74003 97980 70867 76761 02017 50066 68180 20021
30375 56984 11534 88978 85950 14056 77999 31313 73508
82329=

NNNNN

UEID55 WAKK 240000
TTDD  7400/ 97980 11978 85950 22937 82759 33799 85356 44766
80760 55680 74164 66584 71970 77546 67777 88452 70381 99413
70781 11368 68182 22308 58184 33226 59784 21212 11977 14056
22926 13040 33831 07034 44788 07023 55746 10537 66709 04014
77673 33511 88639 34505 99607 29022 11577 31025 22549 26534
33522 24028 44496 19522 55449 24031 66427 21519 77406 18017
88386 19512 99333 12520 11317 13528 22288 10048 33239 08020
44226 11015 31313 73508 82329=

NNNNN

UPID55 WAKK 240000
PPAA  74008 97980 55385 26018 04510 07016 55340 05517
10017 15012 55320 19019 16042 14558 77999=

NNNNN

UGID55 WAKK 240000
PPBB  74008 97980 90/16 24007 25517 26010 90789 31007 22502
03503 91346 04008 01007 02517 92013 06513 05016 11511 9259/
05518 06014 9303/ 06010 10518 94256 19020 17526 16534 949//
15045 950// 15049=

NNNNN

UHID55 WAKK 240000
PPCC  74008 97980 55370 02017 20021 11534 77999=

NNNNN

UQID55 WAKK 240000
PPDD  74008 97980 95679 14056 13040 07034 96012 07023 10537
04014 96345 33511 34505 29022 96678 31025 26534 24028 969//
19522 97123 24031 21519 18017 97478 19512 12520 13528 98045
10048 08020 11015=

NNNNN
