USID54 WAPS 030000
TTAA  53001 97900 99007 28423 00000 00080 28440 14003
92773 23450 10509 85506 20057 09508 70160 10242 08012
50589 02758 09522 40761 13757 09020 30973 27962 06526
25101 38573 06020 20251 52167 07027 15430 68161 09531
10665 82758 06533 88999 77999 31313 73508 82329=

NNNNN

UKID54 WAPS 030000
TTBB  53008 97900 00007 28423 11006 28826 22945 23612 33915
23056 44739 12429 55690 09435 66673 08659 77665 08262 88658
07250 99642 06438 11600 04067 22589 03265 33584 02864 44578
02250 55548 00040 66508 02359 77432 13107 88429 11733 99415
12156 11376 17543 22358 19758 33331 23950 44320 25750 55314
26556 66310 26161 77253 37972 88172 60563 99143 70559 11132
74559 22124 76559 33121 75560 44100 82758 21212 00007 00000
11976 11505 22912 11009 33881 10512 44851 09509 55822 11506
66766 08509 77714 08512 88640 09510 99573 13511 11552 10010
22439 09019 33406 08021 44360 07027 55319 04523 66281 07027
77206 07025 88197 07029 99120 09543 31313 73508 82329 41414
25531=

NNNNN

ULID54 WAPS 030000
TTCC  53001 97900 70866 72965 07016 50067 64381 35009
30377 63783 13013 20629 56785 09535 10082 44988 09065
88939 84358 07019 88417 68582 24523 66089 08086 77099
09069 31313 73508 82329=

NNNNN

UEID54 WAPS 030000
TTDD  5300/ 97900 11939 84358 22805 81159 33712 73564 44559
68573 55533 64778 66417 68582 77274 63583 88235 60983 99228
58384 11210 58184 22155 48587 33140 49386 44135 49586 55131
46787 66113 49187 77107 48587 88098 42988 99089 41589 21212
11973 06032 22922 10014 33873 11027 44827 06529 55785 01007
66745 11519 77708 07018 88672 10006 99639 09514 11578 10512
22523 06009 33498 34509 44451 29015 55388 19515 66370 16009
77335 11523 88304 16014 99289 10019 11275 10520 22216 08021
33206 09029 44197 10035 55149 07539 66113 08547 77108 09056
88103 09055 99099 09069 11089 08086 31313 73508 82329=

NNNNN

UPID54 WAPS 030000
PPAA  53008 97900 55385 09508 08012 09522 55340 09020
06526 06020 55320 07027 09531 06533 77999=

NNNNN

UGID54 WAPS 030000
PPBB  53008 97900 90/13 00000 11505 11009 90456 10512 09509
11506 908// 08509 91036 08512 09510 13511 917// 10010 92358
09019 08021 07027 9314/ 04523 07027 9412/ 07025 07029 952//
09543=

NNNNN

UHID54 WAPS 030000
PPCC  53008 97900 55370 07016 35009 13013 55220 09535
09065 63158 08086 73089 09069=

NNNNN

UQID54 WAPS 030000
PPDD  53008 97900 95678 06032 10014 11027 959// 06529 96012
01007 11519 07018 96346 10006 09514 10512 9689/ 06009 34509
97145 29015 19515 16009 9779/ 11523 16014 98016 10019 10520
08021 9878/ 09029 10035 994// 07539 10012 08547 09056 09055
1035/ 09069 08086=

NNNNN
