USID55 WAKK 030000
TTAA  53001 97980 99011 27223 01012 00109 26425 01007
92791 23256 28513 85522 18634 29013 70167 10843 00513
50590 03959 06508 40764 13968 10514 30975 28770 11524
25103 38757 09525 20251 50944 11533 15431 67757 12032
10663 82357 08538 88105 84150 11048 77999 31313 73508
82329=

NNNNN

UKID55 WAKK 030000
TTBB  53008 97980 00011 27223 11983 25019 22927 23256 33825
16830 44770 15650 55659 07440 66541 00056 77507 03756 88485
04768 99450 07973 11440 08568 22416 11578 33373 17966 44368
18175 55340 22972 66330 24570 77325 25561 88324 25557 99323
25750 11321 25960 22312 26961 33309 27167 44288 31170 55281
32769 66263 36741 77261 37129 88256 37556 99241 40761 11223
45156 22197 51940 33171 60158 44105 84150 55100 82357 21212
00011 01012 11978 34511 22945 29508 33914 29013 44794 28011
55767 31508 66740 34009 77714 34510 88689 36014 99618 03512
11574 06008 22494 08008 33475 09512 44458 06507 55423 08010
66347 11516 77306 11024 88247 10026 99237 10531 11197 12033
22188 13529 33180 13028 44163 12530 55148 12031 66141 13027
77134 12533 88103 10548 31313 73508 82329 41414 32341=

NNNNN

ULID55 WAKK 030000
TTCC  53002 97980 70864 74762 11014 50063 72766 05004
30370 61183 16010 20624 54185 09536 88562 72766 22517
77999 31313 73508 82329=

NNNNN

UEID55 WAKK 030000
TTDD  5300/ 97980 11879 85149 22839 85150 33829 83157 44789
79759 55749 80757 66695 74362 77686 70565 88626 68967 99562
72766 11493 73366 22474 70169 33431 67770 44375 69570 55352
64377 66312 60983 77238 61183 88206 54785 99180 53785 11165
49786 22143 49386 33128 46399 21212 11971 06032 22872 05528
33826 05518 44783 01519 55742 35005 66705 11512 77669 27010
88547 20011 99520 15507 11494 03005 22469 06503 33446 00508
44424 31012 55404 30010 66384 08009 77365 07016 88347 07017
99331 01014 11315 11508 22300 16010 33286 11516 44260 11525
55236 10025 66225 10034 77162 09039 88155 09553 99128 08066
31313 73508 82329=

NNNNN

UPID55 WAKK 030000
PPAA  53008 97980 55385 29013 00513 06508 55340 10514
11524 09525 55320 11533 12032 08538 77999=

NNNNN

UGID55 WAKK 030000
PPBB  53008 97980 90/12 01012 34511 29508 90378 29013 28011
31508 909// 34009 91014 34510 36014 03512 916// 06008 92012
08008 09512 06507 9249/ 08010 11516 93278 11024 10026 10531
94234 12033 13529 13028 94689 12530 12031 13027 9505/ 12533
10548=

NNNNN

UHID55 WAKK 030000
PPCC  53008 97980 55370 11014 05004 16010 55120 09536
77999=

NNNNN

UQID55 WAKK 030000
PPDD  53008 97980 95689 06032 05528 05518 96012 01519 35005
11512 96378 27010 20011 15507 969// 03005 97012 06503 00508
31012 97345 30010 08009 07016 97678 07017 01014 11508 979//
16010 98024 11516 11525 10025 985// 10034 99237 09039 09553
08066=

NNNNN
