USID55 WAKK 050000
TTAA  55001 97980 99012 25607 05006 00106 26236 09005
92793 22822 11509 85525 18213 10510 70163 09838 11015
50589 04558 07511 40761 15119 12509 30974 28530 05016
25101 38340 05518 20251 51142 04020 15430 67356 06025
10664 83140 10039 88999 77999 31313 73508 82329=

NNNNN

UKID55 WAKK 050000
TTBB  55008 97980 00012 25607 11008 25411 22994 27050 33875
19410 44768 13012 55669 08256 66610 03629 77590 02628 88582
02058 99573 01250 11552 00057 22516 03761 33505 04360 44503
04162 55500 04558 66453 10537 77393 15519 88334 22728 99263
35537 11175 59141 22154 66157 33129 75757 44100 83140 21212
00012 05006 11979 11011 22946 11510 33883 12010 44853 10510
55795 10012 66740 12011 77595 09017 88573 10516 99493 07012
11475 10516 22439 11012 33422 14007 44406 12008 55390 14007
66375 10509 77360 11513 88332 05011 99293 04015 11281 01510
22236 05021 33163 04026 44148 06026 55133 06532 66114 11019
77108 10032 31313 73508 82329 41414 68442=

NNNNN

ULID55 WAKK 050000
TTCC  55002 97980 70864 75357 23517 50061 68130 05011
30373 63122 21506 20628 57373 11515 88939 84335 10543
77999 31313 73508 82329=

NNNNN

UEID55 WAKK 050000
TTDD  5500/ 97980 11939 84335 22915 82750 33803 81335 44774
80733 55747 78158 66710 75358 77669 76737 88593 74932 99564
71556 11534 68358 22498 68326 33443 67724 44419 65743 55382
61950 66365 62520 77356 62531 88349 62918 99309 64515 11286
62715 22280 61733 33271 60927 44267 60740 55255 59526 66254
59521 77251 59137 88241 57157 99222 53960 11216 54758 22201
57171 33180 54785 44170 50586 55148 47987 21212 11920 10041
22826 06028 33783 07527 44743 01506 55705 24016 66636 19515
77603 18521 88573 14523 99545 13017 11518 07007 22493 05012
33469 36012 44446 31009 55424 16009 66404 33017 77385 30008
88367 08505 99349 10510 11332 29508 22317 18503 33301 20006
44287 14505 55274 11012 66216 08512 77206 11514 88196 10523
99179 08042 11171 09540 22156 08052 33148 08052 31313 73508
82329=

NNNNN

UPID55 WAKK 050000
PPAA  55008 97980 55385 10510 11015 07511 55340 12509
05016 05518 55320 04020 06025 10039 77999=

NNNNN

UGID55 WAKK 050000
PPBB  55008 97980 90/12 05006 11011 11510 90457 12010 10510
10012 909// 12011 9156/ 09017 10516 92013 07012 10516 11012
92456 14007 12008 14007 9278/ 10509 11513 93034 05011 04015
01510 938// 05021 9468/ 04026 06026 95034 06532 11019 10032=

NNNNN

UHID55 WAKK 050000
PPCC  55008 97980 55370 23517 05011 21506 55120 11515
77999=

NNNNN

UQID55 WAKK 050000
PPDD  55008 97980 9579/ 10041 06028 96012 07527 01506 24016
96456 19515 18521 14523 96789 13017 07007 05012 97012 36012
31009 16009 97345 33017 30008 08505 97678 10510 29508 18503
979// 20006 98016 14505 11012 08512 9878/ 11514 10523 99013
08042 09540 08052 994// 08052=

NNNNN
