USID55 WAKK 280000
TTAA  78001 97980 99009 28633 30002 00084 27249 32503
92773 23450 35508 85512 19656 31510 70160 10435 07005
50590 04345 06011 40762 13765 10519 30974 28931 07021
25102 39349 10528 20251 51756 10029 15431 67350 11049
10662 87550 11540 88100 87550 11540 77999 31313 73508
82329=

NNNNN

UKID55 WAKK 280000
TTBB  78008 97980 00009 28633 11969 25039 22884 22258 33826
17234 44794 17057 55620 04625 66550 00045 77508 04334 88484
05356 99472 05764 11405 12966 22387 15564 33383 16163 44373
17930 55364 19118 66345 22156 77340 22960 88329 24159 99311
27324 11291 30719 22280 32530 33272 34158 44241 41343 55191
54358 66100 87550 21212 00009 30002 11976 35503 22944 03007
33912 35006 44881 30510 55851 31511 66822 31505 77793 04505
88739 02505 99713 06505 11688 03007 22664 05005 33640 34504
44617 00509 55595 06006 66573 02504 77532 00508 88512 02509
99475 07014 11440 12011 22375 08520 33319 07522 44281 09527
55258 10527 66247 11030 77236 09528 88226 09535 99206 09531
11197 09529 22180 10032 33114 12545 44102 12042 31313 73508
82329 41414 25431=

NNNNN

ULID55 WAKK 280000
TTCC  78002 97980 70865 76562 17519 50062 72169 21006
30370 60384 09523 20625 54985 08520 88999 77999 31313
73508 82329=

NNNNN

UEID55 WAKK 280000
TTDD  7800/ 97980 11984 87156 22974 83958 33925 82757 44903
79160 55765 79559 66620 72566 77495 72169 88399 66175 99361
69375 11341 68378 22325 62783 33275 57384 44174 54585 21212
11918 06538 22871 36018 33827 30517 44744 19513 55706 17520
66670 18512 77637 12018 88605 09005 99575 10004 11546 36007
22519 02004 33493 21011 44469 22506 55446 00510 66424 30010
77403 30015 88384 23005 99365 21510 11330 11021 22286 08527
33272 12023 44248 05530 55236 04022 66195 07519 77178 10021
31313 73508 82329=

NNNNN

UPID55 WAKK 280000
PPAA  78008 97980 55385 31510 07005 06011 55340 10519
07021 10528 55320 10029 11049 11540 77999=

NNNNN

UGID55 WAKK 280000
PPBB  78008 97980 90/12 30002 35503 03007 90345 35006 30510
31511 90679 31505 04505 02505 91012 06505 03007 05005 91345
34504 00509 06006 91689 02504 00508 02509 92137 07014 12011
08520 93146 07522 09527 10527 93789 11030 09528 09535 94124
09531 09529 10032 9535/ 12545 12042=

NNNNN

UHID55 WAKK 280000
PPCC  78008 97980 55370 17519 21006 09523 55120 08520
77999=

NNNNN

UQID55 WAKK 280000
PPDD  78008 97980 95789 06538 36018 30517 96123 19513 17520
18512 96456 12018 09005 10004 96789 36007 02004 21011 97012
22506 00510 30010 97345 30015 23005 21510 977// 11021 98013
08527 12023 05530 9848/ 04022 07519 990// 10021=

NNNNN
