USID54 WAPS 060000
TTAA  56001 97900 99006 27825 35003 00079 27429 02002
92772 23641 11008 85508 20050 12505 70159 11248 33002
50590 04956 09507 40761 15168 11516 30974 28568 00506
25102 38768 05005 20250 51564 04023 15430 66763 07017
10664 83957 09520 88999 77999 31313 73508 82330=

NNNNN

UKID54 WAPS 060000
TTBB  56008 97900 00006 27825 11953 24409 22916 23656 33856
20045 44829 19659 55754 14437 66728 13457 77607 04033 88557
00038 99554 00335 11529 02158 22483 06937 33442 10957 44435
11163 55409 13968 66397 15369 77387 16758 88377 17366 99365
17571 11319 25763 22262 35969 33221 46367 44206 50160 55198
52166 66169 60960 77160 63364 88100 83957 21212 00006 35003
11976 11006 22881 11509 33851 13005 44822 09504 55793 10504
66713 06004 77688 33508 88640 36010 99618 35006 11595 36005
22574 27003 33553 24505 44532 04502 55513 09505 66475 09508
77457 15005 88439 17008 99422 14007 11406 11514 22390 09012
33375 07006 44346 07501 55332 24003 66319 26502 77306 01507
88293 36006 99281 02007 11269 07507 22236 03008 33226 01011
44197 03522 55179 05020 66140 06019 77114 10024 31313 73508
82330 41414 21401=

NNNNN

ULID54 WAPS 060000
TTCC  56001 97900 70865 75165 10505 50064 68977 01515
30373 62583 11518 20627 55185 01513 10073 47187 10070
88886 86340 07522 88456 70578 29016 66084 09087 77098
10074 31313 73508 82330=

NNNNN

UEID54 WAPS 060000
TTDD  5600/ 97900 11886 86340 22835 83756 33807 80757 44791
75361 55708 75364 66669 72368 77636 74367 88531 66977 99456
70578 11398 68780 22367 64383 33321 64982 44283 60783 55270
61983 66206 55185 77176 57584 88153 52786 99137 53985 11122
53185 22100 47187 33084 44988 21212 11871 07524 22825 09008
33783 12011 44743 12015 55706 10006 66671 14511 77637 17516
88605 14517 99547 04010 11495 01016 22471 33014 33426 21520
44385 16014 55366 22505 66349 24008 77332 13004 88316 16014
99287 07013 11274 03007 22261 13010 33248 13515 44237 11530
55226 14520 66215 09521 77205 09008 88196 36018 99178 31014
11170 01006 22162 09025 33155 08537 44135 09038 55123 09048
66112 09556 77098 10074 88084 09087 31313 73508 82330=

NNNNN

UPID54 WAPS 060000
PPAA  56008 97900 55385 12505 33002 09507 55340 11516
00506 05005 55320 04023 07017 09520 77999=

NNNNN

UGID54 WAPS 060000
PPBB  56008 97900 90/14 35003 11006 11509 90567 13005 09504
10504 91013 06004 33508 36010 91456 35006 36005 27003 91789
24505 04502 09505 92123 09508 15005 17008 92456 14007 11514
09012 9279/ 07006 07501 93012 24003 26502 01507 93345 36006
02007 07507 9389/ 03008 01011 94249 03522 05020 06019 953//
10024=

NNNNN

UHID54 WAPS 060000
PPCC  56008 97900 55370 10505 01515 11518 55220 01513
10070 63189 09087 73087 10074=

NNNNN

UQID54 WAPS 060000
PPDD  56008 97900 9589/ 07524 09008 96012 12011 12015 10006
96345 14511 17516 14517 9679/ 04010 01016 97024 33014 21520
16014 97567 22505 24008 13004 978// 16014 98012 07013 03007
13010 98345 13515 11530 14520 98678 09521 09008 36018 99012
31014 01006 09025 99368 08537 09038 09048 10036 09556 10074
09087=

NNNNN
