USID55 WAKK 010000
TTAA  51001 97980 99009 25017 33010 00086 25017 35505
92775 22021 29508 85508 18224 28508 70156 10426 08008
50588 04908 05503 40762 13157 05005 30975 28347 02510
25103 38761 01508 20252 52159 18502 15431 68357 15517
10664 83358 06031 88999 77999 31313 73508 82329=

NNNNN

UKID55 WAKK 010000
TTBB  51008 97980 00009 25017 11008 26621 22993 24413 33888
21441 44848 18021 55770 15645 66662 07413 77558 00006 88499
05109 99456 07331 11404 12557 22388 15136 33324 24133 44282
31558 55233 42962 66169 61957 77127 76357 88100 83358 21212
00009 33010 11944 30013 22912 28509 33822 29505 44793 34504
55766 06004 66713 06507 77617 15004 88594 15005 99573 05502
11532 03004 22512 07002 33456 01003 44391 06005 55375 03504
66346 07505 77319 02507 88306 02510 99294 03009 11281 04010
22270 03009 33258 02011 44247 00507 55207 09002 66197 18504
77188 19507 88180 18512 99140 13520 11133 12027 22127 12536
33114 10036 44108 06533 31313 73508 82329 41414 58441=

NNNNN

ULID55 WAKK 010000
TTCC  51002 97980 70863 79162 15504 50060 69181 25509
30370 61183 09012 20624 55185 06035 88926 86357 06523
77113 09574 77118 09569 31313 73508 82329=

NNNNN

UEID55 WAKK 010000
TTDD  5100/ 97980 11926 86357 22889 82162 33799 83359 44711
80361 55627 70972 66539 73780 77501 69581 88445 65982 99401
67782 11371 67182 22351 63183 33308 62983 44284 59384 55269
60983 66212 57784 77195 53185 88150 48787 99111 46987 21212
11972 05532 22872 06526 33826 04011 44783 19508 55742 13005
66668 17502 77634 16005 88603 27517 99573 25012 11544 30005
22492 23008 33468 17513 44445 27508 55424 20010 66403 11512
77383 12509 88365 10524 99315 07518 11300 09012 22286 04505
33273 12513 44215 08525 55205 06032 66186 06024 77170 08040
88155 07553 99123 09061 11118 09569 22113 09574 31313 73508
82329=

NNNNN

UPID55 WAKK 010000
PPAA  51008 97980 55385 28508 08008 05503 55340 05005
02510 01508 55320 18502 15517 06031 77999=

NNNNN

UGID55 WAKK 010000
PPBB  51008 97980 90/23 33010 30013 28509 90678 29505 34504
06004 91045 06507 15004 15005 91689 05502 03004 07002 92267
01003 06005 03504 929// 07505 93123 02507 02510 03009 93456
04010 03009 02011 937// 00507 94123 09002 18504 19507 9449/
18512 13520 95013 12027 12536 10036 954// 06533=

NNNNN

UHID55 WAKK 010000
PPCC  51008 97980 55370 15504 25509 09012 55120 06035
62997 09574 72969 09569=

NNNNN

UQID55 WAKK 010000
PPDD  51008 97980 95689 05532 06526 04011 96013 19508 13005
17502 96456 16005 27517 25012 9679/ 30005 23008 97012 17513
27508 20010 97345 11512 12509 10524 9789/ 07518 09012 98016
04505 12513 08525 9879/ 06032 06024 99138 08040 07553 09061
999// 09569 100// 09574=

NNNNN
