USID54 WAPS 040000
TTAA  54001 97900 99006 28227 12006 00082 28843 14002
92770 23027 10513 85503 19036 11509 70154 11056 06506
50589 03350 10013 40762 14158 01015 30974 29359 07012
25101 40536 12018 20249 51965 12026 15429 67560 08537
10663 82757 05525 88999 77999 31313 73508 82330=

NNNNN

UKID54 WAPS 040000
TTBB  54008 97900 00006 28227 11005 29039 22950 24412 33909
22448 44862 19424 55779 15858 66763 14236 77730 13258 88686
10457 99670 08836 11548 00056 22530 01558 33522 01959 44514
02738 55485 04556 66452 08738 77401 14157 88380 17744 99344
22358 11323 26156 22320 25962 33287 32356 44252 40137 55246
41157 66239 42757 77234 44161 88219 47958 99201 51964 11182
56769 22130 73959 33100 82757 21212 00006 12006 11943 08509
22850 11509 33821 09510 44793 06507 55766 08505 66739 04003
77663 07509 88640 08512 99573 09016 11493 09512 22475 06509
33440 02009 44407 02511 55376 36016 66319 03012 77306 06512
88281 07512 99269 08009 11258 11515 22197 12529 33188 11033
44155 08540 55147 09033 66140 08027 77133 06531 88102 06530
31313 73508 82330 41414 42422=

NNNNN

ULID54 WAPS 040000
TTCC  54001 97900 70865 75362 10018 50064 68976 28028
30376 62383 13013 20630 53585 06024 10079 44988 09576
88972 83756 06019 77098 09574 31313 73508 82330=

NNNNN

UEID54 WAPS 040000
TTDD  5400/ 97900 11972 83756 22895 83956 33870 80160 44826
82157 55779 81358 66741 75763 77674 75363 88608 69769 99488
68777 11458 65781 22427 67782 33382 63183 44340 60784 55303
62183 66234 61383 77201 53785 88178 50986 99161 53185 11128
52985 22115 51986 33094 42788 21212 11970 06519 22920 12022
33826 08516 44636 13023 55575 07018 66547 02018 77520 30022
88448 21510 99426 22003 11406 05009 22386 36005 33368 15001
44350 19512 55318 11026 66303 13014 77289 08013 88275 10526
99238 05520 11216 09014 22197 06019 33188 02020 44171 06516
55163 09512 66142 08521 77136 10032 88113 10058 99098 09574
31313 73508 82330=

NNNNN

UPID54 WAPS 040000
PPAA  54008 97900 55385 11509 06506 10013 55340 01015
07012 12018 55320 12026 08537 05525 77999=

NNNNN

UGID54 WAPS 040000
PPBB  54008 97900 90/25 12006 08509 11509 90678 09510 06507
08505 909// 04003 91236 07509 08512 09016 92013 09512 06509
02009 9257/ 02511 36016 93124 03012 06512 07512 9356/ 08009
11515 94237 12529 11033 08540 9489/ 09033 08027 9505/ 06531
06530=

NNNNN

UHID54 WAPS 040000
PPCC  54008 97900 55370 10018 28028 13013 55220 06024
09576 63093 09574=

NNNNN

UQID54 WAPS 040000
PPDD  54008 97900 95679 06519 12022 08516 96467 13023 07018
02018 968// 30022 97123 21510 22003 05009 97456 36005 15001
19512 9789/ 11026 13014 98014 08013 10526 05520 98689 09014
06019 02020 99125 06516 09512 08521 996// 10032 1003/ 10058
09574=

NNNNN
