USID55 WAKK 060000
TTAA  56001 97980 99012 27429 31008 00115 26833 28002
92801 22232 15502 85533 17815 13009 70175 10443 10012
50590 03960 08517 40763 14561 07515 30976 28744 08021
25103 38342 11033 20253 51736 12036 15433 67957 11044
10664 84946 10060 88101 84742 10062 77999 31313 73508
82329=

NNNNN

UKID55 WAKK 060000
TTBB  56008 97980 00012 27429 11973 24219 22823 16214 33779
15629 44552 00057 55507 03759 66495 04360 77482 05750 88458
07957 99434 10742 11412 13543 22409 13757 33400 14561 44366
18963 55357 20157 66355 19965 77343 21764 88327 24750 99288
30537 11198 52534 22178 58157 33157 65558 44121 79750 55101
84742 66100 84946 21212 00012 31008 11979 31505 22946 18002
33883 13007 44795 11512 55665 07514 66440 08518 77294 08523
88248 11033 99164 12540 11134 11045 22121 10551 31313 73508
82329 41414 48441=

NNNNN

ULID55 WAKK 060000
TTCC  56002 97980 70865 76361 12514 50064 70562 30507
30374 64168 08510 20628 54185 09041 88999 77999 31313
73508 82329=

NNNNN

UEID55 WAKK 060000
TTDD  5600/ 97980 11976 81757 22910 82556 33851 78959 44787
80956 55713 78159 66687 74362 77645 74761 88598 70365 99504
70362 11470 66165 22367 65563 33346 62966 44324 64964 55252
60574 66204 55985 77195 51186 88171 48587 99144 50586 21212
11972 09555 22828 04507 33785 19003 44745 20012 55706 14017
66637 08007 77606 34509 88576 30511 99547 31013 11520 28516
22495 29504 33471 08507 44448 03009 55426 31004 66406 29013
77386 21511 88368 33008 99350 30517 11333 26009 22317 25011
33302 07506 44288 14010 55249 14526 66237 12025 77216 09038
88196 08038 99156 10048 11149 09055 31313 73508 82329=

NNNNN

UPID55 WAKK 060000
PPAA  56008 97980 55385 13009 10012 08517 55340 07515
08021 11033 55320 12036 11044 10060 77999=

NNNNN

UGID55 WAKK 060000
PPBB  56008 97980 90/12 31008 31505 18002 9047/ 13007 11512
912// 07514 923// 08518 9337/ 08523 11033 946// 12540 9502/
11045 10551=

NNNNN

UHID55 WAKK 060000
PPCC  56008 97980 55370 12514 30507 08510 55120 09041
77999=

NNNNN

UQID55 WAKK 060000
PPDD  56008 97980 9569/ 09555 04507 96012 19003 20012 14017
96456 08007 34509 30511 96789 31013 28516 29504 97012 08507
03009 31004 97345 29013 21511 33008 97678 30517 26009 25011
979// 07506 98034 14010 14526 12025 9868/ 09038 08038 9934/
10048 09055=

NNNNN
