USID55 WAKK 120000
TTAA  62001 97980 99012 29648 00000 00108 27847 35002
92799 23032 24503 85534 19656 12004 70183 10856 11004
50591 04734 12510 40764 13959 13009 30976 29164 11512
25103 39158 13513 20252 51963 16015 15431 68340 14021
10663 79358 07524 88108 82745 12540 77999 31313 73508
82329=

NNNNN

UKID55 WAKK 120000
TTBB  62008 97980 00012 29648 11972 25426 22694 10656 33617
04027 44544 00050 55479 07121 66471 07345 77447 10115 88433
11517 99420 11557 11372 16963 22316 26360 33307 27966 44283
32761 55280 33362 66278 33560 77277 33757 88270 35150 99244
40558 11236 42564 22219 46958 33202 51562 44141 71732 55108
82745 66100 79358 21212 00012 00000 11979 27504 22946 16502
33915 24006 44883 20503 55853 10503 66824 08505 77796 10003
88768 02503 99741 09502 11666 10007 22619 09508 33575 13004
44533 15507 55514 12509 66476 16005 77441 15007 88424 19510
99407 12511 11392 14507 22376 11512 33361 13013 44320 10012
55217 14012 66189 15517 77141 13525 88134 14526 99127 14029
11108 12540 22102 09030 31313 73508 82329 41414 21441=

NNNNN

ULID55 WAKK 120000
TTCC  62002 97980 70866 73764 34010 50066 69573 27009
30376 57584 11502 20630 54785 09032 88999 77999 31313
73508 82329=

NNNNN

UEID55 WAKK 120000
TTDD  6200/ 97980 11958 81156 22753 80559 33680 69767 44650
68169 55525 72171 66477 68174 77440 68975 88358 65982 99347
65382 11340 61783 22294 56785 33240 60184 44210 59784 55198
54185 66169 48187 77158 50986 88143 51586 99111 45787 21212
11972 06023 22874 13526 33829 12027 44786 08019 55745 11002
66707 35508 77672 27516 88608 26520 99578 23515 11522 26513
22497 28009 33449 26514 44427 20012 55406 17508 66386 00001
77368 00001 88350 25011 99333 13012 11318 09510 22303 11502
33289 06003 44275 10009 55263 11516 66227 12518 77207 09528
88188 08050 99164 07551 11157 07046 22149 08041 33143 08549
44114 08058 31313 73508 82329=

NNNNN

UPID55 WAKK 120000
PPAA  62008 97980 55385 12004 11004 12510 55340 13009
11512 13513 55320 16015 14021 07524 77999=

NNNNN

UGID55 WAKK 120000
PPBB  62008 97980 90/12 00000 27504 16502 90345 24006 20503
10503 90678 08505 10003 02503 909// 09502 91246 10007 09508
13004 9189/ 15507 12509 92134 16005 15007 19510 92567 12511
14507 11512 928// 13013 931// 10012 94039 14012 15517 13525
95014 14526 14029 12540 955// 09030=

NNNNN

UHID55 WAKK 120000
PPCC  62008 97980 55370 34010 27009 11502 55120 09032
77999=

NNNNN

UQID55 WAKK 120000
PPDD  62008 97980 95689 06023 13526 12027 96012 08019 11002
35508 96356 27516 26520 23515 9689/ 26513 28009 97123 26514
20012 17508 97456 00001 00001 25011 97789 13012 09510 11502
98012 06003 10009 11516 98579 12518 09528 08050 99234 07551
07046 08041 995// 08549 100// 08058=

NNNNN
