USID54 WAPS 050000
TTAA  55001 97900 99007 27618 00000 00087 27627 35502
92779 22625 10509 85513 19456 09010 70158 10043 10010
50589 03358 04510 40763 14757 13511 30974 28770 06513
25102 38363 05519 20251 51563 05529 15431 67159 08519
10664 82958 08508 88999 77999 31313 73508 82330=

NNNNN

UKID54 WAPS 050000
TTBB  55008 97900 00007 27618 11913 22020 22846 19658 33834
18644 44800 16658 55779 14429 66731 12256 77721 11228 88545
00050 99522 02156 11512 02559 22437 09760 33384 17756 44345
22168 55299 28571 66267 35568 77237 41757 88223 45157 99216
46942 11209 48930 22202 50959 33200 51563 44178 58342 55166
62358 66117 78959 77100 82958 21212 00007 00000 11977 11508
22912 11010 33881 10512 44822 09510 55794 10009 66739 10508
77713 08509 88640 13508 99617 18502 11595 35504 22552 34006
33532 02508 44494 04508 55475 09009 66423 11009 77407 12011
88376 13509 99361 15011 11346 16011 22333 09509 33306 08011
44281 06517 55226 05528 66207 05030 77197 05528 88180 04525
99141 09024 11134 09030 22120 10029 33114 10030 44103 09014
31313 73508 82330 41414 52401=

NNNNN

ULID54 WAPS 050000
TTCC  55001 97900 70867 72165 33009 50066 73569 18520
30378 61583 12506 20629 57584 10520 10079 43988 10068
88904 86157 13025 77094 09075 77103 09573 31313 73508
82330=

NNNNN

UEID54 WAPS 050000
TTDD  5500/ 97900 11904 86157 22844 83957 33764 72164 44651
72767 55610 69971 66553 72769 77502 73369 88486 73170 99474
67974 11442 63978 22313 61383 33259 63183 44218 60783 55198
56785 66139 53385 77103 44788 88091 43588 21212 11973 11007
22921 13521 33873 12533 44784 08015 55746 01013 66709 34013
77673 13502 88640 09003 99608 24512 11578 23514 22549 26521
33472 12019 44449 09009 55427 02013 66407 01505 77387 15014
88369 11515 99351 13004 11335 33007 22319 29016 33304 11503
44290 19509 55276 10010 66263 12017 77250 10516 88238 13013
99227 12009 11216 08014 22197 10525 33188 11535 44179 08032
55171 09526 66163 08024 77156 10534 88148 09041 99142 08056
11135 08552 22129 08038 33118 08561 44108 09062 55103 09573
66094 09075 31313 73508 82330=

NNNNN

UPID54 WAPS 050000
PPAA  55008 97900 55385 09010 10010 04510 55340 13511
06513 05519 55320 05529 08519 08508 77999=

NNNNN

UGID54 WAPS 050000
PPBB  55008 97900 90/13 00000 11508 11010 90467 10512 09510
10009 909// 10508 91034 08509 13508 18502 91578 35504 34006
02508 92014 04508 09009 11009 92578 12011 13509 15011 929//
16011 93024 09509 08011 06517 939// 05528 94124 05030 05528
04525 949// 09024 95023 09030 10029 10030 955// 09014=

NNNNN

UHID54 WAPS 050000
PPCC  55008 97900 55370 33009 18520 12506 55220 10520
10068 63121 09075 73060 09573=

NNNNN

UQID54 WAPS 050000
PPDD  55008 97900 95678 11007 13521 12533 96012 08015 01013
34013 96345 13502 09003 24512 9667/ 23514 26521 97012 12019
09009 02013 97345 01505 15014 11515 97678 13004 33007 29016
979// 11503 98012 19509 10010 12017 98345 10516 13013 12009
98689 08014 10525 11535 99012 08032 09526 08024 99345 10534
09041 08056 99679 08552 08038 08561 10124 09062 09573 09075=

NNNNN
