USID55 WAKK 260000
TTAA  76001 97980 99007 27627 31004 00067 27228 00503
92753 22629 28012 85488 18823 30014 70141 12458 33012
50589 03936 07511 40762 13558 07511 30974 27962 06508
25103 38556 13013 20252 51336 08013 15432 67158 13523
10666 82757 10030 88999 77999 31313 73508 82329=

NNNNN

UKID55 WAKK 260000
TTBB  76008 97980 00007 27627 11960 24007 22844 18420 33831
18847 44774 15229 55719 13858 66650 09659 77543 00039 88468
06356 99444 09131 11428 10556 22410 12929 33396 13964 44371
15960 55326 23756 66305 26962 77274 33357 88262 35760 99250
38556 11198 51937 22184 55956 33135 72556 44118 78756 55113
79158 66100 82757 21212 00007 31004 11941 27013 22878 27510
33792 32512 44662 34011 55639 00510 66594 03011 77573 01005
88552 06510 99457 06015 11439 05012 22423 07013 33406 06010
44391 09009 55375 09013 66361 10007 77346 12502 88333 06002
99319 10005 11306 08008 22294 07511 33247 13513 44226 10012
55207 07514 66156 12519 77134 14028 88121 12537 99103 08535
31313 73508 82329 41414 41431=

NNNNN

ULID55 WAKK 260000
TTCC  76002 97980 70864 77358 10518 50063 69365 14009
30372 63583 12015 20626 56385 09525 88921 85756 14035
66107 08075 77112 08572 31313 73508 82329=

NNNNN

UEID55 WAKK 260000
TTDD  7600/ 97980 11921 85756 22796 85350 33757 82756 44735
76361 55698 77558 66682 77758 77654 71964 88606 74561 99594
75161 11583 70965 22451 68566 33419 64771 44391 67369 55328
65580 66283 62783 77267 58984 88211 57784 99129 51986 11107
47187 21212 11975 12029 22923 14034 33874 12036 44828 09518
55784 03511 66743 04011 77705 10019 88669 04512 99637 31010
11574 22014 22546 23518 33494 11007 44470 03513 55447 06004
66425 05504 77405 07511 88366 06503 99349 08510 11301 11513
22273 06028 33248 07534 44225 08018 55205 10523 66186 09536
77170 10543 88155 10052 99141 08060 11123 09067 22112 08572
33107 08075 31313 73508 82329=

NNNNN

UPID55 WAKK 260000
PPAA  76008 97980 55385 30014 33012 07511 55340 07511
06508 13013 55320 08013 13523 10030 77999=

NNNNN

UGID55 WAKK 260000
PPBB  76008 97980 90/24 31004 27013 27510 907// 32512 91235
34011 00510 03011 9167/ 01005 06510 92234 06015 05012 07013
92567 06010 09009 09013 9289/ 10007 12502 93012 06002 10005
08008 93379 07511 13513 10012 9417/ 07514 12519 95025 14028
12537 08535=

NNNNN

UHID55 WAKK 260000
PPCC  76008 97980 55370 10518 14009 12015 55120 09525
63031 08075 73000 08572=

NNNNN

UQID55 WAKK 260000
PPDD  76008 97980 95678 12029 14034 12036 959// 09518 96012
03511 04011 10019 96346 04512 31010 22014 9679/ 23518 11007
97012 03513 06004 05504 97356 07511 06503 08510 979// 11513
98135 06028 07534 08018 9879/ 10523 09536 99135 10543 10052
08060 998// 09067 1001/ 08572 08075=

NNNNN
