UKID51 WION 110000
TTBB 61008 96147 00008 24007 11000 25807 22978 25028 33947
24050 44913 22450 55795 16041 66752 14056 77689 10650 88618
04831 99590 02843 11507 05302 22493 05516 33477 06766 44464
08536 55428 11756 66407 13367 77392 15745 88300 29959 99266
37130 11237 43357 22200 53345 33186 56957 44171 61539 55157
66543 66142 69156 77134 71145 88104 82950 99100 82949 21212
00008 30001 11699 36007 22505 12511 33415 09019 44162 11036
55149 09542 66118 09012 77100 10526 31313 46308 82331 41414
15511=
