UKID51 WION 280000
TTBB 78008 96147 00007 25005 11976 23808 22949 22006 33932
23657 44912 22856 55892 21835 66877 22264 77858 20657 88844
20667 99798 18272 11793 17660 22775 16658 33700 11250 44617
04448 55611 04045 66553 01662 77428 10759 88400 14757 99359
21358 11345 22561 22339 23160 33308 29141 44250 40928 55200
52758 66184 57541 77171 60561 88150 66162 99143 69160 11124
74763 22108 75760 33100 79164 21212 00007 23002 11901 25012
22657 29009 33552 13509 44389 05005 55276 11024 66156 11068
77124 09055 88100 16009 31313 46308 82345 41414 21611=
