UKID81 WITT 310000
TTBB 81008 96011 00008 24810 11992 25216 22976 24214 33958
22804 44935 23026 55912 21209 66793 14808 77767 12602 88713
11257 99682 08642 11666 08463 22624 05007 33616 04419 44574
00613 55560 01058 66513 04157 77500 05937 88481 07719 99428
11957 11400 14756 22329 24356 33274 34130 44237 42358 55225
45556 66213 48762 77136 73356 88113 80556 99100 83550 21212
00008 15001 11957 30008 22851 05511 33496 12022 44450 09527
55359 12525 66330 09522 77220 14024 88107 08553 99100 08548
31313 46308 82342 41414 35421=
