UKID52 WIIL 140000
TTBB 64008 96805 00011 25203 11978 24209 22913 20400 33902
19400 44871 19608 55794 14400 66787 13404 77776 14810 88728
13031 99623 04000 11618 04601 22586 02001 33531 02131 44493
04325 55437 10907 66400 14533 77381 16958 88355 21124 99342
22161 11326 24362 22300 28556 33288 30957 44282 31757 55258
37357 66250 39157 77235 43126 88222 46150 99200 52539 11166
62756 22129 75746 33116 79340 44103 75350 55100 76350 21212
00011 13003 11923 23007 22586 31007 33505 06009 44390 02509
55221 11015 66127 06043 77101 00000 88100 29002 31313 46308
82333 41414 84521=
