UKID52 WIIL 100000
TTBB 60008 96805 00010 26003 11977 25209 22913 21400 33850
17803 44809 16816 55794 15612 66758 12600 77733 12858 88722
11610 99617 04609 11528 02715 22515 03756 33487 06916 44475
07717 55460 08556 66423 11738 77394 16101 88381 17560 99357
20323 11267 36156 22257 38556 33222 47123 44200 53136 55191
55712 66167 62358 77136 73141 88100 82350 21212 00010 18001
11841 09009 22425 12517 33321 05014 44225 10506 55164 09015
66153 06525 77133 07037 88124 05023 99110 09504 11100 07020
31313 46308 82331 41414 84821=
